472.1902687609547
461.87711611653606
461.87711611653606
438.90320277132196
427.62769540576005
399.0002918670719
399.0002918670719
399.0002918670719
399.0002918670719
397.04865854053816
384.5208143087644
367.2539678158045
356.0550431799848
353.76438470081223
353.76438470081223
353.76438470081223
351.93756041804363
347.42645448778126
347.42645448778126
344.2936817346125
337.0928158094965
337.0928158094965
331.1224594675253
298.7610242064864
298.7610242064864
280.56469611797087
273.6154844643268
273.6154844643268
273.6154844643268
273.6154844643268
271.10021730993697
271.10021730993697
258.5910711784155
248.20483024641095
247.4194861656035
239.1455261704324
234.20456176467323
231.74962150895036
231.74962150895036
227.6450398492181
219.0199982005298
219.0199982005298
213.84006175473968
213.84006175473968
207.00858852158603
207.00858852158603
204.59790525036885
204.59790525036885
200.1489763841198
185.38278303659524
185.38278303659524
185.38278303659524
161.02715897015722
161.02715897015722
161.02715897015722
161.02715897015722
161.02715897015722
154.82775209960724
152.83457542019485
151.08576036229
151.00066261794728
151.00066261794728
151.00066261794728
151.00066261794728
146.13915833040977
146.13915833040977
139.19661059404896
138.64345847239827
136.07017651874426
136.07017651874426
136.07017651874426
131.54528393707636
131.54528393707636
128.63474237632795
124.02379802772899
114.73760082694321
114.73760082694321
114.73760082694321
112.97686487547531
112.97686487547531
112.97686487547531
112.97686487547531
107.76063415596829
107.76063415596829
96.02192177212243
96.02192177212243
95.07917564101763
95.07917564101763
95.01384145585001
91.22639079511748
91.22639079511748
91.22639079511748
89.8499800402297
89.8499800402297
89.8499800402297
88.88101632267595
76.15581711098852
76.15581711098852
76.15581711098852
76.15581711098852
71.07045706976493
71.07045706976493
71.07045706976493
71.07045706976493
71.07045706976493
71.07045706976493
71.07045706976493
71.07045706976493
71.07045706976493
71.07045706976493
71.06352188306022
71.06352188306022
71.06352188306022
71.05450430671613
71.05450430671613
71.05450430671613
71.05450430671613
71.05450430671613
68.43202242826283
68.43202242826283
66.68827142329312
66.68827142329312
65.92429208867998
65.92429208867998
63.83824587823693
63.83824587823693
63.58758901678482
63.32378596498887
63.32378596498887
63.32378596498887
63.26013191428578
63.101026664344516
63.101026664344516
60.36940407912127
60.36940407912127
60.18179703221469
58.7136787468107
58.7136787468107
58.7136787468107
58.7136787468107
58.7136787468107
58.7136787468107
58.7136787468107
58.7136787468107
58.7136787468107
58.7136787468107
56.33570099181571
56.33570099181571
56.33570099181571
56.33570099181571
56.33570099181571
56.33570099181571
56.33570099181571
56.33570099181571
56.33570099181571
56.189326701101265
56.189326701101265
56.189326701101265
56.189326701101265
50.997595211352916
50.997595211352916
50.69892936713609
50.02590256932561
50.02590256932561
50.02590256932561
50.02590256932561
50.02590256932561
48.2380434072567
48.2380434072567
46.47034804622527
46.38265212924259
46.38265212924259
45.84379171756942
45.84379171756942
45.84379171756942
42.390941244133785
42.390941244133785
42.390941244133785
42.390941244133785
42.390941244133785
42.390941244133785
42.02775618621911
41.70922810045181
41.70922810045181
41.70922810045181
41.70922810045181
41.70922810045181
41.13363508148018
41.13363508148018
40.856669423972164
40.856669423972164
39.98593569806758
39.98593569806758
39.92546341767269
39.92546341767269
39.51613803608075
39.51613803608075
39.51613803608075
39.51613803608075
39.198522778383335
38.30680163009117
38.30680163009117
38.30680163009117
38.30680163009117
38.30680163009117
38.30680163009117
38.30487388534624
38.30487388534624
38.30487388534624
38.30487388534624
38.30487388534624
38.30487388534624
38.12687204359031
37.31210472046956
37.31078191712106
37.206788642222705
37.206788642222705
37.206788642222705
37.206788642222705
37.206788642222705
37.206788642222705
37.206788642222705
37.206788642222705
37.206788642222705
37.048884502044245
37.048884502044245
37.048884502044245
37.048884502044245
36.33123943623889
36.33123943623889
36.33123943623889
36.33123943623889
36.33123943623889
30.664947207298496
30.664947207298496
30.66143643537822
29.909622547818117
29.909622547818117
29.909622547818117
29.909622547818117
29.909622547818117
29.909622547818117
29.909622547818117
29.386435781692057
29.37962973698751
29.09222283417097
29.09222283417097
29.09222283417097
29.09222283417097
29.09222283417097
29.0353583838787
29.0353583838787
29.0353583838787
29.0353583838787
29.0353583838787
27.795208650613404
27.795208650613404
27.726483696821276
27.72642629346757
27.690683591697336
27.690683591697336
27.68090303966744
25.222794857370957
25.222794857370957
25.222794857370957
25.2108659812331
25.2108659812331
25.2108659812331
25.2108659812331
25.2108659812331
25.2108659812331
25.2108659812331
25.2108659812331
25.2108659812331
25.2108659812331
25.2108659812331
22.972170679350484
22.972170679350484
22.48457065179349
22.48457065179349
22.48457065179349
22.48457065179349
22.48457065179349
22.33762109616174
22.33762109616174
22.33762109616174
22.33762109616174
22.3106265512464
22.3106265512464
22.3106265512464
22.3106265512464
22.3106265512464
22.180361771400953
22.149872344196467
21.58734746261308
21.58734746261308
21.58734746261308
21.58734746261308
21.58734746261308
21.58734746261308
21.58734746261308
20.978108217131307
20.978108217131307
20.978108217131307
20.332191675147556
20.332191675147556
20.096635863376434
20.096635863376434
20.096635863376434
19.809862897279572
19.809862897279572
19.809637851399543
19.809637851399543
19.809637851399543
19.809637851399543
19.809637851399543
19.809637851399543
19.809637851399543
19.809637851399543
19.809637851399543
19.809637851399543
19.5472654089034
19.5472654089034
19.5472654089034
19.5472654089034
19.54715560751879
19.54715560751879
19.18701753641244
19.18701753641244
19.18701753641244
19.186136215987858
19.186136215987858
19.186136215987858
19.185068257728233
19.181655198019428
19.181655198019428
19.181655198019428
19.181655198019428
19.181655198019428
19.181655198019428
18.99166682599514
18.99166682599514
18.6118603378128
18.6118603378128
18.61087000911948
18.61087000911948
18.287113401674844
18.01566208680532
18.01566208680532
18.013181851569527
18.013181851569527
17.782605810726977
17.416377297314284
17.416377297314284
16.581530351919184
16.581530351919184
16.58148173554838
16.24763737171014
15.450744621039405
15.44791715633346
15.447913840465333
15.270634364703028
15.270634364703028
15.270634364703028
15.270634364703028
15.27048329629963
15.258272694383777
15.250308519773057
15.250308519773057
15.250308519773057
15.250306285895931
15.250306285895931
15.250306285895931
15.250306285895931
15.018953962240346
15.018953962240346
14.617369739453238
14.617328149406546
14.264153887990403
14.1705936739923
14.1705936739923
14.170510236546363
14.170482725162572
14.170482725162572
14.170482725162572
14.170482725162572
10.397394182979554
10.011442981553955
10.011442981553955
10.011442981553955
10.011442981553955
9.997297529016123
9.997297529016123
9.997297529016123
9.997006968752828
9.997006968752828
9.898367733448481
9.898367733448481
9.898367733448481
9.898367733448481
9.898367733448481
9.896671294871055
9.896671294871055
9.896671294871055
9.737141847617465
9.737141847617465
9.574395985378885
9.442753708959629
9.442753708959629
9.442753708959629
9.433246651080424
9.410435374781457
9.410435374781457
9.410435374781457
9.410435374781457
9.410435374781457
9.408729098779702
9.408729098779702
9.408729098779702
9.40481862416624
9.40481862416624
9.40481862416624
9.162629302457901
9.162629302457901
9.162549323942187
9.161978697445761
8.267339229676736
8.267338450097782
8.25729179397797
8.25729179397797
8.238213175480496
8.238213175480496
8.172591873433248
8.065488259571453
8.01926587789319
8.01926587789319
8.012322483567345
8.012322483567345
8.012322483567345
8.011923950246114
8.006933143695619
8.006933143695619
8.006932674536188
8.006932674536188
8.006932674536188
7.99196701967594
7.991967012406462
7.991967012406462
7.991967012406462
7.972246753722061
7.972246753722061
7.972246753722061
7.972246753722061
7.972060004679008
7.972060004679008
7.972060004679008
7.967788256394954
7.71402335634798
7.710479008501352
6.868219848988133
6.868219848988133
6.868219848988133
6.868219848988133
6.808880815578391
6.808880815578391
6.808880815578391
6.808880815578391
6.808880815578391
6.808880815578391
6.808880815578391
6.808880815578391
6.779661313732902
6.73228402176062
6.365003828805186
6.365003828805186
5.643622927285776
5.643622927285776
5.643622927285776
5.348364653907993
5.325214880524413
5.325214880524413
5.325214880524413
5.325202581555629
5.325202581555629
5.325202581555629
5.312789634286446
5.259397708000904
5.259397708000904
5.259397708000904
5.259397708000904
5.259397708000904
5.259397708000904
5.2593395109331595
5.2593395109331595
5.2593395109331595
5.259339473453906
5.258743619663051
5.258513574451285
5.2585119198293455
5.258414200741754
5.235636072715863
5.215578337957936
5.215578337957936
5.207034136018592
5.207034136018592
5.207034136018592
5.200906918851615
5.200906918851615
5.200906918851615
5.199082399361828
4.207336681596303
4.207336681596303
4.207336681596303
4.159024001905493
4.159022528126059
4.159022528126059
4.141456543017739
4.1405234396386845
4.1405234396386845
4.1405234396386845
4.1405234396386845
4.1405234396386845
4.140126127619737
4.140126127619737
4.140061064062024
3.26274840273652
3.26274840273652
3.247683980480474
3.247683980480474
3.247300377651186
3.247300377651186
3.2469073472811374
2.2713609211793937
2.271208341517479
2.271180832757068
2.2708986398166644
2.2708986398166644
2.270814269307607
2.270814269307607
2.270813062353909
2.2702157671081977
2.2702157671081977
2.2702157671081977
2.269749880422637
2.2687333312815667
2.2687333312815667
2.2687333312815667
2.268731980161249
2.268441379305443
2.268441379305443
2.267976391776756
2.267976391776756
2.24657722130371
2.245675477412817
2.245675477412817
2.245675477412817
2.2042251320395962
2.2042251320395962
2.204181630834455
2.204181630834455
2.2034991499336343
2.2034991499336343
2.2003063521048603
2.2003063521048603
2.2003063521048603
2.200093624905719
2.2000936095280963
2.199997881802176
2.199995036767234
2.199995036767234
2.199995036767234
2.199995036767234
2.198746387024187
2.1985305166084004
2.198513018542883
2.198513018542883
2.198512986995297
2.198512986995297
2.198512986995297
2.1591351606911076
2.1591351606911076
2.1591351606911076
2.159134819770202
2.158749206748155
2.157395751538729
2.1573957249801197
2.1573956583648055
2.1573931507961674
2.1573931507961674
2.1573931507961674
2.1573931507961674
2.1573893326864777
2.1573879311511064
2.1573879311511064
2.1573879311511064
2.157387924050056
2.15738792048586
2.1573849171440997
2.1573849171440997
2.1573849171440997
2.157384876124638
2.157384876124638
2.157383428321225
2.157142835427578
2.157142835427578
2.157142835427578
2.157142807494097
2.1104730597664343
2.1104730597664343
2.1104730597664343
2.1104730597664343
2.1104730597664343
2.1103624286617446
2.1103624286617446
2.1103540504685725
2.108602149677779
2.1085377955159856
2.1082466636069626
2.10824663376701
2.10824663376701
2.108246422699324
2.108246422699324
2.108246422699324
2.108246422699324
2.1080435121481287
2.1080317473617924
2.1080316128339973
2.1080316128339973
2.1080316128339973
2.1080316128339973
2.1080314942865925
2.1080314942865925
2.1080314942865925
2.1080314942865925
2.1080314942865925
2.1080314942865925
2.108030350619231
2.0082393917958825
2.0082393917958825
2.0082393917958825
2.008232063967341
2.008230301885135
2.0082302489933
2.0082302489933
2.0082302489933
2.0082302489933
2.0082302142392905
2.0082302142392905
2.0082302142392905
2.0082301471334176
2.0081929535756444
2.0081929535756444
2.0081174091652656
2.0081174091652656
2.0081174091652656
2.008117409023953
2.0081174073872035
2.008117385562855
2.008117385562855
2.008117385562855
2.008117376810901
2.008117373974983
2.008117373974983
2.008117373974983
2.008117345952485
2.008117345952485
2.008117345952485
2.008117345952485
2.008117345952485
2.008117345952485
2.008117345952485
2.008117345952485
2.0081154298866295
2.008115429321151
2.008115429321151
2.008100922621452
2.008100788782258
2.0081006795402914
2.0081006793591314
2.0081006793591314
2.008100678372955
2.00808089607915
2.00808089607915
2.008064436868665
2.008064436868665
2.0080621149384115
2.0080621149384115
2.0080621149384115
2.0080618825383
2.0080618825383
2.0080618825383
2.0080618825383
2.0080618825383
2.00806181299032
2.0080596795426118
2.00805857657906
2.00805857657906
2.00805857657906
2.0080585750865225
2.008058574500126
2.0080585587539304
2.008058554039053
2.0080585540075617
2.008057816983296
2.008057038753577
2.0080570377718345
2.0080570377718345
2.0080570377718345
2.0080570377718345
2.0080570377718345
2.0080570377718345
1.9940402042847722
1.9940402042847722
1.9940402042847722
1.9940402042847722
1.9940402042847722
1.9940402042847722
1.9940402042847722
1.9940402042847722
1.9940399883450937
1.9940399883450937
1.9940324613093026
1.9931229956683296
1.9931229956683296
1.9931227124914699
1.9931227124914699
1.9931227124914699
1.993121344549877
1.993121344549877
1.993121344549877
1.993121344549877
1.993121339929644
1.993121339929644
1.993121339929644
1.9931202517006454
1.9931202517006454
1.9931202077003718
1.9931202077003718
1.9931202077003718
1.9931202077003718
1.9931069675782283
1.9931023366086151
1.9931022226738833
1.9931022226738833
1.9931022226738833
1.9931016350897721
1.9931016350897721
1.9931013368214963
1.9931011460157606
1.9931011418656794
1.9931007811665609
1.9931007811665609
1.9931006446842048
1.9931006446842048
1.9927891002198521
1.9927891002198521
1.9927891002198521
1.9927842740953565
1.9927842740953565
1.9927839261944769
1.9927825105721126
1.9927825105721126
1.9927825105721126
1.9927804634602921
1.9927632730240816
1.9927632730240816
1.9927632730240816
1.9927371091362147
1.9927371091362147
1.9927371091362147
1.9927371091362147
1.9927371091362147
1.9927371091362147
1.9927371091362147
1.9927371091362147
1.9927371091362147
1.9927370999704976
1.9927370999704976
1.992734010130846
1.992734010130846
1.992734010130846
1.992734010130846
1.992734010130846
1.992734010130846
1.992734010130846
1.992734010130846
1.9927030936485721
1.992701936275239
1.992701936275239
1.992701936275239
1.992701936275239
1.992701936275239
1.9927018549658442
1.9927018549658442
1.9927018549658442
1.9927018549658442
1.9927018549658442
1.9927018549658442
1.9927018549658442
1.992701852527091
1.9927018491419517
1.9927018491419517
1.9927018491419517
1.9927018491419517
1.147933989572266
1.1479339663080736
1.1479339589080837
1.1479339589080837
1.147932502687354
1.1479325026824085
1.1479325026824085
1.14793228025502
1.1479321609486988
1.1479321395708553
1.1479321395708553
1.1479321395708553
1.1478758512290597
1.1478758511750584
1.1478758511750584
1.0976527846178783
1.0976527846178783
1.0976527845026567
1.0976527845026567
1.0976527679587775
1.0976527658497162
1.0976527657660995
1.0976527657660995
1.0976527657653037
1.097647126846141
1.0976470365559976
1.0961523809484675
1.0961523809484675
1.0961523809484675
1.0961523545685736
0.17074088324517334
0.11181314290155342
0.11181314269254017
0.09750424567363325
0.09723387504732273
0.09723387504732273
0.09723387504732273
0.09723307288436445
0.09723307288436445
0.09723181544154613
0.09722806647113202
0.09722801423635019
0.09722800694169109
0.09722795633683745
0.09722795633683745
0.09722784941766349
0.09722784941766349
0.09722784941766349
0.09722784941766349
0.09722783161817006
0.09722779575611185
0.07144065074879791
0.07144065074879791
0.060003565834279016
0.060003565834279016
0.06000356308703658
0.06000356308703658
0.06000356308214805
0.06000356293208142
0.06000356293208142
0.03664030563095366
0.03664030563095366
0.03664030541199281
0.033312346749198696
0.03331145492768428
0.033306745053437226
0.03326658372162683
0.03325265321319648
0.033252653211604866
0.03321386532519455
0.033213865282448296
0.03321180105820076
0.03321180105820076
0.03321172562885977
0.01631384746127651
0.01631384746110598
0.016313846513867247
0.016313730889407907
0.016313703913851896
0.016313703913851896
0.0012211841316229766
0.0012209909929197238
0.0012209909929197238
0.0012209909929197238
0.001220818520209832
0.0012208185106032943
0.001220052698499785
0.0012200447444001838
0.0012200447444001838
0.0012200447444001838
0.0012200447444001838
0.0011891045020320234
0.0011871183583593847
0.0011871183583593847
0.00118709113451132
0.0008821361282684848
0.0008821361278705808
0.0008821361278705808
0.0008821097582654147
0.000882109645260698
0.0008821029987871043
0.0008821029987871043
0.0008821029987871043
0.0008821029935006663
0.0008798305669301953
0.0008798305634059034
0.0008798274634500558
0.000879824293576803
0.0008764584408709197
0.0008764584407003895
0.0008764584310370083
0.0008764584310370083
0.0008764584310370083
0.000876458028074012
0.0008764580277329515
0.0008764580277329515
0.0008764580277329515
0.0003845979397283372
0.00038459792864387055
0.00038459792864387055
0.00038459792864387055
0.00038459792864387055
0.0003823358326826565
0.0003823358264298804
0.0003823358264298804
0.00038217448434352264
0.0003821723827286405
0.00038217237920434854
0.0003821638444492237
0.0003819712327413072
0.0003819712327413072
0.0003819712327413072
0.00038197122000838135
0.00038197121995153793
0.00038197003823370324
0.00038197003823370324
0.00038197003823370324
0.0003817438270061757
0.0003817438270061757
0.0003817438270061757
0.0003817438270061757
0.00035064107828475244
0.00022058564445615048
0.00022058564405824654
0.00021686520091179773
0.0002168651670899635
0.00015720686860731803
0.00015653805286319766
0.0001549757854490963
0.0001280585746030738
0.0001160604158485512
0.0001160604158485512
0.0001160604158485512
0.00011606041050526983
0.00011606041050526983
0.00011606041050526983
0.00011606041033473957
0.00011588159577513579
0.00011587947341240579
0.00011584260863628515
0.00011584003800635401
0.00011584003800635401
0.00011583921542523967
0.00011583149387206504
0.00011583149387206504
0.00011583149387206504
0.00011583149387206504
0.0001158303973056718
0.0001158303973056718
0.00011582260702880376
0.00011582198777659869
0.00011582198777659869
4.352996370471374e-05
4.352996370471374e-05
4.301549859064835e-05
4.301549859064835e-05
3.7438563879277353e-05
3.7438563879277353e-05
3.7438563879277353e-05
2.955918444058625e-05
2.955918444058625e-05
2.8310654556662485e-05
2.8310653533480945e-05
2.68626712340847e-05
2.686256954120836e-05
2.686256954120836e-05
2.686256954120836e-05
2.6858826856823725e-05
2.6856863257762598e-05
2.685684916059472e-05
2.685534479951457e-05
2.007050312613501e-05
2.007050312613501e-05
4.372399757812673e-06
4.372399757812673e-06
4.372253613382782e-06
4.372253613382782e-06
4.372244177375251e-06
4.372244177375251e-06
4.372244177375251e-06
4.372244177375251e-06
4.372244120531832e-06
4.372244120531832e-06
4.372161129140295e-06
4.372161129140295e-06
4.372161129140295e-06
4.372161129140295e-06
4.372161129140295e-06
4.372161129140295e-06
3.4742490697681205e-06
3.4742425327749515e-06
3.4742425327749515e-06
3.4742425327749515e-06
3.4736725069706154e-06
3.4735123790596845e-06
3.4735123790596845e-06
3.4735123790596845e-06
3.4735123790596845e-06
3.4735123790596845e-06
3.4724800457297533e-06
3.4723594808383496e-06
3.4723594808383496e-06
3.4723594808383496e-06
3.4723594239949307e-06
3.4723594239949307e-06
3.472260118542181e-06
3.472260118542181e-06
3.472260004855343e-06
3.4722582427093585e-06
3.4722582427093585e-06
3.4625023204171157e-06
3.4624982276909577e-06
3.4624982276909577e-06
3.4624982276909577e-06
3.4624982276909577e-06
3.462498170847539e-06
3.462288248101686e-06
3.462288248101686e-06
3.462288248101686e-06
3.462288248101686e-06
3.4622879638845916e-06
3.459318406839884e-06
3.459318406839884e-06
3.459318406839884e-06
3.459318406839884e-06
3.459318406839884e-06
3.459318406839884e-06
3.459318406839884e-06
3.4592966358104604e-06
3.4592949305078946e-06
3.025680769042083e-06
3.025679802703962e-06
3.025679802703962e-06
3.025679802703962e-06
3.025679802703962e-06
3.0256754826041288e-06
3.0249976248342136e-06
3.0249976248342136e-06
3.0249976248342136e-06
3.0249975679907948e-06
3.024997511147376e-06
3.024997511147376e-06
3.024997511147376e-06
3.024997511147376e-06
3.024997511147376e-06
3.024986369837279e-06
3.0249863129938603e-06
4.740365966426907e-07
4.740365966426907e-07
4.7403580083482666e-07
4.7370411948577384e-07
4.73704062642355e-07
4.736727419185627e-07
4.733017249236582e-07
4.733017249236582e-07
4.733017249236582e-07
4.7329541530416464e-07
4.7329541530416464e-07
4.7329541530416464e-07
4.7329541530416464e-07
4.732949037133949e-07
4.732949037133949e-07
4.732949037133949e-07
4.732949037133949e-07
4.732949037133949e-07
4.732949037133949e-07
1.815733980947698e-07
1.8157334125135094e-07
1.8028157455773908e-07
4.543511522570043e-08
4.543511522570043e-08
4.543511522570043e-08
4.543511522570043e-08
4.542522447081865e-08
4.542522447081865e-08
4.542522447081865e-08
4.542522447081865e-08
4.542522447081865e-08
4.542522447081865e-08
4.438192036104738e-08
4.4374587560014334e-08
4.405126219353406e-08
4.405126219353406e-08
4.4046089442417724e-08
4.4002490540151484e-08
4.4002490540151484e-08
4.4002490540151484e-08
2.4761902750469744e-08
2.4582561763963895e-08
2.4582561763963895e-08
2.1671326067007612e-08
2.1671326067007612e-08
1.9579999843699625e-08
1.9579943000280764e-08
1.9579943000280764e-08
1.9579943000280764e-08
1.957977247002418e-08
1.957977247002418e-08
1.951786998688476e-08
1.951786998688476e-08
1.951775630004704e-08
1.9438800791249378e-08
1.9438800791249378e-08
1.9438800791249378e-08
1.8518960587243782e-08
1.8518960587243782e-08
1.85187900569872e-08
1.85187900569872e-08
1.85187900569872e-08
1.85187900569872e-08
1.85187900569872e-08
1.8495939002605155e-08
9.327436600869987e-09
9.327436600869987e-09
9.327436600869987e-09
9.327436600869987e-09
9.327436600869987e-09
9.327436600869987e-09
9.327436600869987e-09
9.324025995738339e-09
9.324025995738339e-09
9.226823749486357e-09
9.226823749486357e-09
9.221082564181415e-09
9.221082564181415e-09
9.221082564181415e-09
9.221082564181415e-09
9.221082564181415e-09
9.221082564181415e-09
9.221082564181415e-09
9.221082564181415e-09
9.221082564181415e-09
7.345249741774751e-09
7.345022368099308e-09
7.345022368099308e-09
7.345022368099308e-09
7.345022368099308e-09
7.344908681261586e-09
7.344908681261586e-09
7.344908681261586e-09
7.344908681261586e-09
7.098037713149097e-09
7.097071375028463e-09
7.0942860475042835e-09
7.0942860475042835e-09
7.0942860475042835e-09
7.0942860475042835e-09
5.975323347229278e-09
5.975266503810417e-09
5.975266503810417e-09
5.975266503810417e-09
5.975209660391556e-09
5.975209660391556e-09
5.975209660391556e-09
5.943263658991782e-09
5.942695224803174e-09
5.942695224803174e-09
5.942695224803174e-09
5.9413309827505145e-09
5.9413309827505145e-09
5.941274139331654e-09
4.854200597037561e-09
4.854200597037561e-09
4.38978986494476e-09
4.38978986494476e-09
4.389164587337291e-09
4.389164587337291e-09
4.388937213661848e-09
4.388937213661848e-09
4.388937213661848e-09
4.388937213661848e-09
4.388937213661848e-09
4.3395402826718055e-09
4.3395402826718055e-09
4.3395402826718055e-09
4.3395402826718055e-09
4.3395402826718055e-09
4.3395402826718055e-09
4.3395402826718055e-09
4.3395402826718055e-09
4.3395402826718055e-09
4.3395402826718055e-09
4.3395402826718055e-09
4.3395402826718055e-09
4.3395402826718055e-09
4.3395402826718055e-09
4.3395402826718055e-09
4.339312908996362e-09
4.339312908996362e-09
4.339312908996362e-09
4.339312908996362e-09
4.339312908996362e-09
4.3392560655775014e-09
4.3392560655775014e-09
4.3392560655775014e-09
4.339199222158641e-09
4.339199222158641e-09
4.339199222158641e-09
3.991999619756825e-09
3.9919427763379645e-09
3.9919427763379645e-09
3.9919427763379645e-09
3.9919427763379645e-09
3.9919427763379645e-09
3.9919427763379645e-09
3.9919427763379645e-09
3.9916585592436604e-09
3.9916585592436604e-09
3.9916585592436604e-09
3.9916585592436604e-09
3.981824647780741e-09
3.981824647780741e-09
3.981824647780741e-09
3.981824647780741e-09
3.981824647780741e-09
4.814637577510439e-10
4.814637577510439e-10
4.814637577510439e-10
4.795310815097764e-10
4.794742380909156e-10
2.2777157937525772e-10
2.2777157937525772e-10
2.2777157937525772e-10
2.2777157937525772e-10
1.3881162885809317e-10
1.3153567124390975e-10
1.2920509107061662e-10
1.2920509107061662e-10
1.2920509107061662e-10
1.2920509107061662e-10
1.277271621802356e-10
1.277271621802356e-10
1.277271621802356e-10
1.277271621802356e-10
1.277271621802356e-10
1.277271621802356e-10
1.277271621802356e-10
1.277271621802356e-10
1.277271621802356e-10
1.277271621802356e-10
1.277271621802356e-10
1.0516032489249483e-11
1.0516032489249483e-11
1.0516032489249483e-11
1.0516032489249483e-11
1.0516032489249483e-11
1.0516032489249483e-11
1.0516032489249483e-11
1.0516032489249483e-11
1.0516032489249483e-11
1.0459189070388675e-11
1.0459189070388675e-11
1.0459189070388675e-11
1.0459189070388675e-11
1.0459189070388675e-11
1.0459189070388675e-11
1.0459189070388675e-11
1.0459189070388675e-11
1.0459189070388675e-11
1.0459189070388675e-11
1.0459189070388675e-11
1.0459189070388675e-11
1.0459189070388675e-11
1.0459189070388675e-11
1.0459189070388675e-11
1.0459189070388675e-11
1.0459189070388675e-11
1.0459189070388675e-11
1.0459189070388675e-11
1.0459189070388675e-11
1.0459189070388675e-11
1.0345502232667059e-11
1.0345502232667059e-11
1.0345502232667059e-11
1.0345502232667059e-11
1.0345502232667059e-11
1.0345502232667059e-11
1.0061285138363019e-11
1.0061285138363019e-11
1.0061285138363019e-11
1.0061285138363019e-11
1.0061285138363019e-11
1.0061285138363019e-11
1.0061285138363019e-11
1.0061285138363019e-11
1.0061285138363019e-11
1.0061285138363019e-11
1.0061285138363019e-11
1.0061285138363019e-11
1.0061285138363019e-11
1.0061285138363019e-11
1.0061285138363019e-11
9.947598300641403e-12
9.947598300641403e-12
9.947598300641403e-12
9.947598300641403e-12
9.947598300641403e-12
9.947598300641403e-12
9.43600753089413e-12
9.43600753089413e-12
9.43600753089413e-12
9.43600753089413e-12
9.43600753089413e-12
9.43600753089413e-12
9.43600753089413e-12
9.43600753089413e-12
9.43600753089413e-12
9.43600753089413e-12
9.43600753089413e-12
9.43600753089413e-12
4.433786671143025e-12
4.433786671143025e-12
4.433786671143025e-12
4.433786671143025e-12
4.433786671143025e-12
4.376943252282217e-12
4.376943252282217e-12
4.376943252282217e-12
4.376943252282217e-12
4.376943252282217e-12
4.376943252282217e-12
4.376943252282217e-12
4.376943252282217e-12
4.376943252282217e-12
4.376943252282217e-12
4.376943252282217e-12
4.376943252282217e-12
4.376943252282217e-12
4.320099833421409e-12
4.320099833421409e-12
4.320099833421409e-12
4.320099833421409e-12
4.320099833421409e-12
4.320099833421409e-12
4.320099833421409e-12
4.320099833421409e-12
4.320099833421409e-12
4.320099833421409e-12
4.320099833421409e-12
4.320099833421409e-12
4.320099833421409e-12
3.865352482534945e-12
3.694822225952521e-12
3.694822225952521e-12
3.694822225952521e-12
3.694822225952521e-12
3.694822225952521e-12
3.694822225952521e-12
3.637978807091713e-12
3.637978807091713e-12
3.637978807091713e-12
3.637978807091713e-12
3.637978807091713e-12
3.524291969370097e-12
3.524291969370097e-12
3.524291969370097e-12
3.524291969370097e-12
3.524291969370097e-12
3.524291969370097e-12
3.524291969370097e-12
3.353761712787673e-12
3.296918293926865e-12
3.0127011996228248e-12
3.0127011996228248e-12
2.5579538487363607e-12
2.5579538487363607e-12
2.5579538487363607e-12
2.5579538487363607e-12
2.5579538487363607e-12
2.5579538487363607e-12
2.5579538487363607e-12
2.5579538487363607e-12
1.8758328224066645e-12
7.389644451905042e-13
7.389644451905042e-13
7.389644451905042e-13
7.389644451905042e-13
7.389644451905042e-13
7.389644451905042e-13
7.389644451905042e-13
7.389644451905042e-13
7.389644451905042e-13
6.821210263296962e-13
6.821210263296962e-13
6.821210263296962e-13
6.821210263296962e-13
6.821210263296962e-13
6.821210263296962e-13
5.115907697472721e-13
5.115907697472721e-13
5.115907697472721e-13
5.115907697472721e-13
5.115907697472721e-13
4.547473508864641e-13
4.547473508864641e-13
3.979039320256561e-13
3.979039320256561e-13
3.979039320256561e-13
3.979039320256561e-13
3.410605131648481e-13
3.410605131648481e-13
3.410605131648481e-13
2.8421709430404007e-13
2.8421709430404007e-13
2.8421709430404007e-13
2.8421709430404007e-13
2.8421709430404007e-13
2.8421709430404007e-13
2.8421709430404007e-13
2.8421709430404007e-13
2.8421709430404007e-13
2.8421709430404007e-13
2.8421709430404007e-13
2.8421709430404007e-13
2.8421709430404007e-13
2.8421709430404007e-13
2.8421709430404007e-13
2.8421709430404007e-13
2.8421709430404007e-13
2.8421709430404007e-13
2.8421709430404007e-13
2.8421709430404007e-13
2.8421709430404007e-13
2.8421709430404007e-13
2.8421709430404007e-13
2.8421709430404007e-13
2.8421709430404007e-13
2.8421709430404007e-13
2.2737367544323206e-13
2.2737367544323206e-13
2.2737367544323206e-13
2.2737367544323206e-13
1.7053025658242404e-13
1.7053025658242404e-13
1.7053025658242404e-13
1.7053025658242404e-13
1.7053025658242404e-13
1.7053025658242404e-13
1.7053025658242404e-13
1.7053025658242404e-13
1.7053025658242404e-13
1.7053025658242404e-13
1.7053025658242404e-13
1.7053025658242404e-13
1.7053025658242404e-13
1.7053025658242404e-13
1.7053025658242404e-13
1.7053025658242404e-13
1.7053025658242404e-13
1.7053025658242404e-13
1.7053025658242404e-13
1.7053025658242404e-13
1.7053025658242404e-13
1.7053025658242404e-13
1.7053025658242404e-13
1.7053025658242404e-13
1.7053025658242404e-13
1.7053025658242404e-13
1.7053025658242404e-13
1.7053025658242404e-13
1.7053025658242404e-13
1.7053025658242404e-13
1.7053025658242404e-13
1.7053025658242404e-13
1.7053025658242404e-13
1.7053025658242404e-13
1.7053025658242404e-13
1.7053025658242404e-13
1.7053025658242404e-13
1.7053025658242404e-13
1.7053025658242404e-13
1.7053025658242404e-13
1.7053025658242404e-13
1.7053025658242404e-13
1.7053025658242404e-13
1.7053025658242404e-13
1.7053025658242404e-13
1.7053025658242404e-13
1.7053025658242404e-13
1.7053025658242404e-13
1.7053025658242404e-13
1.1368683772161603e-13
1.1368683772161603e-13
1.1368683772161603e-13
1.1368683772161603e-13
1.1368683772161603e-13
1.1368683772161603e-13
1.1368683772161603e-13
1.1368683772161603e-13
1.1368683772161603e-13
1.1368683772161603e-13
1.1368683772161603e-13
1.1368683772161603e-13
1.1368683772161603e-13
1.1368683772161603e-13
1.1368683772161603e-13
1.1368683772161603e-13
1.1368683772161603e-13
1.1368683772161603e-13
1.1368683772161603e-13
1.1368683772161603e-13
1.1368683772161603e-13
1.1368683772161603e-13
1.1368683772161603e-13
1.1368683772161603e-13
1.1368683772161603e-13
1.1368683772161603e-13
1.1368683772161603e-13
1.1368683772161603e-13
1.1368683772161603e-13
1.1368683772161603e-13
1.1368683772161603e-13
1.1368683772161603e-13
1.1368683772161603e-13
1.1368683772161603e-13
1.1368683772161603e-13
5.684341886080802e-14
5.684341886080802e-14
5.684341886080802e-14
5.684341886080802e-14
5.684341886080802e-14
5.684341886080802e-14
5.684341886080802e-14
5.684341886080802e-14
5.684341886080802e-14
5.684341886080802e-14
5.684341886080802e-14
5.684341886080802e-14
5.684341886080802e-14
5.684341886080802e-14
5.684341886080802e-14
5.684341886080802e-14
5.684341886080802e-14
5.684341886080802e-14
5.684341886080802e-14
5.684341886080802e-14
5.684341886080802e-14
5.684341886080802e-14
5.684341886080802e-14
5.684341886080802e-14
5.684341886080802e-14
5.684341886080802e-14
5.684341886080802e-14
5.684341886080802e-14
5.684341886080802e-14
5.684341886080802e-14
5.684341886080802e-14
5.684341886080802e-14
5.684341886080802e-14
5.684341886080802e-14
5.684341886080802e-14
5.684341886080802e-14
5.684341886080802e-14
5.684341886080802e-14
5.684341886080802e-14
5.684341886080802e-14
5.684341886080802e-14
5.684341886080802e-14
5.684341886080802e-14
5.684341886080802e-14
5.684341886080802e-14
5.684341886080802e-14
5.684341886080802e-14
5.684341886080802e-14
5.684341886080802e-14
5.684341886080802e-14
5.684341886080802e-14
5.684341886080802e-14
5.684341886080802e-14
5.684341886080802e-14
5.684341886080802e-14
5.684341886080802e-14
5.684341886080802e-14
5.684341886080802e-14
5.684341886080802e-14
5.684341886080802e-14
5.684341886080802e-14
5.684341886080802e-14
5.684341886080802e-14
5.684341886080802e-14
5.684341886080802e-14
5.684341886080802e-14
5.684341886080802e-14
5.684341886080802e-14
5.684341886080802e-14
5.684341886080802e-14
5.684341886080802e-14
5.684341886080802e-14
5.684341886080802e-14
5.684341886080802e-14
5.684341886080802e-14
5.684341886080802e-14
5.684341886080802e-14
5.684341886080802e-14
5.684341886080802e-14
5.684341886080802e-14
5.684341886080802e-14
5.684341886080802e-14
5.684341886080802e-14
5.684341886080802e-14
5.684341886080802e-14
5.684341886080802e-14
5.684341886080802e-14
5.684341886080802e-14
5.684341886080802e-14
5.684341886080802e-14
5.684341886080802e-14
5.684341886080802e-14
5.684341886080802e-14
5.684341886080802e-14
5.684341886080802e-14
5.684341886080802e-14
5.684341886080802e-14
5.684341886080802e-14
5.684341886080802e-14
5.684341886080802e-14
5.684341886080802e-14
5.684341886080802e-14
5.684341886080802e-14
5.684341886080802e-14
5.684341886080802e-14
5.684341886080802e-14
5.684341886080802e-14
5.684341886080802e-14
5.684341886080802e-14
5.684341886080802e-14
5.684341886080802e-14
5.684341886080802e-14
5.684341886080802e-14
5.684341886080802e-14
5.684341886080802e-14
5.684341886080802e-14
5.684341886080802e-14
5.684341886080802e-14
5.684341886080802e-14
5.684341886080802e-14
5.684341886080802e-14
5.684341886080802e-14
5.684341886080802e-14
5.684341886080802e-14
5.684341886080802e-14
5.684341886080802e-14
5.684341886080802e-14
5.684341886080802e-14
5.684341886080802e-14
5.684341886080802e-14
5.684341886080802e-14
5.684341886080802e-14
5.684341886080802e-14
5.684341886080802e-14
5.684341886080802e-14
5.684341886080802e-14
5.684341886080802e-14
5.684341886080802e-14
5.684341886080802e-14
5.684341886080802e-14
5.684341886080802e-14
5.684341886080802e-14
5.684341886080802e-14
5.684341886080802e-14
5.684341886080802e-14
5.684341886080802e-14
5.684341886080802e-14
5.684341886080802e-14
5.684341886080802e-14
5.684341886080802e-14
5.684341886080802e-14
5.684341886080802e-14
5.684341886080802e-14
5.684341886080802e-14
5.684341886080802e-14
5.684341886080802e-14
5.684341886080802e-14
5.684341886080802e-14
5.684341886080802e-14
5.684341886080802e-14
5.684341886080802e-14
5.684341886080802e-14
5.684341886080802e-14
5.684341886080802e-14
5.684341886080802e-14
5.684341886080802e-14
5.684341886080802e-14
5.684341886080802e-14
5.684341886080802e-14
5.684341886080802e-14
5.684341886080802e-14
5.684341886080802e-14
5.684341886080802e-14
5.684341886080802e-14
5.684341886080802e-14
5.684341886080802e-14
5.684341886080802e-14
5.684341886080802e-14
5.684341886080802e-14
5.684341886080802e-14
5.684341886080802e-14
5.684341886080802e-14
5.684341886080802e-14
5.684341886080802e-14
5.684341886080802e-14
5.684341886080802e-14
5.684341886080802e-14
5.684341886080802e-14
5.684341886080802e-14
5.684341886080802e-14
5.684341886080802e-14
5.684341886080802e-14
5.684341886080802e-14
5.684341886080802e-14
5.684341886080802e-14
5.684341886080802e-14
5.684341886080802e-14
5.684341886080802e-14
5.684341886080802e-14
5.684341886080802e-14
5.684341886080802e-14
5.684341886080802e-14
5.684341886080802e-14
5.684341886080802e-14
5.684341886080802e-14
5.684341886080802e-14
5.684341886080802e-14
5.684341886080802e-14
5.684341886080802e-14
5.684341886080802e-14
5.684341886080802e-14
5.684341886080802e-14
5.684341886080802e-14
5.684341886080802e-14
5.684341886080802e-14
5.684341886080802e-14
5.684341886080802e-14
5.684341886080802e-14
5.684341886080802e-14
5.684341886080802e-14
5.684341886080802e-14
5.684341886080802e-14
5.684341886080802e-14
5.684341886080802e-14
5.684341886080802e-14
5.684341886080802e-14
5.684341886080802e-14
5.684341886080802e-14
5.684341886080802e-14
5.684341886080802e-14
5.684341886080802e-14
5.684341886080802e-14
5.684341886080802e-14
5.684341886080802e-14
5.684341886080802e-14
5.684341886080802e-14
5.684341886080802e-14
5.684341886080802e-14
5.684341886080802e-14
5.684341886080802e-14
5.684341886080802e-14
5.684341886080802e-14
5.684341886080802e-14
5.684341886080802e-14
5.684341886080802e-14
5.684341886080802e-14
5.684341886080802e-14
5.684341886080802e-14
5.684341886080802e-14
5.684341886080802e-14
5.684341886080802e-14
5.684341886080802e-14
5.684341886080802e-14
5.684341886080802e-14
5.684341886080802e-14
5.684341886080802e-14
5.684341886080802e-14
5.684341886080802e-14
5.684341886080802e-14
5.684341886080802e-14
5.684341886080802e-14
5.684341886080802e-14
5.684341886080802e-14
5.684341886080802e-14
5.684341886080802e-14
5.684341886080802e-14
5.684341886080802e-14
5.684341886080802e-14
5.684341886080802e-14
5.684341886080802e-14
5.684341886080802e-14
5.684341886080802e-14
5.684341886080802e-14
5.684341886080802e-14
5.684341886080802e-14
5.684341886080802e-14
5.684341886080802e-14
5.684341886080802e-14
5.684341886080802e-14
5.684341886080802e-14
5.684341886080802e-14
5.684341886080802e-14
5.684341886080802e-14
5.684341886080802e-14
5.684341886080802e-14
5.684341886080802e-14
5.684341886080802e-14
5.684341886080802e-14
5.684341886080802e-14
5.684341886080802e-14
5.684341886080802e-14
5.684341886080802e-14
5.684341886080802e-14
5.684341886080802e-14
5.684341886080802e-14
5.684341886080802e-14
5.684341886080802e-14
5.684341886080802e-14
5.684341886080802e-14
5.684341886080802e-14
5.684341886080802e-14
5.684341886080802e-14
5.684341886080802e-14
5.684341886080802e-14
5.684341886080802e-14
5.684341886080802e-14
5.684341886080802e-14
5.684341886080802e-14
5.684341886080802e-14
5.684341886080802e-14
5.684341886080802e-14
5.684341886080802e-14
5.684341886080802e-14
5.684341886080802e-14
5.684341886080802e-14
5.684341886080802e-14
5.684341886080802e-14
5.684341886080802e-14
5.684341886080802e-14
5.684341886080802e-14
5.684341886080802e-14
5.684341886080802e-14
5.684341886080802e-14
5.684341886080802e-14
5.684341886080802e-14
5.684341886080802e-14
5.684341886080802e-14
5.684341886080802e-14
5.684341886080802e-14
5.684341886080802e-14
5.684341886080802e-14
5.684341886080802e-14
5.684341886080802e-14
5.684341886080802e-14
5.684341886080802e-14
5.684341886080802e-14
5.684341886080802e-14
5.684341886080802e-14
5.684341886080802e-14
5.684341886080802e-14
5.684341886080802e-14
5.684341886080802e-14
5.684341886080802e-14
5.684341886080802e-14
5.684341886080802e-14
5.684341886080802e-14
5.684341886080802e-14
5.684341886080802e-14
5.684341886080802e-14
5.684341886080802e-14
5.684341886080802e-14
5.684341886080802e-14
5.684341886080802e-14
5.684341886080802e-14
5.684341886080802e-14
5.684341886080802e-14
5.684341886080802e-14
5.684341886080802e-14
5.684341886080802e-14
5.684341886080802e-14
5.684341886080802e-14
5.684341886080802e-14
5.684341886080802e-14
5.684341886080802e-14
5.684341886080802e-14
5.684341886080802e-14
5.684341886080802e-14
5.684341886080802e-14
5.684341886080802e-14
5.684341886080802e-14
5.684341886080802e-14
5.684341886080802e-14
5.684341886080802e-14
5.684341886080802e-14
5.684341886080802e-14
5.684341886080802e-14
5.684341886080802e-14
5.684341886080802e-14
5.684341886080802e-14
5.684341886080802e-14
5.684341886080802e-14
5.684341886080802e-14
5.684341886080802e-14
5.684341886080802e-14
5.684341886080802e-14
5.684341886080802e-14
5.684341886080802e-14
5.684341886080802e-14
5.684341886080802e-14
5.684341886080802e-14
5.684341886080802e-14
5.684341886080802e-14
5.684341886080802e-14
5.684341886080802e-14
5.684341886080802e-14
5.684341886080802e-14
5.684341886080802e-14
5.684341886080802e-14
5.684341886080802e-14
5.684341886080802e-14
5.684341886080802e-14
5.684341886080802e-14
5.684341886080802e-14
5.684341886080802e-14
5.684341886080802e-14
5.684341886080802e-14
5.684341886080802e-14
5.684341886080802e-14
5.684341886080802e-14
5.684341886080802e-14
5.684341886080802e-14
5.684341886080802e-14
5.684341886080802e-14
5.684341886080802e-14
5.684341886080802e-14
5.684341886080802e-14
5.684341886080802e-14
5.684341886080802e-14
5.684341886080802e-14
5.684341886080802e-14
5.684341886080802e-14
5.684341886080802e-14
5.684341886080802e-14
5.684341886080802e-14
5.684341886080802e-14
5.684341886080802e-14
5.684341886080802e-14
5.684341886080802e-14
5.684341886080802e-14
5.684341886080802e-14
5.684341886080802e-14
5.684341886080802e-14
5.684341886080802e-14
5.684341886080802e-14
5.684341886080802e-14
5.684341886080802e-14
5.684341886080802e-14
5.684341886080802e-14
5.684341886080802e-14
5.684341886080802e-14
5.684341886080802e-14
5.684341886080802e-14
5.684341886080802e-14
5.684341886080802e-14
5.684341886080802e-14
5.684341886080802e-14
5.684341886080802e-14
5.684341886080802e-14
5.684341886080802e-14
5.684341886080802e-14
5.684341886080802e-14
5.684341886080802e-14
5.684341886080802e-14
5.684341886080802e-14
5.684341886080802e-14
5.684341886080802e-14
5.684341886080802e-14
5.684341886080802e-14
5.684341886080802e-14
5.684341886080802e-14
5.684341886080802e-14
5.684341886080802e-14
5.684341886080802e-14
5.684341886080802e-14
5.684341886080802e-14
5.684341886080802e-14
5.684341886080802e-14
5.684341886080802e-14
5.684341886080802e-14
5.684341886080802e-14
5.684341886080802e-14
5.684341886080802e-14
5.684341886080802e-14
5.684341886080802e-14
5.684341886080802e-14
5.684341886080802e-14
5.684341886080802e-14
5.684341886080802e-14
5.684341886080802e-14
5.684341886080802e-14
5.684341886080802e-14
5.684341886080802e-14
5.684341886080802e-14
5.684341886080802e-14
5.684341886080802e-14
5.684341886080802e-14
5.684341886080802e-14
5.684341886080802e-14
5.684341886080802e-14
5.684341886080802e-14
5.684341886080802e-14
5.684341886080802e-14
5.684341886080802e-14
5.684341886080802e-14
5.684341886080802e-14
5.684341886080802e-14
5.684341886080802e-14
5.684341886080802e-14
5.684341886080802e-14
5.684341886080802e-14
5.684341886080802e-14
5.684341886080802e-14
5.684341886080802e-14
5.684341886080802e-14
5.684341886080802e-14
5.684341886080802e-14
5.684341886080802e-14
5.684341886080802e-14
5.684341886080802e-14
5.684341886080802e-14
5.684341886080802e-14
5.684341886080802e-14
5.684341886080802e-14
5.684341886080802e-14
5.684341886080802e-14
5.684341886080802e-14
5.684341886080802e-14
5.684341886080802e-14
5.684341886080802e-14
5.684341886080802e-14
5.684341886080802e-14
5.684341886080802e-14
5.684341886080802e-14
5.684341886080802e-14
5.684341886080802e-14
5.684341886080802e-14
5.684341886080802e-14
5.684341886080802e-14
5.684341886080802e-14
5.684341886080802e-14
5.684341886080802e-14
5.684341886080802e-14
5.684341886080802e-14
5.684341886080802e-14
5.684341886080802e-14
5.684341886080802e-14
5.684341886080802e-14
5.684341886080802e-14
5.684341886080802e-14
5.684341886080802e-14
5.684341886080802e-14
5.684341886080802e-14
5.684341886080802e-14
5.684341886080802e-14
5.684341886080802e-14
5.684341886080802e-14
5.684341886080802e-14
5.684341886080802e-14
5.684341886080802e-14
5.684341886080802e-14
5.684341886080802e-14
5.684341886080802e-14
5.684341886080802e-14
5.684341886080802e-14
5.684341886080802e-14
5.684341886080802e-14
5.684341886080802e-14
5.684341886080802e-14
5.684341886080802e-14
5.684341886080802e-14
5.684341886080802e-14
5.684341886080802e-14
5.684341886080802e-14
5.684341886080802e-14
5.684341886080802e-14
5.684341886080802e-14
5.684341886080802e-14
5.684341886080802e-14
5.684341886080802e-14
5.684341886080802e-14
5.684341886080802e-14
5.684341886080802e-14
5.684341886080802e-14
5.684341886080802e-14
5.684341886080802e-14
5.684341886080802e-14
5.684341886080802e-14
5.684341886080802e-14
5.684341886080802e-14
5.684341886080802e-14
5.684341886080802e-14
5.684341886080802e-14
5.684341886080802e-14
5.684341886080802e-14
5.684341886080802e-14
5.684341886080802e-14
5.684341886080802e-14
5.684341886080802e-14
5.684341886080802e-14
5.684341886080802e-14
5.684341886080802e-14
5.684341886080802e-14
5.684341886080802e-14
5.684341886080802e-14
5.684341886080802e-14
5.684341886080802e-14
5.684341886080802e-14
5.684341886080802e-14
5.684341886080802e-14
5.684341886080802e-14
5.684341886080802e-14
5.684341886080802e-14
5.684341886080802e-14
5.684341886080802e-14
5.684341886080802e-14
5.684341886080802e-14
5.684341886080802e-14
5.684341886080802e-14
5.684341886080802e-14
5.684341886080802e-14
5.684341886080802e-14
5.684341886080802e-14
5.684341886080802e-14
5.684341886080802e-14
5.684341886080802e-14
5.684341886080802e-14
5.684341886080802e-14
5.684341886080802e-14
5.684341886080802e-14
5.684341886080802e-14
5.684341886080802e-14
5.684341886080802e-14
5.684341886080802e-14
5.684341886080802e-14
5.684341886080802e-14
5.684341886080802e-14
5.684341886080802e-14
5.684341886080802e-14
5.684341886080802e-14
5.684341886080802e-14
5.684341886080802e-14
5.684341886080802e-14
5.684341886080802e-14
5.684341886080802e-14
5.684341886080802e-14
5.684341886080802e-14
5.684341886080802e-14
5.684341886080802e-14
5.684341886080802e-14
5.684341886080802e-14
5.684341886080802e-14
5.684341886080802e-14
5.684341886080802e-14
5.684341886080802e-14
5.684341886080802e-14
5.684341886080802e-14
5.684341886080802e-14
5.684341886080802e-14
5.684341886080802e-14
5.684341886080802e-14
5.684341886080802e-14
5.684341886080802e-14
5.684341886080802e-14
5.684341886080802e-14
5.684341886080802e-14
5.684341886080802e-14
5.684341886080802e-14
5.684341886080802e-14
5.684341886080802e-14
5.684341886080802e-14
5.684341886080802e-14
5.684341886080802e-14
5.684341886080802e-14
5.684341886080802e-14
5.684341886080802e-14
5.684341886080802e-14
5.684341886080802e-14
5.684341886080802e-14
5.684341886080802e-14
5.684341886080802e-14
5.684341886080802e-14
5.684341886080802e-14
5.684341886080802e-14
5.684341886080802e-14
5.684341886080802e-14
5.684341886080802e-14
5.684341886080802e-14
5.684341886080802e-14
5.684341886080802e-14
5.684341886080802e-14
5.684341886080802e-14
5.684341886080802e-14
5.684341886080802e-14
5.684341886080802e-14
5.684341886080802e-14
5.684341886080802e-14
5.684341886080802e-14
5.684341886080802e-14
5.684341886080802e-14
5.684341886080802e-14
5.684341886080802e-14
5.684341886080802e-14
5.684341886080802e-14
5.684341886080802e-14
5.684341886080802e-14
5.684341886080802e-14
5.684341886080802e-14
5.684341886080802e-14
5.684341886080802e-14
5.684341886080802e-14
5.684341886080802e-14
5.684341886080802e-14
5.684341886080802e-14
5.684341886080802e-14
5.684341886080802e-14
5.684341886080802e-14
5.684341886080802e-14
5.684341886080802e-14
5.684341886080802e-14
5.684341886080802e-14
5.684341886080802e-14
5.684341886080802e-14
5.684341886080802e-14
5.684341886080802e-14
5.684341886080802e-14
5.684341886080802e-14
5.684341886080802e-14
5.684341886080802e-14
5.684341886080802e-14
5.684341886080802e-14
5.684341886080802e-14
5.684341886080802e-14
5.684341886080802e-14
5.684341886080802e-14
5.684341886080802e-14
5.684341886080802e-14
5.684341886080802e-14
5.684341886080802e-14
5.684341886080802e-14
5.684341886080802e-14
5.684341886080802e-14
5.684341886080802e-14
5.684341886080802e-14
5.684341886080802e-14
5.684341886080802e-14
5.684341886080802e-14
5.684341886080802e-14
5.684341886080802e-14
5.684341886080802e-14
5.684341886080802e-14
5.684341886080802e-14
5.684341886080802e-14
5.684341886080802e-14
5.684341886080802e-14
5.684341886080802e-14
5.684341886080802e-14
5.684341886080802e-14
5.684341886080802e-14
5.684341886080802e-14
5.684341886080802e-14
5.684341886080802e-14
5.684341886080802e-14
5.684341886080802e-14
5.684341886080802e-14
5.684341886080802e-14
5.684341886080802e-14
5.684341886080802e-14
5.684341886080802e-14
5.684341886080802e-14
5.684341886080802e-14
5.684341886080802e-14
5.684341886080802e-14
5.684341886080802e-14
5.684341886080802e-14
5.684341886080802e-14
5.684341886080802e-14
5.684341886080802e-14
5.684341886080802e-14
5.684341886080802e-14
5.684341886080802e-14
5.684341886080802e-14
5.684341886080802e-14
5.684341886080802e-14
5.684341886080802e-14
5.684341886080802e-14
5.684341886080802e-14
5.684341886080802e-14
5.684341886080802e-14
0.0
0.0
0.0
0.0
0.0
0.0
0.0
0.0
0.0
0.0
0.0
0.0
0.0
0.0
0.0
0.0
0.0
0.0
0.0
0.0
0.0
0.0
0.0
0.0
0.0
0.0
0.0
0.0
0.0
0.0
0.0
0.0
0.0
0.0
0.0
0.0
0.0
0.0
0.0
0.0
0.0
0.0
0.0
0.0
0.0
0.0
0.0
0.0
0.0
0.0
0.0
0.0
0.0
0.0
0.0
0.0
0.0
0.0
0.0
0.0
0.0
0.0
0.0
0.0
0.0
0.0
0.0
0.0
0.0
0.0
0.0
0.0
0.0
0.0
0.0
0.0
0.0
0.0
0.0
0.0
0.0
0.0
0.0
0.0
0.0
0.0
0.0
0.0
0.0
0.0
0.0
0.0
0.0
0.0
0.0
0.0
0.0
0.0
0.0
0.0
0.0
0.0
0.0
0.0
0.0
0.0
0.0
0.0
0.0
0.0
0.0
0.0
0.0
0.0
0.0
0.0
0.0
0.0
0.0
0.0
0.0
0.0
0.0
0.0
0.0
0.0
0.0
0.0
0.0
0.0
0.0
0.0
0.0
0.0
0.0
0.0
0.0
0.0
0.0
0.0
0.0
0.0
0.0
0.0
0.0
0.0
0.0
0.0
0.0
0.0
0.0
0.0
0.0
0.0
0.0
0.0
0.0
0.0
0.0
0.0
0.0
0.0
0.0
0.0
0.0
0.0
0.0
0.0
0.0
0.0
0.0
0.0
0.0
0.0
0.0
0.0
0.0
0.0
0.0
0.0
0.0
0.0
0.0
0.0
0.0
0.0
0.0
0.0
0.0
0.0
0.0
0.0
0.0
0.0
0.0
0.0
0.0
0.0
0.0
0.0
0.0
0.0
0.0
0.0
0.0
0.0
0.0
0.0
0.0
0.0
0.0
0.0
0.0
0.0
0.0
0.0
0.0
0.0
0.0
0.0
0.0
0.0
0.0
0.0
0.0
0.0
0.0
0.0
0.0
0.0
0.0
0.0
0.0
0.0
0.0
0.0
0.0
0.0
0.0
0.0
0.0
0.0
0.0
0.0
0.0
0.0
0.0
0.0
0.0
0.0
0.0
0.0
0.0
0.0
0.0
0.0
0.0
0.0
0.0
0.0
0.0
0.0
0.0
0.0
0.0
0.0
0.0
0.0
0.0
0.0
0.0
0.0
0.0
0.0
0.0
0.0
0.0
0.0
0.0
0.0
0.0
0.0
0.0
0.0
0.0
0.0
0.0
0.0
0.0
0.0
0.0
0.0
0.0
0.0
0.0
0.0
0.0
0.0
0.0
0.0
0.0
0.0
0.0
0.0
0.0
0.0
0.0
0.0
0.0
0.0
0.0
0.0
0.0
0.0
0.0
0.0
0.0
0.0
0.0
0.0
0.0
0.0
0.0
0.0
0.0
0.0
0.0
0.0
0.0
0.0
0.0
0.0
0.0
0.0
0.0
0.0
0.0
0.0
0.0
0.0
0.0
0.0
0.0
0.0
0.0
0.0
0.0
0.0
0.0
0.0
0.0
0.0
0.0
0.0
0.0
0.0
0.0
0.0
0.0
0.0
0.0
0.0
0.0
0.0
0.0
0.0
0.0
0.0
0.0
0.0
0.0
0.0
0.0
0.0
0.0
0.0
0.0
0.0
0.0
0.0
0.0
0.0
0.0
0.0
0.0
0.0
0.0
0.0
0.0
0.0
0.0
0.0
0.0
0.0
0.0
0.0
0.0
0.0
0.0
0.0
0.0
0.0
0.0
0.0
0.0
0.0
0.0
0.0
0.0
0.0
0.0
0.0
0.0
0.0
0.0
0.0
0.0
0.0
0.0
0.0
0.0
0.0
0.0
0.0
0.0
0.0
0.0
0.0
0.0
0.0
0.0
0.0
0.0
0.0
0.0
0.0
0.0
0.0
0.0
0.0
0.0
0.0
0.0
0.0
0.0
0.0
0.0
0.0
0.0
0.0
0.0
0.0
0.0
0.0
0.0
0.0
0.0
0.0
0.0
0.0
0.0
0.0
0.0
0.0
0.0
0.0
0.0
0.0
0.0
0.0
0.0
0.0
0.0
0.0
0.0
0.0
0.0
0.0
0.0
0.0
0.0
0.0
0.0
0.0
0.0
0.0
0.0
0.0
0.0
0.0
0.0
0.0
0.0
0.0
0.0
0.0
0.0
0.0
0.0
0.0
0.0
0.0
0.0
0.0
0.0
0.0
0.0
0.0
0.0
0.0
0.0
0.0
0.0
0.0
0.0
0.0
0.0
0.0
0.0
0.0
0.0
0.0
0.0
0.0
0.0
0.0
0.0
0.0
0.0
0.0
0.0
0.0
0.0
0.0
0.0
0.0
0.0
0.0
0.0
0.0
0.0
0.0
0.0
0.0
0.0
0.0
0.0
0.0
0.0
0.0
0.0
0.0
0.0
0.0
0.0
0.0
0.0
0.0
0.0
0.0
0.0
0.0
0.0
0.0
0.0
0.0
0.0
0.0
0.0
0.0
0.0
0.0
0.0
0.0
0.0
0.0
0.0
0.0
0.0
0.0
0.0
0.0
0.0
0.0
0.0
0.0
0.0
0.0
0.0
0.0
0.0
0.0
0.0
0.0
0.0
0.0
0.0
0.0
0.0
0.0
0.0
0.0
0.0
0.0
0.0
0.0
0.0
0.0
0.0
0.0
0.0
0.0
0.0
0.0
0.0
0.0
0.0
0.0
0.0
0.0
0.0
0.0
0.0
0.0
0.0
0.0
0.0
0.0
0.0
0.0
0.0
0.0
0.0
0.0
0.0
0.0
0.0
0.0
0.0
0.0
0.0
0.0
0.0
0.0
0.0
0.0
0.0
0.0
0.0
0.0
0.0
0.0
0.0
0.0
0.0
0.0
0.0
0.0
0.0
0.0
0.0
0.0
0.0
0.0
0.0
0.0
0.0
0.0
0.0
0.0
0.0
0.0
0.0
0.0
0.0
0.0
0.0
0.0
0.0
0.0
0.0
0.0
0.0
0.0
0.0
0.0
0.0
0.0
0.0
0.0
0.0
0.0
0.0
0.0
0.0
0.0
0.0
0.0
0.0
0.0
0.0
0.0
0.0
0.0
0.0
0.0
0.0
0.0
0.0
0.0
0.0
0.0
0.0
0.0
0.0
0.0
0.0
0.0
0.0
0.0
0.0
0.0
0.0
0.0
0.0
0.0
0.0
0.0
0.0
0.0
0.0
0.0
0.0
0.0
0.0
0.0
0.0
0.0
0.0
0.0
0.0
0.0
0.0
0.0
0.0
0.0
0.0
0.0
0.0
0.0
0.0
0.0
0.0
0.0
0.0
0.0
0.0
0.0
0.0
0.0
0.0
0.0
0.0
0.0
0.0
0.0
0.0
0.0
0.0
0.0
0.0
0.0
0.0
0.0
0.0
0.0
0.0
0.0
0.0
0.0
0.0
0.0
0.0
0.0
0.0
0.0
0.0
0.0
0.0
0.0
0.0
0.0
0.0
0.0
0.0
0.0
0.0
0.0
0.0
0.0
0.0
0.0
0.0
0.0
0.0
0.0
0.0
0.0
0.0
0.0
0.0
0.0
0.0
0.0
0.0
0.0
0.0
0.0
0.0
0.0
0.0
0.0
0.0
0.0
0.0
0.0
0.0
0.0
0.0
0.0
0.0
0.0
0.0
0.0
0.0
0.0
0.0
0.0
0.0
0.0
0.0
0.0
0.0
0.0
0.0
0.0
0.0
0.0
0.0
0.0
0.0
0.0
0.0
0.0
0.0
0.0
0.0
0.0
0.0
0.0
0.0
0.0
0.0
0.0
0.0
0.0
0.0
0.0
0.0
0.0
0.0
0.0
0.0
0.0
0.0
0.0
0.0
0.0
0.0
0.0
0.0
0.0
0.0
0.0
0.0
0.0
0.0
0.0
0.0
0.0
0.0
0.0
0.0
0.0
0.0
0.0
0.0
0.0
0.0
0.0
0.0
0.0
0.0
0.0
0.0
0.0
0.0
0.0
0.0
0.0
0.0
0.0
0.0
0.0
0.0
0.0
0.0
0.0
0.0
0.0
0.0
0.0
0.0
0.0
0.0
0.0
0.0
0.0
0.0
0.0
0.0
0.0
0.0
0.0
0.0
0.0
0.0
0.0
0.0
0.0
0.0
0.0
0.0
0.0
0.0
0.0
0.0
0.0
0.0
0.0
0.0
0.0
0.0
0.0
0.0
0.0
0.0
0.0
0.0
0.0
0.0
0.0
0.0
0.0
0.0
0.0
0.0
0.0
0.0
0.0
0.0
0.0
0.0
0.0
0.0
0.0
0.0
0.0
0.0
0.0
0.0
0.0
0.0
0.0
0.0
0.0
0.0
0.0
0.0
0.0
0.0
0.0
0.0
0.0
0.0
0.0
0.0
0.0
0.0
0.0
0.0
0.0
0.0
0.0
0.0
0.0
0.0
0.0
0.0
0.0
0.0
0.0
0.0
0.0
0.0
0.0
0.0
0.0
0.0
0.0
0.0
0.0
0.0
0.0
0.0
0.0
0.0
0.0
0.0
0.0
0.0
0.0
0.0
0.0
0.0
0.0
0.0
0.0
0.0
0.0
0.0
0.0
0.0
0.0
0.0
0.0
0.0
0.0
0.0
0.0
0.0
0.0
0.0
0.0
0.0
0.0
0.0
0.0
0.0
0.0
0.0
0.0
0.0
0.0
0.0
0.0
0.0
0.0
0.0
0.0
0.0
0.0
0.0
0.0
0.0
0.0
0.0
0.0
0.0
0.0
0.0
0.0
0.0
0.0
0.0
0.0
0.0
0.0
0.0
0.0
0.0
0.0
0.0
0.0
0.0
0.0
0.0
0.0
0.0
0.0
0.0
0.0
0.0
0.0
0.0
0.0
0.0
0.0
0.0
0.0
0.0
0.0
0.0
0.0
0.0
0.0
0.0
0.0
0.0
0.0
0.0
0.0
0.0
0.0
0.0
0.0
0.0
0.0
0.0
0.0
0.0
0.0
0.0
0.0
0.0
0.0
0.0
0.0
0.0
0.0
0.0
0.0
0.0
0.0
0.0
0.0
0.0
0.0
0.0
0.0
0.0
0.0
0.0
0.0
0.0
0.0
0.0
0.0
0.0
0.0
0.0
0.0
0.0
0.0
0.0
0.0
0.0
0.0
0.0
0.0
0.0
0.0
0.0
0.0
0.0
0.0
0.0
0.0
0.0
0.0
0.0
0.0
0.0
0.0
0.0
0.0
0.0
0.0
0.0
0.0
0.0
0.0
0.0
0.0
0.0
0.0
0.0
0.0
0.0
0.0
0.0
0.0
0.0
0.0
0.0
0.0
0.0
0.0
0.0
0.0
0.0
0.0
0.0
0.0
0.0
0.0
0.0
0.0
0.0
0.0
0.0
0.0
0.0
0.0
0.0
0.0
0.0
0.0
0.0
0.0
0.0
0.0
0.0
0.0
0.0
0.0
0.0
0.0
0.0
0.0
0.0
0.0
0.0
0.0
0.0
0.0
0.0
0.0
0.0
0.0
0.0
0.0
0.0
0.0
0.0
0.0
0.0
0.0
0.0
0.0
0.0
0.0
0.0
0.0
0.0
0.0
0.0
0.0
0.0
0.0
0.0
0.0
0.0
0.0
0.0
0.0
0.0
0.0
0.0
0.0
0.0
0.0
0.0
0.0
0.0
0.0
0.0
0.0
0.0
0.0
0.0
0.0
0.0
0.0
0.0
0.0
0.0
0.0
0.0
0.0
0.0
0.0
0.0
0.0
0.0
0.0
0.0
0.0
0.0
0.0
0.0
0.0
0.0
0.0
0.0
0.0
0.0
0.0
0.0
0.0
0.0
0.0
0.0
0.0
0.0
0.0
0.0
0.0
0.0
0.0
0.0
0.0
0.0
0.0
0.0
0.0
0.0
0.0
0.0
0.0
0.0
0.0
0.0
0.0
0.0
0.0
0.0
0.0
0.0
0.0
0.0
0.0
0.0
0.0
0.0
0.0
0.0
0.0
0.0
0.0
0.0
0.0
0.0
0.0
0.0
0.0
0.0
0.0
0.0
0.0
0.0
0.0
0.0
0.0
0.0
0.0
0.0
0.0
0.0
0.0
0.0
0.0
0.0
0.0
0.0
0.0
0.0
0.0
0.0
0.0
0.0
0.0
0.0
0.0
0.0
0.0
0.0
0.0
0.0
0.0
0.0
0.0
0.0
0.0
0.0
0.0
0.0
0.0
0.0
0.0
0.0
0.0
0.0
0.0
0.0
0.0
0.0
0.0
0.0
0.0
0.0
0.0
0.0
0.0
0.0
0.0
0.0
0.0
0.0
0.0
0.0
0.0
0.0
0.0
0.0
0.0
0.0
0.0
0.0
0.0
0.0
0.0
0.0
0.0
0.0
0.0
0.0
0.0
0.0
0.0
0.0
0.0
0.0
0.0
0.0
0.0
0.0
0.0
0.0
0.0
0.0
0.0
0.0
0.0
0.0
0.0
0.0
0.0
0.0
0.0
0.0
0.0
0.0
0.0
0.0
0.0
0.0
0.0
0.0
0.0
0.0
0.0
0.0
0.0
0.0
0.0
0.0
0.0
0.0
0.0
0.0
0.0
0.0
0.0
0.0
0.0
0.0
0.0
0.0
0.0
0.0
0.0
0.0
0.0
0.0
0.0
0.0
0.0
0.0
0.0
0.0
0.0
0.0
0.0
0.0
0.0
0.0
0.0
0.0
0.0
0.0
0.0
0.0
0.0
0.0
0.0
0.0
0.0
0.0
0.0
0.0
0.0
0.0
0.0
0.0
0.0
0.0
0.0
0.0
0.0
0.0
0.0
0.0
0.0
0.0
0.0
0.0
0.0
0.0
0.0
0.0
0.0
0.0
0.0
0.0
0.0
0.0
0.0
0.0
0.0
0.0
0.0
0.0
0.0
0.0
0.0
0.0
0.0
0.0
0.0
0.0
0.0
0.0
0.0
0.0
0.0
0.0
0.0
0.0
0.0
0.0
0.0
0.0
0.0
0.0
0.0
0.0
0.0
0.0
0.0
0.0
0.0
0.0
0.0
0.0
0.0
0.0
0.0
0.0
0.0
0.0
0.0
0.0
0.0
0.0
0.0
0.0
0.0
0.0
0.0
0.0
0.0
0.0
0.0
0.0
0.0
0.0
0.0
0.0
0.0
0.0
0.0
0.0
0.0
0.0
0.0
0.0
0.0
0.0
0.0
0.0
0.0
0.0
0.0
0.0
0.0
0.0
0.0
0.0
0.0
0.0
0.0
0.0
0.0
0.0
0.0
0.0
0.0
0.0
0.0
0.0
0.0
0.0
0.0
0.0
0.0
0.0
0.0
0.0
0.0
0.0
0.0
0.0
0.0
0.0
0.0
0.0
0.0
0.0
0.0
0.0
0.0
0.0
0.0
0.0
0.0
0.0
0.0
0.0
0.0
0.0
0.0
0.0
0.0
0.0
0.0
0.0
0.0
0.0
0.0
0.0
0.0
0.0
0.0
0.0
0.0
0.0
0.0
0.0
0.0
0.0
0.0
0.0
0.0
0.0
0.0
0.0
0.0
0.0
0.0
0.0
0.0
0.0
0.0
0.0
0.0
0.0
0.0
0.0
0.0
0.0
0.0
0.0
0.0
0.0
0.0
0.0
0.0
0.0
0.0
0.0
0.0
0.0
0.0
0.0
0.0
0.0
0.0
0.0
0.0
0.0
0.0
0.0
0.0
0.0
0.0
0.0
0.0
0.0
0.0
0.0
0.0
0.0
0.0
0.0
0.0
0.0
0.0
0.0
0.0
0.0
0.0
0.0
0.0
0.0
0.0
0.0
0.0
0.0
0.0
0.0
0.0
0.0
0.0
0.0
0.0
0.0
0.0
0.0
0.0
0.0
0.0
0.0
0.0
0.0
0.0
0.0
0.0
0.0
0.0
0.0
0.0
0.0
0.0
0.0
0.0
0.0
0.0
0.0
0.0
0.0
0.0
0.0
0.0
0.0
0.0
0.0
0.0
0.0
0.0
0.0
0.0
0.0
0.0
0.0
0.0
0.0
0.0
0.0
0.0
0.0
0.0
0.0
0.0
0.0
0.0
0.0
0.0
0.0
0.0
0.0
0.0
0.0
0.0
0.0
0.0
0.0
0.0
0.0
0.0
0.0
0.0
0.0
0.0
0.0
0.0
0.0
0.0
0.0
0.0
0.0
0.0
0.0
0.0
0.0
0.0
0.0
0.0
0.0
0.0
0.0
0.0
0.0
0.0
0.0
0.0
0.0
0.0
0.0
0.0
0.0
0.0
0.0
0.0
0.0
0.0
0.0
0.0
0.0
0.0
0.0
0.0
0.0
0.0
0.0
0.0
0.0
0.0
0.0
0.0
0.0
0.0
0.0
0.0
0.0
0.0
0.0
0.0
0.0
0.0
0.0
0.0
0.0
0.0
0.0
0.0
0.0
0.0
0.0
0.0
0.0
0.0
0.0
0.0
0.0
0.0
0.0
0.0
0.0
0.0
0.0
0.0
0.0
0.0
0.0
0.0
0.0
0.0
0.0
0.0
0.0
0.0
0.0
0.0
0.0
0.0
0.0
0.0
0.0
0.0
0.0
0.0
0.0
0.0
0.0
0.0
0.0
0.0
0.0
0.0
0.0
0.0
0.0
0.0
0.0
0.0
0.0
0.0
0.0
0.0
0.0
0.0
0.0
0.0
0.0
0.0
0.0
0.0
0.0
0.0
0.0
0.0
0.0
0.0
0.0
0.0
0.0
0.0
0.0
0.0
0.0
0.0
0.0
0.0
0.0
0.0
0.0
0.0
0.0
0.0
0.0
0.0
0.0
0.0
0.0
0.0
0.0
0.0
0.0
0.0
0.0
0.0
0.0
0.0
0.0
0.0
0.0
0.0
0.0
0.0
0.0
0.0
0.0
0.0
0.0
0.0
0.0
0.0
0.0
0.0
0.0
0.0
0.0
0.0
0.0
0.0
0.0
0.0
0.0
0.0
0.0
0.0
0.0
0.0
0.0
0.0
0.0
0.0
0.0
0.0
0.0
0.0
0.0
0.0
0.0
0.0
0.0
0.0
0.0
0.0
0.0
0.0
0.0
0.0
0.0
0.0
0.0
0.0
0.0
0.0
0.0
0.0
0.0
0.0
0.0
0.0
0.0
0.0
0.0
0.0
0.0
0.0
0.0
0.0
0.0
0.0
0.0
0.0
0.0
0.0
0.0
0.0
0.0
0.0
0.0
0.0
0.0
0.0
0.0
0.0
0.0
0.0
0.0
0.0
0.0
0.0
0.0
0.0
0.0
0.0
0.0
0.0
0.0
0.0
0.0
0.0
0.0
0.0
0.0
0.0
0.0
0.0
0.0
0.0
0.0
0.0
0.0
0.0
0.0
0.0
0.0
0.0
0.0
0.0
0.0
0.0
0.0
0.0
0.0
0.0
0.0
0.0
0.0
0.0
0.0
0.0
0.0
0.0
0.0
0.0
0.0
0.0
0.0
0.0
0.0
0.0
0.0
0.0
0.0
0.0
0.0
0.0
0.0
0.0
0.0
0.0
0.0
0.0
0.0
0.0
0.0
0.0
0.0
0.0
0.0
0.0
0.0
0.0
0.0
0.0
0.0
0.0
0.0
0.0
0.0
0.0
0.0
0.0
0.0
0.0
0.0
0.0
0.0
0.0
0.0
0.0
0.0
0.0
0.0
0.0
0.0
0.0
0.0
0.0
0.0
0.0
0.0
0.0
0.0
0.0
0.0
0.0
0.0
0.0
0.0
0.0
0.0
0.0
0.0
0.0
0.0
0.0
0.0
0.0
0.0
0.0
0.0
0.0
0.0
0.0
0.0
0.0
0.0
0.0
0.0
0.0
0.0
0.0
0.0
0.0
0.0
0.0
0.0
0.0
0.0
0.0
0.0
0.0
0.0
0.0
0.0
0.0
0.0
0.0
0.0
0.0
0.0
0.0
0.0
0.0
0.0
0.0
0.0
0.0
0.0
0.0
0.0
0.0
0.0
0.0
0.0
0.0
0.0
0.0
0.0
0.0
0.0
0.0
0.0
0.0
0.0
0.0
0.0
0.0
0.0
0.0
0.0
0.0
0.0
0.0
0.0
0.0
0.0
0.0
0.0
0.0
0.0
0.0
0.0
0.0
0.0
0.0
0.0
0.0
0.0
0.0
0.0
0.0
0.0
0.0
0.0
0.0
0.0
0.0
0.0
0.0
0.0
0.0
0.0
0.0
0.0
0.0
0.0
0.0
0.0
0.0
0.0
0.0
0.0
0.0
0.0
0.0
0.0
0.0
0.0
0.0
0.0
0.0
0.0
0.0
0.0
0.0
0.0
0.0
0.0
0.0
0.0
0.0
0.0
0.0
0.0
0.0
0.0
0.0
0.0
0.0
0.0
0.0
0.0
0.0
0.0
0.0
0.0
0.0
0.0
0.0
0.0
0.0
0.0
0.0
0.0
0.0
0.0
0.0
0.0
0.0
0.0
0.0
0.0
0.0
0.0
0.0
0.0
0.0
0.0
0.0
0.0
0.0
0.0
0.0
0.0
0.0
0.0
0.0
0.0
0.0
0.0
0.0
0.0
0.0
0.0
0.0
0.0
0.0
0.0
0.0
0.0
0.0
0.0
0.0
0.0
0.0
0.0
0.0
0.0
0.0
0.0
0.0
0.0
0.0
0.0
0.0
0.0
0.0
0.0
0.0
0.0
0.0
0.0
0.0
0.0
0.0
0.0
0.0
0.0
0.0
0.0
0.0
0.0
0.0
0.0
0.0
0.0
0.0
0.0
0.0
0.0
0.0
0.0
0.0
0.0
0.0
0.0
0.0
0.0
0.0
0.0
0.0
0.0
0.0
0.0
0.0
0.0
0.0
0.0
0.0
0.0
0.0
0.0
0.0
0.0
0.0
0.0
0.0
0.0
0.0
0.0
0.0
0.0
0.0
0.0
0.0
0.0
0.0
0.0
0.0
0.0
0.0
0.0
0.0
0.0
0.0
0.0
0.0
0.0
0.0
0.0
0.0
0.0
0.0
0.0
0.0
0.0
0.0
0.0
0.0
0.0
0.0
0.0
0.0
0.0
0.0
0.0
0.0
0.0
0.0
0.0
0.0
0.0
0.0
0.0
0.0
0.0
0.0
0.0
0.0
0.0
0.0
0.0
0.0
0.0
0.0
0.0
0.0
0.0
0.0
0.0
0.0
0.0
0.0
0.0
0.0
0.0
0.0
0.0
0.0
0.0
0.0
0.0
0.0
0.0
0.0
0.0
0.0
0.0
0.0
0.0
0.0
0.0
0.0
0.0
0.0
0.0
0.0
0.0
0.0
0.0
0.0
0.0
0.0
0.0
0.0
0.0
0.0
0.0
0.0
0.0
0.0
0.0
0.0
0.0
0.0
0.0
0.0
0.0
0.0
0.0
0.0
0.0
0.0
0.0
0.0
0.0
0.0
0.0
0.0
0.0
0.0
0.0
0.0
0.0
0.0
0.0
0.0
0.0
0.0
0.0
0.0
0.0
0.0
0.0
0.0
0.0
0.0
0.0
0.0
0.0
0.0
0.0
0.0
0.0
0.0
0.0
0.0
0.0
0.0
0.0
0.0
0.0
0.0
0.0
0.0
0.0
0.0
0.0
0.0
0.0
0.0
0.0
0.0
0.0
0.0
0.0
0.0
0.0
0.0
0.0
0.0
0.0
0.0
0.0
0.0
0.0
0.0
0.0
0.0
0.0
0.0
0.0
0.0
0.0
0.0
0.0
0.0
0.0
0.0
0.0
0.0
0.0
0.0
0.0
0.0
0.0
0.0
0.0
0.0
0.0
0.0
0.0
0.0
0.0
0.0
0.0
0.0
0.0
0.0
0.0
0.0
0.0
0.0
0.0
0.0
0.0
0.0
0.0
0.0
0.0
0.0
0.0
0.0
0.0
0.0
0.0
0.0
0.0
0.0
0.0
0.0
0.0
0.0
0.0
0.0
0.0
0.0
0.0
0.0
0.0
0.0
0.0
0.0
0.0
0.0
0.0
0.0
0.0
0.0
0.0
0.0
0.0
0.0
0.0
0.0
0.0
0.0
0.0
0.0
0.0
0.0
0.0
0.0
0.0
0.0
0.0
0.0
0.0
0.0
0.0
0.0
0.0
0.0
0.0
0.0
0.0
0.0
0.0
0.0
0.0
0.0
0.0
0.0
0.0
0.0
0.0
0.0
0.0
0.0
0.0
0.0
0.0
0.0
0.0
0.0
0.0
0.0
0.0
0.0
0.0
0.0
0.0
0.0
0.0
0.0
0.0
0.0
0.0
0.0
0.0
0.0
0.0
0.0
0.0
0.0
0.0
0.0
0.0
0.0
0.0
0.0
0.0
0.0
0.0
0.0
0.0
0.0
0.0
0.0
0.0
0.0
0.0
0.0
0.0
0.0
0.0
0.0
0.0
0.0
0.0
0.0
0.0
0.0
0.0
0.0
0.0
0.0
0.0
0.0
0.0
0.0
0.0
0.0
0.0
0.0
0.0
0.0
0.0
0.0
0.0
0.0
0.0
0.0
0.0
0.0
0.0
0.0
0.0
0.0
0.0
0.0
0.0
0.0
0.0
0.0
0.0
0.0
0.0
0.0
0.0
0.0
0.0
0.0
0.0
0.0
0.0
0.0
0.0
0.0
0.0
0.0
0.0
0.0
0.0
0.0
0.0
0.0
0.0
0.0
0.0
0.0
0.0
0.0
0.0
0.0
0.0
0.0
0.0
0.0
0.0
0.0
0.0
0.0
0.0
0.0
0.0
0.0
0.0
0.0
0.0
0.0
0.0
0.0
0.0
0.0
0.0
0.0
0.0
0.0
0.0
0.0
0.0
0.0
0.0
0.0
0.0
0.0
0.0
0.0
0.0
0.0
0.0
0.0
0.0
0.0
0.0
0.0
0.0
0.0
0.0
0.0
0.0
0.0
0.0
0.0
0.0
0.0
0.0
0.0
0.0
0.0
0.0
0.0
0.0
0.0
0.0
0.0
0.0
0.0
0.0
0.0
0.0
0.0
0.0
0.0
0.0
0.0
0.0
0.0
0.0
0.0
0.0
0.0
0.0
0.0
0.0
0.0
0.0
0.0
0.0
0.0
0.0
0.0
0.0
0.0
0.0
0.0
0.0
0.0
0.0
0.0
0.0
0.0
0.0
0.0
0.0
0.0
0.0
0.0
0.0
0.0
0.0
0.0
0.0
0.0
0.0
0.0
0.0
0.0
0.0
0.0
0.0
0.0
0.0
0.0
0.0
0.0
0.0
0.0
0.0
0.0
0.0
0.0
0.0
0.0
0.0
0.0
0.0
0.0
0.0
0.0
0.0
0.0
0.0
0.0
0.0
0.0
0.0
0.0
0.0
0.0
0.0
0.0
0.0
0.0
0.0
0.0
0.0
0.0
0.0
0.0
0.0
0.0
0.0
0.0
0.0
0.0
0.0
0.0
0.0
0.0
0.0
0.0
0.0
0.0
0.0
0.0
0.0
0.0
0.0
0.0
0.0
0.0
0.0
0.0
0.0
0.0
0.0
0.0
0.0
0.0
0.0
0.0
0.0
0.0
0.0
0.0
0.0
0.0
0.0
0.0
0.0
0.0
0.0
0.0
0.0
0.0
0.0
0.0
0.0
0.0
0.0
0.0
0.0
0.0
0.0
0.0
0.0
0.0
0.0
0.0
0.0
0.0
0.0
0.0
0.0
0.0
0.0
0.0
0.0
0.0
0.0
0.0
0.0
0.0
0.0
0.0
0.0
0.0
0.0
0.0
0.0
0.0
0.0
0.0
0.0
0.0
0.0
0.0
0.0
0.0
0.0
0.0
0.0
0.0
0.0
0.0
0.0
0.0
0.0
0.0
0.0
0.0
0.0
0.0
0.0
0.0
0.0
0.0
0.0
0.0
0.0
0.0
0.0
0.0
0.0
0.0
0.0
0.0
0.0
0.0
0.0
0.0
0.0
0.0
0.0
0.0
0.0
0.0
0.0
0.0
0.0
0.0
0.0
0.0
0.0
0.0
0.0
0.0
0.0
0.0
0.0
0.0
0.0
0.0
0.0
0.0
0.0
0.0
0.0
0.0
0.0
0.0
0.0
0.0
0.0
0.0
0.0
0.0
0.0
0.0
0.0
0.0
0.0
0.0
0.0
0.0
0.0
0.0
0.0
0.0
0.0
0.0
0.0
0.0
0.0
0.0
0.0
0.0
0.0
0.0
0.0
0.0
0.0
0.0
0.0
0.0
0.0
0.0
0.0
0.0
0.0
0.0
0.0
0.0
0.0
0.0
0.0
0.0
0.0
0.0
0.0
0.0
0.0
0.0
0.0
0.0
0.0
0.0
0.0
0.0
0.0
0.0
0.0
0.0
0.0
0.0
0.0
0.0
0.0
0.0
0.0
0.0
0.0
0.0
0.0
0.0
0.0
0.0
0.0
0.0
0.0
0.0
0.0
0.0
0.0
0.0
0.0
0.0
0.0
0.0
0.0
0.0
0.0
0.0
0.0
0.0
0.0
0.0
0.0
0.0
0.0
0.0
0.0
0.0
0.0
0.0
0.0
0.0
0.0
0.0
0.0
0.0
0.0
0.0
0.0
0.0
0.0
0.0
0.0
0.0
0.0
0.0
0.0
0.0
0.0
0.0
0.0
0.0
0.0
0.0
0.0
0.0
0.0
0.0
0.0
0.0
0.0
0.0
0.0
0.0
0.0
0.0
0.0
0.0
0.0
0.0
0.0
0.0
0.0
0.0
0.0
0.0
0.0
0.0
0.0
0.0
0.0
0.0
0.0
0.0
0.0
0.0
0.0
0.0
0.0
0.0
0.0
0.0
0.0
0.0
0.0
0.0
0.0
0.0
0.0
0.0
0.0
0.0
0.0
0.0
0.0
0.0
0.0
0.0
0.0
0.0
0.0
0.0
0.0
0.0
0.0
0.0
0.0
0.0
0.0
0.0
0.0
0.0
0.0
0.0
0.0
0.0
0.0
0.0
0.0
0.0
0.0
0.0
0.0
0.0
0.0
0.0
0.0
0.0
0.0
0.0
0.0
0.0
0.0
0.0
0.0
0.0
0.0
0.0
0.0
0.0
0.0
0.0
0.0
0.0
0.0
0.0
0.0
0.0
0.0
0.0
0.0
0.0
0.0
0.0
0.0
0.0
0.0
0.0
0.0
0.0
0.0
0.0
0.0
0.0
0.0
0.0
0.0
0.0
0.0
0.0
0.0
0.0
0.0
0.0
0.0
0.0
0.0
0.0
0.0
0.0
0.0
0.0
0.0
0.0
0.0
0.0
0.0
0.0
0.0
0.0
0.0
0.0
0.0
0.0
0.0
0.0
0.0
0.0
0.0
0.0
0.0
0.0
0.0
0.0
0.0
0.0
0.0
0.0
0.0
0.0
0.0
0.0
0.0
0.0
0.0
0.0
0.0
0.0
0.0
0.0
0.0
0.0
0.0
0.0
0.0
0.0
0.0
0.0
0.0
0.0
0.0
0.0
0.0
0.0
0.0
0.0
0.0
0.0
0.0
0.0
0.0
0.0
0.0
0.0
0.0
0.0
0.0
0.0
0.0
0.0
0.0
0.0
0.0
0.0
0.0
0.0
0.0
0.0
0.0
0.0
0.0
0.0
0.0
0.0
0.0
0.0
0.0
0.0
0.0
0.0
0.0
0.0
0.0
0.0
0.0
0.0
0.0
0.0
0.0
0.0
0.0
0.0
0.0
0.0
0.0
0.0
0.0
0.0
0.0
0.0
0.0
0.0
0.0
0.0
0.0
0.0
0.0
0.0
0.0
0.0
0.0
0.0
0.0
0.0
0.0
0.0
0.0
0.0
0.0
0.0
0.0
0.0
0.0
0.0
0.0
0.0
0.0
0.0
0.0
0.0
0.0
0.0
0.0
0.0
0.0
0.0
0.0
0.0
0.0
0.0
0.0
0.0
0.0
0.0
0.0
0.0
0.0
0.0
0.0
0.0
0.0
0.0
0.0
0.0
0.0
0.0
0.0
0.0
0.0
0.0
0.0
0.0
0.0
0.0
0.0
0.0
0.0
0.0
0.0
0.0
0.0
0.0
0.0
0.0
0.0
0.0
0.0
0.0
0.0
0.0
0.0
0.0
0.0
0.0
0.0
0.0
0.0
0.0
0.0
0.0
0.0
0.0
0.0
0.0
0.0
0.0
0.0
0.0
0.0
0.0
0.0
0.0
0.0
0.0
0.0
0.0
0.0
0.0
0.0
0.0
0.0
0.0
0.0
0.0
0.0
0.0
0.0
0.0
0.0
0.0
0.0
0.0
0.0
0.0
0.0
0.0
0.0
0.0
0.0
0.0
0.0
0.0
0.0
0.0
0.0
0.0
0.0
0.0
0.0
0.0
0.0
0.0
0.0
0.0
0.0
0.0
0.0
0.0
0.0
0.0
0.0
0.0
0.0
0.0
0.0
0.0
0.0
0.0
0.0
0.0
0.0
0.0
0.0
0.0
0.0
0.0
0.0
0.0
0.0
0.0
0.0
0.0
0.0
0.0
0.0
0.0
0.0
0.0
0.0
0.0
0.0
0.0
0.0
0.0
0.0
0.0
0.0
0.0
0.0
0.0
0.0
0.0
0.0
0.0
0.0
0.0
0.0
0.0
0.0
0.0
0.0
0.0
0.0
0.0
0.0
0.0
0.0
0.0
0.0
0.0
0.0
0.0
0.0
0.0
0.0
0.0
0.0
0.0
0.0
0.0
0.0
0.0
0.0
0.0
0.0
0.0
0.0
0.0
0.0
0.0
0.0
0.0
0.0
0.0
0.0
0.0
0.0
0.0
0.0
0.0
0.0
0.0
0.0
0.0
0.0
0.0
0.0
0.0
0.0
0.0
0.0
0.0
0.0
0.0
0.0
0.0
0.0
0.0
0.0
0.0
0.0
0.0
0.0
0.0
0.0
0.0
0.0
0.0
0.0
0.0
0.0
0.0
0.0
0.0
0.0
0.0
0.0
0.0
0.0
0.0
0.0
0.0
0.0
0.0
0.0
0.0
0.0
0.0
0.0
0.0
0.0
0.0
0.0
0.0
0.0
0.0
0.0
0.0
0.0
0.0
0.0
0.0
0.0
0.0
0.0
0.0
0.0
0.0
0.0
0.0
0.0
0.0
0.0
0.0
0.0
0.0
0.0
0.0
0.0
0.0
0.0
0.0
0.0
0.0
0.0
0.0
0.0
0.0
0.0
0.0
0.0
0.0
0.0
0.0
0.0
0.0
0.0
0.0
0.0
0.0
0.0
0.0
0.0
0.0
0.0
0.0
0.0
0.0
0.0
0.0
0.0
0.0
0.0
0.0
0.0
0.0
0.0
0.0
0.0
0.0
0.0
0.0
0.0
0.0
0.0
0.0
0.0
0.0
0.0
0.0
0.0
0.0
0.0
0.0
0.0
0.0
0.0
0.0
0.0
0.0
0.0
0.0
0.0
0.0
0.0
0.0
0.0
0.0
0.0
0.0
0.0
0.0
0.0
0.0
0.0
0.0
0.0
0.0
0.0
0.0
0.0
0.0
0.0
0.0
0.0
0.0
0.0
0.0
0.0
0.0
0.0
0.0
0.0
0.0
0.0
0.0
0.0
0.0
0.0
0.0
0.0
0.0
0.0
0.0
0.0
0.0
0.0
0.0
0.0
0.0
0.0
0.0
0.0
0.0
0.0
0.0
0.0
0.0
0.0
0.0
0.0
0.0
0.0
0.0
0.0
0.0
0.0
0.0
0.0
0.0
0.0
0.0
0.0
0.0
0.0
0.0
0.0
0.0
0.0
0.0
0.0
0.0
0.0
0.0
0.0
0.0
0.0
0.0
0.0
0.0
0.0
0.0
0.0
0.0
0.0
0.0
0.0
0.0
0.0
0.0
0.0
0.0
0.0
0.0
0.0
0.0
0.0
0.0
0.0
0.0
0.0
0.0
0.0
0.0
0.0
0.0
0.0
0.0
0.0
0.0
0.0
0.0
0.0
0.0
0.0
0.0
0.0
0.0
0.0
0.0
0.0
0.0
0.0
0.0
0.0
0.0
0.0
0.0
0.0
0.0
0.0
0.0
0.0
0.0
0.0
0.0
0.0
0.0
0.0
0.0
0.0
0.0
0.0
0.0
0.0
0.0
0.0
0.0
0.0
0.0
0.0
0.0
0.0
0.0
0.0
0.0
0.0
0.0
0.0
0.0
0.0
0.0
0.0
0.0
0.0
0.0
0.0
0.0
0.0
0.0
0.0
0.0
0.0
0.0
0.0
0.0
0.0
0.0
0.0
0.0
0.0
0.0
0.0
0.0
0.0
0.0
0.0
0.0
0.0
0.0
0.0
0.0
0.0
0.0
0.0
0.0
0.0
0.0
0.0
0.0
0.0
0.0
0.0
0.0
0.0
0.0
0.0
0.0
0.0
0.0
0.0
0.0
0.0
0.0
0.0
0.0
0.0
0.0
0.0
0.0
0.0
0.0
0.0
0.0
0.0
0.0
0.0
0.0
0.0
0.0
0.0
0.0
0.0
0.0
0.0
0.0
0.0
0.0
0.0
0.0
0.0
0.0
0.0
0.0
0.0
0.0
0.0
0.0
0.0
0.0
0.0
0.0
0.0
0.0
0.0
0.0
0.0
0.0
0.0
0.0
0.0
0.0
0.0
0.0
0.0
0.0
0.0
0.0
0.0
0.0
0.0
0.0
0.0
0.0
0.0
0.0
0.0
0.0
0.0
0.0
0.0
0.0
0.0
0.0
0.0
0.0
0.0
0.0
0.0
0.0
0.0
0.0
0.0
0.0
0.0
0.0
0.0
0.0
0.0
0.0
0.0
0.0
0.0
0.0
0.0
0.0
0.0
0.0
0.0
0.0
0.0
0.0
0.0
0.0
0.0
0.0
0.0
0.0
0.0
0.0
0.0
0.0
0.0
0.0
0.0
0.0
0.0
0.0
0.0
0.0
0.0
0.0
0.0
0.0
0.0
0.0
0.0
0.0
0.0
0.0
0.0
0.0
0.0
0.0
0.0
0.0
0.0
0.0
0.0
0.0
0.0
0.0
0.0
0.0
0.0
0.0
0.0
0.0
0.0
0.0
0.0
0.0
0.0
0.0
0.0
0.0
0.0
0.0
0.0
0.0
0.0
0.0
0.0
0.0
0.0
0.0
0.0
0.0
0.0
0.0
0.0
0.0
0.0
0.0
0.0
0.0
0.0
0.0
0.0
0.0
0.0
0.0
0.0
0.0
0.0
0.0
0.0
0.0
0.0
0.0
0.0
0.0
0.0
0.0
0.0
0.0
0.0
0.0
0.0
0.0
0.0
0.0
0.0
0.0
0.0
0.0
0.0
0.0
0.0
0.0
0.0
0.0
0.0
0.0
0.0
0.0
0.0
0.0
0.0
0.0
0.0
0.0
0.0
0.0
0.0
0.0
0.0
0.0
0.0
0.0
0.0
0.0
0.0
0.0
0.0
0.0
0.0
0.0
0.0
0.0
0.0
0.0
0.0
0.0
0.0
0.0
0.0
0.0
0.0
0.0
0.0
0.0
0.0
0.0
0.0
0.0
0.0
0.0
0.0
0.0
0.0
0.0
0.0
0.0
0.0
0.0
0.0
0.0
0.0
0.0
0.0
0.0
0.0
0.0
0.0
0.0
0.0
0.0
0.0
0.0
0.0
0.0
0.0
0.0
0.0
0.0
0.0
0.0
0.0
0.0
0.0
0.0
0.0
0.0
0.0
0.0
0.0
0.0
0.0
0.0
0.0
0.0
0.0
0.0
0.0
0.0
0.0
0.0
0.0
0.0
0.0
0.0
0.0
0.0
0.0
0.0
0.0
0.0
0.0
0.0
0.0
0.0
0.0
0.0
0.0
0.0
0.0
0.0
0.0
0.0
0.0
0.0
0.0
0.0
0.0
0.0
0.0
0.0
0.0
0.0
0.0
0.0
0.0
0.0
0.0
0.0
0.0
0.0
0.0
0.0
0.0
0.0
0.0
0.0
0.0
0.0
0.0
0.0
0.0
0.0
0.0
0.0
0.0
0.0
0.0
0.0
0.0
0.0
0.0
0.0
0.0
0.0
0.0
0.0
0.0
0.0
0.0
0.0
0.0
0.0
0.0
0.0
0.0
0.0
0.0
0.0
0.0
0.0
0.0
0.0
0.0
0.0
0.0
0.0
0.0
0.0
0.0
0.0
0.0
0.0
0.0
0.0
0.0
0.0
0.0
0.0
0.0
0.0
0.0
0.0
0.0
0.0
0.0
0.0
0.0
0.0
0.0
0.0
0.0
0.0
0.0
0.0
0.0
0.0
0.0
0.0
0.0
0.0
0.0
0.0
0.0
0.0
0.0
0.0
0.0
0.0
0.0
0.0
0.0
0.0
0.0
0.0
0.0
0.0
0.0
0.0
0.0
0.0
0.0
0.0
0.0
0.0
0.0
0.0
0.0
0.0
0.0
0.0
0.0
0.0
0.0
0.0
0.0
0.0
0.0
0.0
0.0
0.0
0.0
0.0
0.0
0.0
0.0
0.0
0.0
0.0
0.0
0.0
0.0
0.0
0.0
0.0
0.0
0.0
0.0
0.0
0.0
0.0
0.0
0.0
0.0
0.0
0.0
0.0
0.0
0.0
0.0
0.0
0.0
0.0
0.0
0.0
0.0
0.0
0.0
0.0
0.0
0.0
0.0
0.0
0.0
0.0
0.0
0.0
0.0
0.0
0.0
0.0
0.0
0.0
0.0
0.0
0.0
0.0
0.0
0.0
0.0
0.0
0.0
0.0
0.0
0.0
0.0
0.0
0.0
0.0
0.0
0.0
0.0
0.0
0.0
0.0
0.0
0.0
0.0
0.0
0.0
0.0
0.0
0.0
0.0
0.0
0.0
0.0
0.0
0.0
0.0
0.0
0.0
0.0
0.0
0.0
0.0
0.0
0.0
0.0
0.0
0.0
0.0
0.0
0.0
0.0
0.0
0.0
0.0
0.0
0.0
0.0
0.0
0.0
0.0
0.0
0.0
0.0
0.0
0.0
0.0
0.0
0.0
0.0
0.0
0.0
0.0
0.0
0.0
0.0
0.0
0.0
0.0
0.0
0.0
0.0
0.0
0.0
0.0
0.0
0.0
0.0
0.0
0.0
0.0
0.0
0.0
0.0
0.0
0.0
0.0
0.0
0.0
0.0
0.0
0.0
0.0
0.0
0.0
0.0
0.0
0.0
0.0
0.0
0.0
0.0
0.0
0.0
0.0
0.0
0.0
0.0
0.0
0.0
0.0
0.0
0.0
0.0
0.0
0.0
0.0
0.0
0.0
0.0
0.0
0.0
0.0
0.0
0.0
0.0
0.0
0.0
0.0
0.0
0.0
0.0
0.0
0.0
0.0
0.0
0.0
0.0
0.0
0.0
0.0
0.0
0.0
0.0
0.0
0.0
0.0
0.0
0.0
0.0
0.0
0.0
0.0
0.0
0.0
0.0
0.0
0.0
0.0
0.0
0.0
0.0
0.0
0.0
0.0
0.0
0.0
0.0
0.0
0.0
0.0
0.0
0.0
0.0
0.0
0.0
0.0
0.0
0.0
0.0
0.0
0.0
0.0
0.0
0.0
0.0
0.0
0.0
0.0
0.0
0.0
0.0
0.0
0.0
0.0
0.0
0.0
0.0
0.0
0.0
0.0
0.0
0.0
0.0
0.0
0.0
0.0
0.0
0.0
0.0
0.0
0.0
0.0
0.0
0.0
0.0
0.0
0.0
0.0
0.0
0.0
0.0
0.0
0.0
0.0
0.0
0.0
0.0
0.0
0.0
0.0
0.0
0.0
0.0
0.0
0.0
0.0
0.0
0.0
0.0
0.0
0.0
0.0
0.0
0.0
0.0
0.0
0.0
0.0
0.0
0.0
0.0
0.0
0.0
0.0
0.0
0.0
0.0
0.0
0.0
0.0
0.0
0.0
0.0
0.0
0.0
0.0
0.0
0.0
0.0
0.0
0.0
0.0
0.0
0.0
0.0
0.0
0.0
0.0
0.0
0.0
0.0
0.0
0.0
0.0
0.0
0.0
0.0
0.0
0.0
0.0
0.0
0.0
0.0
0.0
0.0
0.0
0.0
0.0
0.0
0.0
0.0
0.0
0.0
0.0
0.0
0.0
0.0
0.0
0.0
0.0
0.0
0.0
0.0
0.0
0.0
0.0
0.0
0.0
0.0
0.0
0.0
0.0
0.0
0.0
0.0
0.0
0.0
0.0
0.0
0.0
0.0
0.0
0.0
0.0
0.0
0.0
0.0
0.0
0.0
0.0
0.0
0.0
0.0
0.0
0.0
0.0
0.0
0.0
0.0
0.0
0.0
0.0
0.0
0.0
0.0
0.0
0.0
0.0
0.0
0.0
0.0
0.0
0.0
0.0
0.0
0.0
0.0
0.0
0.0
0.0
0.0
0.0
0.0
0.0
0.0
0.0
0.0
0.0
0.0
0.0
0.0
0.0
0.0
0.0
0.0
0.0
0.0
0.0
0.0
0.0
0.0
0.0
0.0
0.0
0.0
0.0
0.0
0.0
0.0
0.0
0.0
0.0
0.0
0.0
0.0
0.0
0.0
0.0
0.0
0.0
0.0
0.0
0.0
0.0
0.0
0.0
0.0
0.0
0.0
0.0
0.0
0.0
0.0
0.0
0.0
0.0
0.0
0.0
0.0
0.0
0.0
0.0
0.0
0.0
0.0
0.0
0.0
0.0
0.0
0.0
0.0
0.0
0.0
0.0
0.0
0.0
0.0
0.0
0.0
0.0
0.0
0.0
0.0
0.0
0.0
0.0
0.0
0.0
0.0
0.0
0.0
0.0
0.0
0.0
0.0
0.0
0.0
0.0
0.0
0.0
0.0
0.0
0.0
0.0
0.0
0.0
0.0
0.0
0.0
0.0
0.0
0.0
0.0
0.0
0.0
0.0
0.0
0.0
0.0
0.0
0.0
0.0
0.0
0.0
0.0
0.0
0.0
0.0
0.0
0.0
0.0
0.0
0.0
0.0
0.0
0.0
0.0
0.0
0.0
0.0
0.0
0.0
0.0
0.0
0.0
0.0
0.0
0.0
0.0
0.0
0.0
0.0
0.0
0.0
0.0
0.0
0.0
0.0
0.0
0.0
0.0
0.0
0.0
0.0
0.0
0.0
0.0
0.0
0.0
0.0
0.0
0.0
0.0
0.0
0.0
0.0
0.0
0.0
0.0
0.0
0.0
0.0
0.0
0.0
0.0
0.0
0.0
0.0
0.0
0.0
0.0
0.0
0.0
0.0
0.0
0.0
0.0
0.0
0.0
0.0
0.0
0.0
0.0
0.0
0.0
0.0
0.0
0.0
0.0
0.0
0.0
0.0
0.0
0.0
0.0
0.0
0.0
0.0
0.0
0.0
0.0
0.0
0.0
0.0
0.0
0.0
0.0
0.0
0.0
0.0
0.0
0.0
0.0
0.0
0.0
0.0
0.0
0.0
0.0
0.0
0.0
0.0
0.0
0.0
0.0
0.0
0.0
0.0
0.0
0.0
0.0
0.0
0.0
0.0
0.0
0.0
0.0
0.0
0.0
0.0
0.0
0.0
0.0
0.0
0.0
0.0
0.0
0.0
0.0
0.0
0.0
0.0
0.0
0.0
0.0
0.0
0.0
0.0
0.0
0.0
0.0
0.0
0.0
0.0
0.0
0.0
0.0
0.0
0.0
0.0
0.0
0.0
0.0
0.0
0.0
0.0
0.0
0.0
0.0
0.0
0.0
0.0
0.0
0.0
0.0
0.0
0.0
0.0
0.0
0.0
0.0
0.0
0.0
0.0
0.0
0.0
0.0
0.0
0.0
0.0
0.0
0.0
0.0
0.0
0.0
0.0
0.0
0.0
0.0
0.0
0.0
0.0
0.0
0.0
0.0
0.0
0.0
0.0
0.0
0.0
0.0
0.0
0.0
0.0
0.0
0.0
0.0
0.0
0.0
0.0
0.0
0.0
0.0
0.0
0.0
0.0
0.0
0.0
0.0
0.0
0.0
0.0
0.0
0.0
0.0
0.0
0.0
0.0
0.0
0.0
0.0
0.0
0.0
0.0
0.0
0.0
0.0
0.0
0.0
0.0
0.0
0.0
0.0
0.0
0.0
0.0
0.0
0.0
0.0
0.0
0.0
0.0
0.0
0.0
0.0
0.0
0.0
0.0
0.0
0.0
0.0
0.0
0.0
0.0
0.0
0.0
0.0
0.0
0.0
0.0
0.0
0.0
0.0
0.0
0.0
0.0
0.0
0.0
0.0
0.0
0.0
0.0
0.0
0.0
0.0
0.0
0.0
0.0
0.0
0.0
0.0
0.0
0.0
0.0
0.0
0.0
0.0
0.0
0.0
0.0
0.0
0.0
0.0
0.0
0.0
0.0
0.0
0.0
0.0
0.0
0.0
0.0
0.0
0.0
0.0
0.0
0.0
0.0
0.0
0.0
0.0
0.0
0.0
0.0
0.0
0.0
0.0
0.0
0.0
0.0
0.0
0.0
0.0
0.0
0.0
0.0
0.0
0.0
0.0
0.0
0.0
0.0
0.0
0.0
0.0
0.0
0.0
0.0
0.0
0.0
0.0
0.0
0.0
0.0
0.0
0.0
0.0
0.0
0.0
0.0
0.0
0.0
0.0
0.0
0.0
0.0
0.0
0.0
0.0
0.0
0.0
0.0
0.0
0.0
0.0
0.0
0.0
0.0
0.0
0.0
0.0
0.0
0.0
0.0
0.0
0.0
0.0
0.0
0.0
0.0
0.0
0.0
0.0
0.0
0.0
0.0
0.0
0.0
0.0
0.0
0.0
0.0
0.0
0.0
0.0
0.0
0.0
0.0
0.0
0.0
0.0
0.0
0.0
0.0
0.0
0.0
0.0
0.0
0.0
0.0
0.0
0.0
0.0
0.0
0.0
0.0
0.0
0.0
0.0
0.0
0.0
0.0
0.0
0.0
0.0
0.0
0.0
0.0
0.0
0.0
0.0
0.0
0.0
0.0
0.0
0.0
0.0
0.0
0.0
0.0
0.0
0.0
0.0
0.0
0.0
0.0
0.0
0.0
0.0
0.0
0.0
0.0
0.0
0.0
0.0
0.0
0.0
0.0
0.0
0.0
0.0
0.0
0.0
0.0
0.0
0.0
0.0
0.0
0.0
0.0
0.0
0.0
0.0
0.0
0.0
0.0
0.0
0.0
0.0
0.0
0.0
0.0
0.0
0.0
0.0
0.0
0.0
0.0
0.0
0.0
0.0
0.0
0.0
0.0
0.0
0.0
0.0
0.0
0.0
0.0
0.0
0.0
0.0
0.0
0.0
0.0
0.0
0.0
0.0
0.0
0.0
0.0
0.0
0.0
0.0
0.0
0.0
0.0
0.0
0.0
0.0
0.0
0.0
0.0
0.0
0.0
0.0
0.0
0.0
0.0
0.0
0.0
0.0
0.0
0.0
0.0
0.0
0.0
0.0
0.0
0.0
0.0
0.0
0.0
0.0
0.0
0.0
0.0
0.0
0.0
0.0
0.0
0.0
0.0
0.0
0.0
0.0
0.0
0.0
0.0
0.0
0.0
0.0
0.0
0.0
0.0
0.0
0.0
0.0
0.0
0.0
0.0
0.0
0.0
0.0
0.0
0.0
0.0
0.0
0.0
0.0
0.0
0.0
0.0
0.0
0.0
0.0
0.0
0.0
0.0
0.0
0.0
0.0
0.0
0.0
0.0
0.0
0.0
0.0
0.0
0.0
0.0
0.0
0.0
0.0
0.0
0.0
0.0
0.0
0.0
0.0
0.0
0.0
0.0
0.0
0.0
0.0
0.0
0.0
0.0
0.0
0.0
0.0
0.0
0.0
0.0
0.0
0.0
0.0
0.0
0.0
0.0
0.0
0.0
0.0
0.0
0.0
0.0
0.0
0.0
0.0
0.0
0.0
0.0
0.0
0.0
0.0
0.0
0.0
0.0
0.0
0.0
0.0
0.0
0.0
0.0
0.0
0.0
0.0
0.0
0.0
0.0
0.0
0.0
0.0
0.0
0.0
0.0
0.0
0.0
0.0
0.0
0.0
0.0
0.0
0.0
0.0
0.0
0.0
0.0
0.0
0.0
0.0
0.0
0.0
0.0
0.0
0.0
0.0
0.0
0.0
0.0
0.0
0.0
0.0
0.0
0.0
0.0
0.0
0.0
0.0
0.0
0.0
0.0
0.0
0.0
0.0
0.0
0.0
0.0
0.0
0.0
0.0
0.0
0.0
0.0
0.0
0.0
0.0
0.0
0.0
0.0
0.0
0.0
0.0
0.0
0.0
0.0
0.0
0.0
0.0
0.0
0.0
0.0
0.0
0.0
0.0
0.0
0.0
0.0
0.0
0.0
0.0
0.0
0.0
0.0
0.0
0.0
0.0
0.0
0.0
0.0
0.0
0.0
0.0
0.0
0.0
0.0
0.0
0.0
0.0
0.0
0.0
0.0
0.0
0.0
0.0
0.0
0.0
0.0
0.0
0.0
0.0
0.0
0.0
0.0
0.0
0.0
0.0
0.0
0.0
0.0
0.0
0.0
0.0
0.0
0.0
0.0
0.0
0.0
0.0
0.0
0.0
0.0
0.0
0.0
0.0
0.0
0.0
0.0
0.0
0.0
0.0
0.0
0.0
0.0
0.0
0.0
0.0
0.0
0.0
0.0
0.0
0.0
0.0
0.0
0.0
0.0
0.0
0.0
0.0
0.0
0.0
0.0
0.0
0.0
0.0
0.0
0.0
0.0
0.0
0.0
0.0
0.0
0.0
0.0
0.0
0.0
0.0
0.0
0.0
0.0
0.0
0.0
0.0
0.0
0.0
0.0
0.0
0.0
0.0
0.0
0.0
0.0
0.0
0.0
0.0
0.0
0.0
0.0
0.0
0.0
0.0
0.0
0.0
0.0
0.0
0.0
0.0
0.0
0.0
0.0
0.0
0.0
0.0
0.0
0.0
0.0
0.0
0.0
0.0
0.0
0.0
0.0
0.0
0.0
0.0
0.0
0.0
0.0
0.0
0.0
0.0
0.0
0.0
0.0
0.0
0.0
0.0
0.0
0.0
0.0
0.0
0.0
0.0
0.0
0.0
0.0
0.0
0.0
0.0
0.0
0.0
0.0
0.0
0.0
0.0
0.0
0.0
0.0
0.0
0.0
0.0
0.0
0.0
0.0
0.0
0.0
0.0
0.0
0.0
0.0
0.0
0.0
0.0
0.0
0.0
0.0
0.0
0.0
0.0
0.0
0.0
0.0
0.0
0.0
0.0
0.0
0.0
0.0
0.0
0.0
0.0
0.0
0.0
0.0
0.0
0.0
0.0
0.0
0.0
0.0
0.0
0.0
0.0
0.0
0.0
0.0
0.0
0.0
0.0
0.0
0.0
0.0
0.0
0.0
0.0
0.0
0.0
0.0
0.0
0.0
0.0
0.0
0.0
0.0
0.0
0.0
0.0
0.0
0.0
0.0
0.0
0.0
0.0
0.0
0.0
0.0
0.0
0.0
0.0
0.0
0.0
0.0
0.0
0.0
0.0
0.0
0.0
0.0
0.0
0.0
0.0
0.0
0.0
0.0
0.0
0.0
0.0
0.0
0.0
0.0
0.0
0.0
0.0
0.0
0.0
0.0
0.0
0.0
0.0
0.0
0.0
0.0
0.0
0.0
0.0
0.0
0.0
0.0
0.0
0.0
0.0
0.0
0.0
0.0
0.0
0.0
0.0
0.0
0.0
0.0
0.0
0.0
0.0
0.0
0.0
0.0
0.0
0.0
0.0
0.0
0.0
0.0
0.0
0.0
0.0
0.0
0.0
0.0
0.0
0.0
0.0
0.0
0.0
0.0
0.0
0.0
0.0
0.0
0.0
0.0
0.0
0.0
0.0
0.0
0.0
0.0
0.0
0.0
0.0
0.0
0.0
0.0
0.0
0.0
0.0
0.0
0.0
0.0
0.0
0.0
0.0
0.0
0.0
0.0
0.0
0.0
0.0
0.0
0.0
0.0
0.0
0.0
0.0
0.0
0.0
0.0
0.0
0.0
0.0
0.0
0.0
0.0
0.0
0.0
0.0
0.0
0.0
0.0
0.0
0.0
0.0
0.0
0.0
0.0
0.0
0.0
0.0
0.0
0.0
0.0
0.0
0.0
0.0
0.0
0.0
0.0
0.0
0.0
0.0
0.0
0.0
0.0
0.0
0.0
0.0
0.0
0.0
0.0
0.0
0.0
0.0
0.0
0.0
0.0
0.0
0.0
0.0
0.0
0.0
0.0
0.0
0.0
0.0
0.0
0.0
0.0
0.0
0.0
0.0
0.0
0.0
0.0
0.0
0.0
0.0
0.0
0.0
0.0
0.0
0.0
0.0
0.0
0.0
0.0
0.0
0.0
0.0
0.0
0.0
0.0
0.0
0.0
0.0
0.0
0.0
0.0
0.0
0.0
0.0
0.0
0.0
0.0
0.0
0.0
0.0
0.0
0.0
0.0
0.0
0.0
0.0
0.0
0.0
0.0
0.0
0.0
0.0
0.0
0.0
0.0
0.0
0.0
0.0
0.0
0.0
0.0
0.0
0.0
0.0
0.0
0.0
0.0
0.0
0.0
0.0
0.0
0.0
0.0
0.0
0.0
0.0
0.0
0.0
0.0
0.0
0.0
0.0
0.0
0.0
0.0
0.0
0.0
0.0
0.0
0.0
0.0
0.0
0.0
0.0
0.0
0.0
0.0
0.0
0.0
0.0
0.0
0.0
0.0
0.0
0.0
0.0
0.0
0.0
0.0
0.0
0.0
0.0
0.0
0.0
0.0
0.0
0.0
0.0
0.0
0.0
0.0
0.0
0.0
0.0
0.0
0.0
0.0
0.0
0.0
0.0
0.0
0.0
0.0
0.0
0.0
0.0
0.0
0.0
0.0
0.0
0.0
0.0
0.0
0.0
0.0
0.0
0.0
0.0
0.0
0.0
0.0
0.0
0.0
0.0
0.0
0.0
0.0
0.0
0.0
0.0
0.0
0.0
0.0
0.0
0.0
0.0
0.0
0.0
0.0
0.0
0.0
0.0
0.0
0.0
0.0
0.0
0.0
0.0
0.0
0.0
0.0
0.0
0.0
0.0
0.0
0.0
0.0
0.0
0.0
0.0
0.0
0.0
0.0
0.0
0.0
0.0
0.0
0.0
0.0
0.0
0.0
0.0
0.0
0.0
0.0
0.0
0.0
0.0
0.0
0.0
0.0
0.0
0.0
0.0
0.0
0.0
0.0
0.0
0.0
0.0
0.0
0.0
0.0
0.0
0.0
0.0
0.0
0.0
0.0
0.0
0.0
0.0
0.0
0.0
0.0
0.0
0.0
0.0
0.0
0.0
0.0
0.0
0.0
0.0
0.0
0.0
0.0
0.0
0.0
0.0
0.0
0.0
0.0
0.0
0.0
0.0
0.0
0.0
0.0
0.0
0.0
0.0
0.0
0.0
0.0
0.0
0.0
0.0
0.0
0.0
0.0
0.0
0.0
0.0
0.0
0.0
0.0
0.0
0.0
0.0
0.0
0.0
0.0
0.0
0.0
0.0
0.0
0.0
0.0
0.0
0.0
0.0
0.0
0.0
0.0
0.0
0.0
0.0
0.0
0.0
0.0
0.0
0.0
0.0
0.0
0.0
0.0
0.0
0.0
0.0
0.0
0.0
0.0
0.0
0.0
0.0
0.0
0.0
0.0
0.0
0.0
0.0
0.0
0.0
0.0
0.0
0.0
0.0
0.0
0.0
0.0
0.0
0.0
0.0
0.0
0.0
0.0
0.0
0.0
0.0
0.0
0.0
0.0
0.0
0.0
0.0
0.0
0.0
0.0
0.0
0.0
0.0
0.0
0.0
0.0
0.0
0.0
0.0
0.0
0.0
0.0
0.0
0.0
0.0
0.0
0.0
0.0
0.0
0.0
0.0
0.0
0.0
0.0
0.0
0.0
0.0
0.0
0.0
0.0
0.0
0.0
0.0
0.0
0.0
0.0
0.0
0.0
0.0
0.0
0.0
0.0
0.0
0.0
0.0
0.0
0.0
0.0
0.0
0.0
0.0
0.0
0.0
0.0
0.0
0.0
0.0
0.0
0.0
0.0
0.0
0.0
0.0
0.0
0.0
0.0
0.0
0.0
0.0
0.0
0.0
0.0
0.0
0.0
0.0
0.0
0.0
0.0
0.0
0.0
0.0
0.0
0.0
0.0
0.0
0.0
0.0
0.0
0.0
0.0
0.0
0.0
0.0
0.0
0.0
0.0
0.0
0.0
0.0
0.0
0.0
0.0
0.0
0.0
0.0
0.0
0.0
0.0
0.0
0.0
0.0
0.0
0.0
0.0
0.0
0.0
0.0
0.0
0.0
0.0
0.0
0.0
0.0
0.0
0.0
0.0
0.0
0.0
0.0
0.0
0.0
0.0
0.0
0.0
0.0
0.0
0.0
0.0
0.0
0.0
0.0
0.0
0.0
0.0
0.0
0.0
0.0
0.0
0.0
0.0
0.0
0.0
0.0
0.0
0.0
0.0
0.0
0.0
0.0
0.0
0.0
0.0
0.0
0.0
0.0
0.0
0.0
0.0
0.0
0.0
0.0
0.0
0.0
0.0
0.0
0.0
0.0
0.0
0.0
0.0
0.0
0.0
0.0
0.0
0.0
0.0
0.0
0.0
0.0
0.0
0.0
0.0
0.0
0.0
0.0
0.0
0.0
0.0
0.0
0.0
0.0
0.0
0.0
0.0
0.0
0.0
0.0
0.0
0.0
0.0
0.0
0.0
0.0
0.0
0.0
0.0
0.0
0.0
0.0
0.0
0.0
0.0
0.0
0.0
0.0
0.0
0.0
0.0
0.0
0.0
0.0
0.0
0.0
0.0
0.0
0.0
0.0
0.0
0.0
0.0
0.0
0.0
0.0
0.0
0.0
0.0
0.0
0.0
0.0
0.0
0.0
0.0
0.0
0.0
0.0
0.0
0.0
0.0
0.0
0.0
0.0
0.0
0.0
0.0
0.0
0.0
0.0
0.0
0.0
0.0
0.0
0.0
0.0
0.0
0.0
0.0
0.0
0.0
0.0
0.0
0.0
0.0
0.0
0.0
0.0
0.0
0.0
0.0
0.0
0.0
0.0
0.0
0.0
0.0
0.0
0.0
0.0
0.0
0.0
0.0
0.0
0.0
0.0
0.0
0.0
0.0
0.0
0.0
0.0
0.0
0.0
0.0
0.0
0.0
0.0
0.0
0.0
0.0
0.0
0.0
0.0
0.0
0.0
0.0
0.0
0.0
0.0
0.0
0.0
0.0
0.0
0.0
0.0
0.0
0.0
0.0
0.0
0.0
0.0
0.0
0.0
0.0
0.0
0.0
0.0
0.0
0.0
0.0
0.0
0.0
0.0
0.0
0.0
0.0
0.0
0.0
0.0
0.0
0.0
0.0
0.0
0.0
0.0
0.0
0.0
0.0
0.0
0.0
0.0
0.0
0.0
0.0
0.0
0.0
0.0
0.0
0.0
0.0
0.0
0.0
0.0
0.0
0.0
0.0
0.0
0.0
0.0
0.0
0.0
0.0
0.0
0.0
0.0
0.0
0.0
0.0
0.0
0.0
0.0
0.0
0.0
0.0
0.0
0.0
0.0
0.0
0.0
0.0
0.0
0.0
0.0
0.0
0.0
0.0
0.0
0.0
0.0
0.0
0.0
0.0
0.0
0.0
0.0
0.0
0.0
0.0
0.0
0.0
0.0
0.0
0.0
0.0
0.0
0.0
0.0
0.0
0.0
0.0
0.0
0.0
0.0
0.0
0.0
0.0
0.0
0.0
0.0
0.0
0.0
0.0
0.0
0.0
0.0
0.0
0.0
0.0
0.0
0.0
0.0
0.0
0.0
0.0
0.0
0.0
0.0
0.0
0.0
0.0
0.0
0.0
0.0
0.0
0.0
0.0
0.0
0.0
0.0
0.0
0.0
0.0
0.0
0.0
0.0
0.0
0.0
0.0
0.0
0.0
0.0
0.0
0.0
0.0
0.0
0.0
0.0
0.0
0.0
0.0
0.0
0.0
0.0
0.0
0.0
0.0
0.0
0.0
0.0
0.0
0.0
0.0
0.0
0.0
0.0
0.0
0.0
0.0
0.0
0.0
0.0
0.0
0.0
0.0
0.0
0.0
0.0
0.0
0.0
0.0
0.0
0.0
0.0
0.0
0.0
0.0
0.0
0.0
0.0
0.0
0.0
0.0
0.0
0.0
0.0
0.0
0.0
0.0
0.0
0.0
0.0
0.0
0.0
0.0
0.0
0.0
0.0
0.0
0.0
0.0
0.0
0.0
0.0
0.0
0.0
0.0
0.0
0.0
0.0
0.0
0.0
0.0
0.0
0.0
0.0
0.0
0.0
0.0
0.0
0.0
0.0
0.0
0.0
0.0
0.0
0.0
0.0
0.0
0.0
0.0
0.0
0.0
0.0
0.0
0.0
0.0
0.0
0.0
0.0
0.0
0.0
0.0
0.0
0.0
0.0
0.0
0.0
0.0
0.0
0.0
0.0
0.0
0.0
0.0
0.0
0.0
0.0
0.0
0.0
0.0
0.0
0.0
0.0
0.0
0.0
0.0
0.0
0.0
0.0
0.0
0.0
0.0
0.0
0.0
0.0
0.0
0.0
0.0
0.0
0.0
0.0
0.0
0.0
0.0
0.0
0.0
0.0
0.0
0.0
0.0
0.0
0.0
0.0
0.0
0.0
0.0
0.0
0.0
0.0
0.0
0.0
0.0
0.0
0.0
0.0
0.0
0.0
0.0
0.0
0.0
0.0
0.0
0.0
0.0
0.0
0.0
0.0
0.0
0.0
0.0
0.0
0.0
0.0
0.0
0.0
0.0
0.0
0.0
0.0
0.0
0.0
0.0
0.0
0.0
0.0
0.0
0.0
0.0
0.0
0.0
0.0
0.0
0.0
0.0
0.0
0.0
0.0
0.0
0.0
0.0
0.0
0.0
0.0
0.0
0.0
0.0
0.0
0.0
0.0
0.0
0.0
0.0
0.0
0.0
0.0
0.0
0.0
0.0
0.0
0.0
0.0
0.0
0.0
0.0
0.0
0.0
0.0
0.0
0.0
0.0
0.0
0.0
0.0
0.0
0.0
0.0
0.0
0.0
0.0
0.0
0.0
0.0
0.0
0.0
0.0
0.0
0.0
0.0
0.0
0.0
0.0
0.0
0.0
0.0
0.0
0.0
0.0
0.0
0.0
0.0
0.0
0.0
0.0
0.0
0.0
0.0
0.0
0.0
0.0
0.0
0.0
0.0
0.0
0.0
0.0
0.0
0.0
0.0
0.0
0.0
0.0
0.0
0.0
0.0
0.0
0.0
0.0
0.0
0.0
0.0
0.0
0.0
0.0
0.0
0.0
0.0
0.0
0.0
0.0
0.0
0.0
0.0
0.0
0.0
0.0
0.0
0.0
0.0
0.0
0.0
0.0
0.0
0.0
0.0
0.0
0.0
0.0
0.0
0.0
0.0
0.0
0.0
0.0
0.0
0.0
0.0
0.0
0.0
0.0
0.0
0.0
0.0
0.0
0.0
0.0
0.0
0.0
0.0
0.0
0.0
0.0
0.0
0.0
0.0
0.0
0.0
0.0
0.0
0.0
0.0
0.0
0.0
0.0
0.0
0.0
0.0
0.0
0.0
0.0
0.0
0.0
0.0
0.0
0.0
0.0
0.0
0.0
0.0
0.0
0.0
0.0
0.0
0.0
0.0
0.0
0.0
0.0
0.0
0.0
0.0
0.0
0.0
0.0
0.0
0.0
0.0
0.0
0.0
0.0
0.0
0.0
0.0
0.0
0.0
0.0
0.0
0.0
0.0
0.0
0.0
0.0
0.0
0.0
0.0
0.0
0.0
0.0
0.0
0.0
0.0
0.0
0.0
0.0
0.0
0.0
0.0
0.0
0.0
0.0
0.0
0.0
0.0
0.0
0.0
0.0
0.0
0.0
0.0
0.0
0.0
0.0
0.0
0.0
0.0
0.0
0.0
0.0
0.0
0.0
0.0
0.0
0.0
