467.187388072795
454.81829204935383
427.5262070654671
427.08112405727786
411.1320761117189
395.73052331539304
373.53230433472174
373.53230433472174
353.44356600828445
353.44356600828445
353.44356600828445
353.44356600828445
353.44356600828445
347.06324474988287
325.0618661255256
321.6773501982386
321.6773501982386
312.27217274203616
307.94958737580146
300.93787581535685
295.9614623342801
284.6121619457769
281.9223586026434
281.9223586026434
267.9884367176932
244.57575698426493
244.57575698426493
244.57575698426493
244.57575698426493
244.57575698426493
244.39370234935174
240.7242562708228
240.7242562708228
239.76186646350135
228.4292294350987
220.03901073937078
210.23809998452407
200.3487646357449
200.3487646357449
200.3487646357449
194.81806239255974
193.49671685372144
186.485433044454
181.65917522065206
179.90779819334762
178.70944176703284
162.80253424773616
162.80253424773616
162.80253424773616
162.80253424773616
162.80253424773616
162.80253424773616
160.6782261938075
160.6782261938075
159.61678200407954
140.20081077570973
140.20081077570973
140.20081077570973
123.41950459940043
123.41950459940043
123.41950459940043
123.41950459940043
122.02091319365238
122.02091319365238
122.02091319365238
122.02091319365238
108.0977927324999
108.07225358107587
108.07225358107587
108.07225358107587
108.07225358107587
107.62871055841049
107.62871055841049
102.66886552951593
102.66886552951593
101.34277144009499
101.34277144009499
101.34277144009499
101.34277144009499
101.34277144009499
99.86203293636996
96.73551117831968
96.73551117831968
90.86477812058848
90.86477812058848
83.79513567773157
78.45828737245085
76.7536519291778
76.7536519291778
76.7536519291778
76.7536519291778
76.7536519291778
71.23355278202891
71.23355278202891
70.56797814846868
70.56797814846868
69.12283939185536
69.12283939185536
69.12283939185536
69.12283939185536
69.11210084941652
69.11210084941652
68.78813371446446
68.78813371446446
68.78813371446446
65.05908656853939
65.05908656853939
65.05908656853939
65.05908656853939
65.05908656853939
61.57678902884874
61.57678902884874
61.57678902884874
61.57678902884874
61.57678902884874
61.57678902884874
61.4248112316902
61.4248112316902
61.4248112316902
61.4248112316902
60.55552089837374
60.55552089837374
60.55552089837374
60.55552089837374
60.55552089837374
60.55552089837374
60.55552089837374
60.55552089837374
60.55552089837374
60.55552089837374
60.55552089837374
60.55552089837374
60.55552089837374
60.55552089837374
60.4452026789468
58.27103856415425
58.27103856415425
58.27103856415425
57.211276482950296
57.211276482950296
53.70267224449756
53.70267224449756
53.70267224449756
53.514590324547726
53.514590324547726
53.514590324547726
53.514590324547726
53.514590324547726
53.514590324547726
48.890809766357194
48.890809766357194
48.890809766357194
48.890809766357194
48.750515342395175
48.750515342395175
48.750515342395175
48.750515342395175
48.750515342395175
48.750515342395175
48.750515342395175
48.750515342395175
47.80308732239857
47.80308732239857
47.80308732239857
47.80308732239857
46.17939056607784
46.17939056607784
44.7409736175114
44.7409736175114
44.7409736175114
44.7409736175114
44.7409736175114
40.32719644270162
40.32719644270162
40.32719644270162
40.32719644270162
40.32719644270162
35.454246418341484
35.318402846452955
35.131836330184285
34.83536256315119
34.830326867676945
33.96715308401457
33.96715308401457
33.96516307273595
33.96516307273595
33.96516307273595
33.88124487098378
33.55526793784077
33.55526793784077
33.55526793784077
33.54875838346862
33.54875838346862
33.54875838346862
31.06008386675836
30.94454029339812
30.94454029339812
30.94454029339812
30.94454029339812
30.94454029339812
30.22686433774919
30.213686242135907
30.213686242135907
30.213686242135907
30.213686242135907
30.213686242135907
30.037818515845743
30.037818515845743
26.4705378854444
26.4705378854444
26.4705378854444
26.4705378854444
26.122821227236216
26.122821227236216
26.117137837536006
26.117137837536006
26.10153476662032
26.10153476662032
26.10153476662032
26.092787115260876
26.092787115260876
25.67659351757362
25.67659351757362
25.67237447932439
25.67237447932439
25.67237447932439
25.67237447932439
25.663771722313243
25.663771722313243
25.65516920221694
25.65516920221694
25.265686917716607
25.265686917716607
25.265686917716607
25.19406589173923
25.18053719455088
25.18053719455088
25.051255833011396
24.816149201132134
24.0718440877597
24.0718440877597
21.494936183618393
21.494936183618393
18.45834278299236
18.45832398668358
18.45832398668358
18.45832398668358
18.45832398668358
18.45832398668358
18.210048483143737
18.172537776046795
18.172537776046795
18.172537776046795
18.172537776046795
17.889018208128675
17.889018208128675
17.889018208128675
17.889018208128675
17.889018208128675
17.829121561987165
17.829121561987165
17.829121561987165
17.829121561987165
17.829121561987165
17.829121561987165
17.829121561987165
17.829121561987165
16.159930106955358
16.152510725912975
16.152510725912975
16.152510725912975
15.176688113999262
15.176688113999262
15.176688113999262
15.176688113999262
15.170809536897309
15.170809536897309
15.170809536897309
15.079888822267776
15.079888822267776
15.079888822267776
14.870243382436342
14.870243382436342
14.870243382436342
14.870243382436342
14.870243382436342
14.870243382436342
14.859660114082715
14.859660114082715
14.859660114082715
14.859636646905358
14.743082848195115
13.206950850057524
13.206950850057524
13.206950850057524
13.206950850057524
11.58715481521125
11.018873485574602
11.018873485574602
10.96711395729318
10.966647290296066
10.296892616288005
10.296892616288005
10.296892616288005
10.296892616288005
10.296892616288005
10.295569138273265
10.153656054509895
10.147808736536831
10.147808736536831
10.147808736536831
10.03054850674414
9.636125991965002
9.636125991965002
9.40037051633351
9.40037051633351
9.400341523577538
9.400341523577538
9.400341523577538
9.400171936027846
9.400171936027846
9.39479977231332
9.39479977231332
9.39479977231332
9.39479977231332
9.39479977231332
9.394775779152383
9.382197744237487
9.382197744237487
9.382197744237487
9.379430296032524
9.379430296032524
9.379430296032524
9.300764041385207
9.299298684030873
9.299298684030873
9.274767928401332
8.346793304759615
8.337628836934982
8.26950363859379
8.26950351217647
8.26950351217647
8.26950351217647
8.26950351217647
7.401836236792349
7.400910513340364
7.400910513340364
7.400910513340364
7.360760104146095
7.106441190880844
7.106441190880844
7.106441190880844
6.982095316225127
6.981941396668276
6.981941396668276
6.981941396668276
6.981941396668276
6.981941396668276
6.981941396668276
6.973565979128637
6.969967000754366
6.577125896824555
6.564791566932797
6.564791566932797
6.564791566932797
6.547965923068432
6.547965923068432
6.547561961923407
6.547561961923407
6.547187699122844
6.547187699122844
6.546555820490482
6.546555820490482
6.546555820490482
6.546540237446322
6.545852365490873
6.524997985206767
6.524694479849245
6.524694479849245
6.524694479849245
6.524694479849245
6.521269578973602
6.521269578973602
6.521214195258153
6.521214195258153
6.521214195258153
6.520810907929899
6.520810907929899
6.5207044605277815
6.5207044605277815
6.520616420203567
6.520616420203567
6.520342943104026
6.520342943104026
6.520342943104026
6.520342943104026
6.520228373344537
6.519705265244454
6.347679053140382
6.347679053140382
6.347601864080218
6.347601864080218
6.347354648288842
6.347354648288842
6.347354648288842
6.335818101205859
6.335818101205859
6.335818101205859
6.298817493939168
6.298817493939168
6.297904348287489
6.297904348287489
6.297904348287489
6.297904348287489
6.297904348287489
6.297904348287489
6.297904348287489
6.297904348287489
6.297904348287489
6.297904348287489
6.297904348287489
6.296432193113276
6.296432193113276
6.296144563231337
6.296144563231337
6.2961166881227655
6.2961166881227655
6.2960183348448595
6.2960181094219365
6.255105097573107
6.255105097573107
6.255094398677215
6.254994403950775
6.254994403950775
6.254994403950775
6.254994403950775
6.2548257626858685
6.254810495472952
6.254810495472952
6.254810495472952
6.254810294073366
6.254810294073366
6.254810294073366
6.245635476308678
6.245635476308678
6.024730667016854
6.023228304135614
6.023228304135614
6.023228304135614
5.134240498016538
5.134209725079074
5.134209725079074
5.134204837488255
5.134204837488255
5.134204837488255
5.134204837488255
5.134204837488255
5.134204837488255
5.134121273283085
5.134121273283085
5.134121273283085
5.134121273283085
5.134110152174458
5.132080990850795
5.132080990850795
5.132080990850795
5.132080791561691
4.341128450390727
4.338759006404075
4.338759006404075
4.33096649070211
4.33096649070211
4.330910584583421
4.330910584583421
4.3307510666321605
4.330745895195889
4.330745895195889
4.3014563691661465
4.301231929885489
3.6779416870696195
3.6778802293096646
3.6778784841528704
3.6778638844970146
3.6778637278338806
3.6777531886273778
3.6773225603085393
3.677322389051824
3.3418289627056765
3.3413992963871237
3.341399063973938
3.341399063973938
3.3413897842791584
3.3413897842791584
3.3413897842791584
3.304880073905224
3.304880073905224
3.304880073905224
3.303448863034248
3.3034449767056913
3.2675666549486664
3.267068477505404
3.267068477505404
3.266984431197443
3.2667866704125004
3.2667866704125004
3.2667866704125004
3.2667085926744335
3.26659696090087
3.266596895058967
3.266596895058967
3.266596895058967
3.2665965626246702
3.2665965626246702
3.2665965626246702
3.2665965626246702
3.2665965616120616
3.265963694543018
3.265963694543018
3.265950222254048
3.265914512091001
3.265914512091001
3.26327810119966
3.26327810119966
3.263276619080216
3.263276006104604
3.263276006104604
3.263276006104604
3.263276006104604
3.263275945948635
3.2604387829575785
3.2604387829575785
3.2450493337640864
3.24504917453379
3.24504917453379
3.24504917453379
3.24504917453379
3.24504917453379
3.245049169642641
3.245049169642641
3.24504916822724
3.245048682739423
3.2218055959136223
3.2218054806809278
3.2218054806809278
3.221804104803084
3.221804104803084
3.221804104803084
3.221799051406208
3.18622858471673
3.1117335831046375
3.1117335831046375
3.1117274805717443
3.1117274755931703
3.1117274755931703
3.1117274755931703
3.1117274755931703
3.1117274755931703
3.1117274755931703
3.1117274755931703
3.1117218658702086
3.1116599390062447
3.1116599390062447
3.1116599390062447
3.1116599390062447
3.1116599390062447
3.1116599390062447
3.1116599390062447
3.1116599390062447
3.1116599390062447
3.1116599390062447
3.111659903632585
3.111659903632585
3.1116597863071433
3.111658324526047
3.111658324526047
3.111658324526047
3.111658324526047
3.111658324526047
3.111658324526047
3.111658324526047
3.111658324526047
3.111656831164055
3.111656831164055
3.1116567504265618
3.1116567496872563
3.1116567496872563
3.1116567496872563
3.1116567496872563
3.1116393622287433
3.1116393622287433
3.1116393622287433
3.1116393622287433
3.1116393622287433
3.1048903804010024
3.1048903804010024
3.1048691670538346
3.103241657638989
3.1030840623335507
3.103084057470369
3.103084057470369
3.103084057470369
3.006118609025748
3.0061146542661277
3.0061146527618234
3.0061146527618234
3.0061146527618234
3.006112406418083
3.0061124052176638
3.0061124052176638
3.0061124052176638
3.0061124052176638
3.0061124052176638
3.0061124052176638
3.003559149878413
3.003461603733683
3.003461603733683
3.003396353995413
3.003396353995413
3.003396353995413
3.003396353995413
3.00339634375905
3.0033963219248676
3.0033963219248676
3.0033963219248676
3.0033963219248676
3.003396306969762
3.003396306969762
3.0033961566272183
3.0033961566272183
3.0033961207108177
3.0033961207108177
3.0033628697277663
3.0033628697277663
3.0033628697277663
2.9883647516053315
2.9883647516053315
2.9883647516053315
2.9883647516053315
2.9883647516053315
2.9883647516053315
2.988353734263683
2.9877517783394865
2.9877517783394865
2.987751652244924
2.987751652244924
2.9877384369111155
2.004552440061218
2.004552065014252
2.00454492939366
2.0045448509582684
2.0045448509582684
2.0045448509582684
2.0045448509582684
2.0045448509582684
2.0044721319447376
2.0044703123902536
2.0044703123902536
2.0044703123902536
2.0044703123902536
2.0044702748829764
2.0044702748829764
2.0044702748829764
1.990132745615881
1.990132745615881
1.990132745615881
1.9901304455998456
1.9901256779253913
1.9901256779253913
1.9901256764426307
1.9901253855346681
1.9901212212873247
1.9901212212873247
1.9901212212873247
1.9901212209999812
1.9901212209999812
1.9901211506900154
1.9901192381156534
1.9901192381156534
1.9901175846289902
1.9901175386412433
1.9901175386412433
1.9901175386412433
1.9900631648610556
1.9900631648610556
1.9900492692086686
1.9900492691365343
1.9900492691365343
1.9900492691365343
1.9900492515180872
1.990048953175119
1.990048953175119
1.990048953175119
1.990048953175119
1.990048953175119
1.990048953175119
1.990048953175119
1.990048953175119
1.990048953175119
1.990048953175119
1.9900489495798297
1.9900489478336567
1.9900489478336567
1.9900489478336567
1.990048903587308
1.9899709046272278
1.9899709046272278
1.9899708982518405
1.989970892460235
1.9899708870624977
1.9899708720543572
1.9899708676303476
1.9899708676303476
1.9899708676303476
1.9899708658736017
1.9899708658736017
1.9899708658736017
1.9899701615156005
1.9899701609825797
1.9899701609825797
1.9899701609825797
1.989970105379598
1.989970105379598
1.989970105379598
1.9899696965711087
1.9899696965351268
1.9899695647710018
1.9899695647710018
1.9899695647710018
1.989969562123008
1.9899694829466057
1.9899694737874256
1.9899694737874256
1.9899694725756376
1.9899694725756376
1.9899694725756376
1.9899694725756376
1.9899694725756376
1.9899694725756376
1.9899694725756376
1.989968502027466
1.989968502027466
1.9899684952023904
1.9899684952023904
1.9899684952023904
1.9899684952023904
1.9899684952023904
1.9899684952023904
1.9899533942877383
1.9899533942877383
1.989953394253746
1.9899505173448233
1.9899505173448233
1.9899505173448233
1.989950358459339
1.989950358459339
1.989950358459339
1.9899503566758199
1.9899503566663839
1.9899503566663839
1.9899392831571276
1.9899392492714014
1.9899392492714014
1.9899392491817025
1.9899392491817025
1.9899392491817025
1.9899392439027679
1.9899392439027679
1.9899392439027679
1.9899391871246621
1.9899391857100568
1.9899391857100568
1.9899391856456532
1.9899391856456532
1.9899391856456532
1.9899391856456532
1.9899391856456532
1.9899391856456532
1.9899391856456532
1.9899391201950607
1.9899391176587642
1.9899391021878046
1.989939101990558
1.9899390954962541
1.9899390940584567
1.9899390940584567
1.9899390912981403
1.9899390912981403
1.989939071383219
1.9899390648706685
1.9899390648706685
1.9899390648706685
1.9899390648706685
1.9899390648600956
1.9899390648600956
1.989939064859982
1.989939064859982
1.989939064859982
1.9899390632178324
1.9899390632178324
1.9899390632178324
1.9899390632178324
1.9899390632178324
1.9899256204329845
1.9899255862640075
1.9899255832816607
1.9899255827103275
1.9899255826601916
1.9899255826601916
1.9899255826503577
1.9899255825455384
1.9899255825455384
1.9899255825455384
1.9899255825455384
1.9899255820760686
1.9899185373921568
1.9899185373921568
1.9899185373126898
1.9899185042648924
1.9899185042648924
1.9899185042648924
1.989918504201512
1.989918504201512
1.9899185041896317
1.9899185041896317
1.9899185025489032
1.9899185025489032
1.9899185024440271
1.9899185024440271
1.9899185024440271
1.9899185009271037
1.9899185009070948
1.9899185009070948
1.9899185008356426
1.9899184922264794
1.9899184922264794
1.7914272444385233
1.3774682351710794
1.3774682323361844
1.3773310105656833
1.0472384669297412
1.047238403545009
1.047238403545009
1.0459089883364072
1.0029952823974781
1.002987527358357
1.0029874614057803
0.9986412168853462
0.9985405756975183
0.9985375156915097
0.9979303644417428
0.9979303644417428
0.9975581385066903
0.9975579763671476
0.9975579763671476
0.9975579301553807
0.9975571291655001
0.9975571291655001
0.9975571291655001
0.9975571291655001
0.9975571291655001
0.9975571284839475
0.997555750393758
0.997555750393758
0.997555750393758
0.997555750393758
0.9975557413901583
0.9975557413901583
0.9975557410039073
0.9974954408405097
0.9974954349995073
0.9974954337627082
0.9974954276389099
0.9974954265288716
0.9974953050958675
0.9956962531181262
0.9956726875361142
0.9956726875361142
0.9955888581503132
0.9955888581503132
0.9955796748820376
0.9955796748820376
0.9955796748820376
0.9953405582899109
0.9953405580064896
0.9953405580064896
0.9953405564842797
0.9953405481931554
0.9953405481931554
0.9953405481931554
0.9953405481931554
0.9953315203775333
0.9953315203241004
0.9953315203241004
0.9953315199992971
0.9953314894401046
0.9953314894401046
0.9953314894401046
0.9950404792991208
0.9950401398115218
0.9950401398115218
0.19153541335396085
0.19153541335396085
0.033054812942737044
0.03305481279124933
0.03305481279124933
0.03305480852719711
0.0065980488295735995
0.0065980481479073205
0.006598047436398247
0.006597993422985837
0.0004497600713193606
0.0004497600713193606
0.00042703602758820125
0.0004270337933007795
0.0004270337933007795
0.00042702049944409737
0.00042701260889543846
0.00042701256239752183
0.00042701010039536413
0.00042695713676721425
0.0004269538907806236
0.0004269538507060133
0.0004269538507060133
0.0004073168703371266
0.00040659261327391505
0.0003839243459538011
0.0003839243459538011
0.0003839220440227109
0.0003839220440227109
0.00038391846186414114
0.00038391846186414114
0.000383918404168071
0.0003839144376911463
0.000383871390170043
0.0003838691028477115
0.0003838691028477115
0.0003838691028477115
0.00037668737252261053
0.00037668694460535335
0.00037668694460535335
0.00037668692533543435
0.0003745193337181263
0.0003745193337181263
0.0003745193337181263
0.00037451923680009713
0.000374519129707096
0.000374519129707096
0.00036883137084942064
0.00036883137084942064
0.00036883137084942064
0.00036883137084942064
0.00036883137084942064
0.0003688313360044049
0.0003688313165071122
0.0003688313165071122
0.00036883131639342537
0.00036883123408415486
0.00036883077564198175
0.0003687555905571571
0.0003687551442226322
0.00036874716096235716
0.00036874716096235716
0.0003687462657353535
0.0003687307200266332
2.9186387564550387e-06
2.9186387564550387e-06
2.9186387564550387e-06
2.9186387564550387e-06
2.9185872563175508e-06
2.877279371205077e-06
2.877279371205077e-06
2.877279371205077e-06
2.877279371205077e-06
2.8741828259626345e-06
2.8741825417455402e-06
2.874176516343141e-06
2.874176516343141e-06
2.874176516343141e-06
2.8741150117639336e-06
2.8740937523252796e-06
2.8740937523252796e-06
2.8702586405415786e-06
2.8702586405415786e-06
2.870112780328782e-06
2.870112780328782e-06
2.869991476472933e-06
2.869991476472933e-06
2.869377169645304e-06
2.8659266035901965e-06
2.8656516519731667e-06
2.865566557375132e-06
2.86482617184447e-06
5.125360189595085e-07
5.125360189595085e-07
5.124487074681383e-07
4.6344644033524673e-07
4.623407221515663e-07
2.924311957031023e-07
1.86149634373578e-07
1.86149634373578e-07
1.8609108565215138e-07
1.8141605551136308e-07
1.8141605551136308e-07
1.8092720210916013e-07
1.8092720210916013e-07
1.809107175176905e-07
1.8087814623868326e-07
1.8069192719849525e-07
1.8065992435367662e-07
1.8065992435367662e-07
1.8065992435367662e-07
1.8065992435367662e-07
1.8014634406426921e-07
1.8014634406426921e-07
1.7963253640118637e-07
1.7963253640118637e-07
1.7963253640118637e-07
1.7963253640118637e-07
1.796303195078508e-07
1.796303195078508e-07
1.796295805434056e-07
1.796295805434056e-07
1.796295805434056e-07
1.796295805434056e-07
1.796295805434056e-07
1.796295805434056e-07
1.7961485809792066e-07
1.7849822597781895e-07
6.06145817982906e-08
6.06145817982906e-08
6.06145817982906e-08
6.055893209122587e-08
6.055893209122587e-08
5.967751803837018e-08
5.964852789475117e-08
5.964852789475117e-08
5.964852789475117e-08
5.964835736449459e-08
5.964835736449459e-08
5.964835736449459e-08
5.964835736449459e-08
5.964835736449459e-08
5.964835736449459e-08
5.963607918602065e-08
5.963437388345483e-08
5.963437388345483e-08
5.961226179351797e-08
5.961220495009911e-08
5.961214810668025e-08
5.961021543043898e-08
5.8330556385044474e-08
5.8330556385044474e-08
5.8330556385044474e-08
5.8330556385044474e-08
5.8330556385044474e-08
5.8098464705835795e-08
5.8098464705835795e-08
5.8098464705835795e-08
5.8098464705835795e-08
5.8098464705835795e-08
5.8098464705835795e-08
5.788774615211878e-08
5.788774615211878e-08
5.788774615211878e-08
5.783715550933266e-08
5.783715550933266e-08
5.7836871292238357e-08
5.726928975491319e-08
5.726928975491319e-08
5.726536755901179e-08
5.618039722321555e-08
5.618034037979669e-08
5.617977194560808e-08
5.617977194560808e-08
5.6178578233812004e-08
5.6178578233812004e-08
5.617846454697428e-08
5.610814923784346e-08
5.61080923944246e-08
5.61080923944246e-08
5.610741027339827e-08
5.610723974314169e-08
5.6106841839209665e-08
5.6106841839209665e-08
5.6106841839209665e-08
5.6106841839209665e-08
5.6106841839209665e-08
5.610314701698371e-08
5.4632039336866e-08
5.4632039336866e-08
5.4632039336866e-08
5.45670673091081e-08
5.45670673091081e-08
5.455945029098075e-08
5.455945029098075e-08
5.455945029098075e-08
5.455945029098075e-08
5.455945029098075e-08
5.455945029098075e-08
5.4559109230467584e-08
5.455876816995442e-08
5.455876816995442e-08
5.455876816995442e-08
5.455876816995442e-08
5.455876816995442e-08
5.455831342260353e-08
5.455825657918467e-08
5.455825657918467e-08
5.455825657918467e-08
5.455825657918467e-08
5.455825657918467e-08
5.455825657918467e-08
5.455825657918467e-08
5.455825657918467e-08
5.455757445815834e-08
5.455757445815834e-08
5.455757445815834e-08
5.455757445815834e-08
5.455757445815834e-08
3.080953092648997e-08
3.080953092648997e-08
3.080953092648997e-08
3.080947408307111e-08
1.044901409841259e-08
1.0360281521570869e-08
9.97766846921877e-09
9.973746273317374e-09
9.973746273317374e-09
9.850452897808282e-09
9.850452897808282e-09
9.850452897808282e-09
9.850452897808282e-09
9.850452897808282e-09
9.850452897808282e-09
9.850452897808282e-09
9.85033921097056e-09
3.886384547513444e-10
3.886384547513444e-10
3.885816113324836e-10
3.835793904727325e-10
3.723243935382925e-10
3.723243935382925e-10
3.723243935382925e-10
3.723243935382925e-10
3.723243935382925e-10
3.723243935382925e-10
3.723243935382925e-10
3.723243935382925e-10
3.723243935382925e-10
3.723243935382925e-10
3.723243935382925e-10
3.723243935382925e-10
3.341824594826903e-10
3.341824594826903e-10
3.340687726449687e-10
3.340687726449687e-10
3.107061274931766e-10
3.107061274931766e-10
3.107061274931766e-10
3.107061274931766e-10
2.8387603379087523e-10
1.936086846399121e-10
1.936086846399121e-10
1.935518412210513e-10
1.9349499780219048e-10
1.9349499780219048e-10
1.9349499780219048e-10
1.9190338207408786e-10
1.8269474821863696e-10
1.8269474821863696e-10
1.8269474821863696e-10
1.8269474821863696e-10
1.8269474821863696e-10
1.8269474821863696e-10
1.8269474821863696e-10
1.821831574488897e-10
7.139533408917487e-11
7.133849067031406e-11
7.133849067031406e-11
7.133849067031406e-11
6.366462912410498e-11
6.366462912410498e-11
6.366462912410498e-11
6.349409886752255e-11
6.349409886752255e-11
6.343725544866174e-11
3.6777692002942786e-11
3.6777692002942786e-11
3.296918293926865e-11
3.296918293926865e-11
3.296918293926865e-11
3.291233952040784e-11
3.291233952040784e-11
3.291233952040784e-11
3.291233952040784e-11
3.26281224261038e-11
3.26281224261038e-11
3.26281224261038e-11
3.26281224261038e-11
3.26281224261038e-11
3.26281224261038e-11
3.26281224261038e-11
3.26281224261038e-11
3.1889157980913296e-11
3.1889157980913296e-11
3.1889157980913296e-11
3.1889157980913296e-11
3.1889157980913296e-11
3.1889157980913296e-11
3.177547114319168e-11
3.177547114319168e-11
2.808064891723916e-11
2.808064891723916e-11
2.808064891723916e-11
2.7966962079517543e-11
2.7966962079517543e-11
2.7966962079517543e-11
2.7966962079517543e-11
2.2851054382044822e-11
2.2851054382044822e-11
2.2851054382044822e-11
2.2737367544323206e-11
1.4210854715202004e-11
1.4210854715202004e-11
1.4210854715202004e-11
1.4210854715202004e-11
1.4210854715202004e-11
1.3244516594568267e-11
1.3244516594568267e-11
1.3130829756846651e-11
1.3130829756846651e-11
9.549694368615746e-12
9.492850949754938e-12
8.526512829121202e-12
8.526512829121202e-12
8.526512829121202e-12
8.526512829121202e-12
8.412825991399586e-12
8.412825991399586e-12
8.412825991399586e-12
8.412825991399586e-12
8.412825991399586e-12
8.355982572538778e-12
8.355982572538778e-12
8.355982572538778e-12
8.355982572538778e-12
8.355982572538778e-12
7.275957614183426e-12
7.275957614183426e-12
7.219114195322618e-12
7.219114195322618e-12
7.219114195322618e-12
7.219114195322618e-12
7.219114195322618e-12
7.219114195322618e-12
7.219114195322618e-12
7.219114195322618e-12
7.219114195322618e-12
7.219114195322618e-12
7.105427357601002e-12
7.105427357601002e-12
7.105427357601002e-12
7.105427357601002e-12
7.105427357601002e-12
7.105427357601002e-12
7.105427357601002e-12
7.105427357601002e-12
7.105427357601002e-12
7.105427357601002e-12
7.105427357601002e-12
5.9117155615240335e-12
5.9117155615240335e-12
5.9117155615240335e-12
5.9117155615240335e-12
5.9117155615240335e-12
5.9117155615240335e-12
5.9117155615240335e-12
5.9117155615240335e-12
5.9117155615240335e-12
5.9117155615240335e-12
5.9117155615240335e-12
5.9117155615240335e-12
5.9117155615240335e-12
5.9117155615240335e-12
5.5138116294983774e-12
5.5138116294983774e-12
5.5138116294983774e-12
5.5138116294983774e-12
2.6716406864579767e-12
2.6716406864579767e-12
2.6716406864579767e-12
2.6716406864579767e-12
2.6716406864579767e-12
2.6716406864579767e-12
2.6716406864579767e-12
2.6716406864579767e-12
2.6716406864579767e-12
2.6716406864579767e-12
2.6716406864579767e-12
2.6716406864579767e-12
2.6716406864579767e-12
2.6716406864579767e-12
2.6716406864579767e-12
2.6716406864579767e-12
2.6716406864579767e-12
2.6716406864579767e-12
2.6716406864579767e-12
2.6716406864579767e-12
2.6716406864579767e-12
2.6716406864579767e-12
2.6716406864579767e-12
2.6716406864579767e-12
2.6716406864579767e-12
2.6716406864579767e-12
2.6716406864579767e-12
2.6716406864579767e-12
2.6716406864579767e-12
2.6716406864579767e-12
2.6716406864579767e-12
2.6716406864579767e-12
2.6716406864579767e-12
2.6716406864579767e-12
2.6716406864579767e-12
2.6147972675971687e-12
2.6147972675971687e-12
2.6147972675971687e-12
2.6147972675971687e-12
2.6147972675971687e-12
2.6147972675971687e-12
2.6147972675971687e-12
2.6147972675971687e-12
2.6147972675971687e-12
2.6147972675971687e-12
2.6147972675971687e-12
2.6147972675971687e-12
2.6147972675971687e-12
2.6147972675971687e-12
2.5579538487363607e-12
2.5579538487363607e-12
2.5579538487363607e-12
2.5579538487363607e-12
2.5579538487363607e-12
2.5579538487363607e-12
2.5011104298755527e-12
2.5011104298755527e-12
2.5011104298755527e-12
2.5011104298755527e-12
2.5011104298755527e-12
2.5011104298755527e-12
2.5011104298755527e-12
2.5011104298755527e-12
2.5011104298755527e-12
2.5011104298755527e-12
2.4442670110147446e-12
2.4442670110147446e-12
2.4442670110147446e-12
2.4442670110147446e-12
2.4442670110147446e-12
2.4442670110147446e-12
2.4442670110147446e-12
2.4442670110147446e-12
2.4442670110147446e-12
2.4442670110147446e-12
2.4442670110147446e-12
2.4442670110147446e-12
2.4442670110147446e-12
2.4442670110147446e-12
2.4442670110147446e-12
2.4442670110147446e-12
2.4442670110147446e-12
2.4442670110147446e-12
2.4442670110147446e-12
2.3305801732931286e-12
2.3305801732931286e-12
2.3305801732931286e-12
2.3305801732931286e-12
2.3305801732931286e-12
2.3305801732931286e-12
2.3305801732931286e-12
2.3305801732931286e-12
2.3305801732931286e-12
2.3305801732931286e-12
4.547473508864641e-13
4.547473508864641e-13
4.547473508864641e-13
4.547473508864641e-13
4.547473508864641e-13
4.547473508864641e-13
4.547473508864641e-13
4.547473508864641e-13
4.547473508864641e-13
4.547473508864641e-13
4.547473508864641e-13
4.547473508864641e-13
4.547473508864641e-13
4.547473508864641e-13
4.547473508864641e-13
4.547473508864641e-13
4.547473508864641e-13
4.547473508864641e-13
4.547473508864641e-13
4.547473508864641e-13
4.547473508864641e-13
4.547473508864641e-13
4.547473508864641e-13
4.547473508864641e-13
4.547473508864641e-13
4.547473508864641e-13
4.547473508864641e-13
4.547473508864641e-13
4.547473508864641e-13
4.547473508864641e-13
4.547473508864641e-13
4.547473508864641e-13
4.547473508864641e-13
4.547473508864641e-13
4.547473508864641e-13
4.547473508864641e-13
4.547473508864641e-13
4.547473508864641e-13
4.547473508864641e-13
4.547473508864641e-13
4.547473508864641e-13
4.547473508864641e-13
4.547473508864641e-13
4.547473508864641e-13
4.547473508864641e-13
4.547473508864641e-13
4.547473508864641e-13
4.547473508864641e-13
4.547473508864641e-13
4.547473508864641e-13
4.547473508864641e-13
4.547473508864641e-13
3.979039320256561e-13
3.979039320256561e-13
3.979039320256561e-13
2.8421709430404007e-13
2.8421709430404007e-13
2.8421709430404007e-13
2.8421709430404007e-13
2.8421709430404007e-13
2.8421709430404007e-13
2.8421709430404007e-13
2.8421709430404007e-13
2.8421709430404007e-13
2.8421709430404007e-13
2.8421709430404007e-13
2.8421709430404007e-13
2.8421709430404007e-13
2.8421709430404007e-13
2.8421709430404007e-13
2.8421709430404007e-13
2.8421709430404007e-13
2.2737367544323206e-13
2.2737367544323206e-13
2.2737367544323206e-13
2.2737367544323206e-13
2.2737367544323206e-13
2.2737367544323206e-13
2.2737367544323206e-13
2.2737367544323206e-13
2.2737367544323206e-13
2.2737367544323206e-13
2.2737367544323206e-13
2.2737367544323206e-13
2.2737367544323206e-13
2.2737367544323206e-13
2.2737367544323206e-13
2.2737367544323206e-13
2.2737367544323206e-13
2.2737367544323206e-13
1.7053025658242404e-13
1.7053025658242404e-13
1.7053025658242404e-13
1.7053025658242404e-13
1.7053025658242404e-13
1.7053025658242404e-13
1.7053025658242404e-13
1.7053025658242404e-13
1.7053025658242404e-13
1.7053025658242404e-13
1.7053025658242404e-13
1.7053025658242404e-13
1.7053025658242404e-13
1.7053025658242404e-13
1.7053025658242404e-13
1.7053025658242404e-13
1.7053025658242404e-13
1.7053025658242404e-13
1.1368683772161603e-13
1.1368683772161603e-13
1.1368683772161603e-13
1.1368683772161603e-13
1.1368683772161603e-13
1.1368683772161603e-13
1.1368683772161603e-13
1.1368683772161603e-13
1.1368683772161603e-13
1.1368683772161603e-13
1.1368683772161603e-13
1.1368683772161603e-13
1.1368683772161603e-13
1.1368683772161603e-13
1.1368683772161603e-13
1.1368683772161603e-13
1.1368683772161603e-13
1.1368683772161603e-13
1.1368683772161603e-13
1.1368683772161603e-13
1.1368683772161603e-13
1.1368683772161603e-13
1.1368683772161603e-13
1.1368683772161603e-13
1.1368683772161603e-13
1.1368683772161603e-13
1.1368683772161603e-13
1.1368683772161603e-13
1.1368683772161603e-13
1.1368683772161603e-13
1.1368683772161603e-13
1.1368683772161603e-13
1.1368683772161603e-13
1.1368683772161603e-13
1.1368683772161603e-13
1.1368683772161603e-13
1.1368683772161603e-13
1.1368683772161603e-13
1.1368683772161603e-13
1.1368683772161603e-13
1.1368683772161603e-13
1.1368683772161603e-13
1.1368683772161603e-13
1.1368683772161603e-13
1.1368683772161603e-13
1.1368683772161603e-13
1.1368683772161603e-13
1.1368683772161603e-13
1.1368683772161603e-13
1.1368683772161603e-13
1.1368683772161603e-13
1.1368683772161603e-13
1.1368683772161603e-13
1.1368683772161603e-13
1.1368683772161603e-13
1.1368683772161603e-13
1.1368683772161603e-13
1.1368683772161603e-13
1.1368683772161603e-13
1.1368683772161603e-13
1.1368683772161603e-13
1.1368683772161603e-13
1.1368683772161603e-13
1.1368683772161603e-13
1.1368683772161603e-13
1.1368683772161603e-13
1.1368683772161603e-13
1.1368683772161603e-13
1.1368683772161603e-13
1.1368683772161603e-13
1.1368683772161603e-13
1.1368683772161603e-13
1.1368683772161603e-13
1.1368683772161603e-13
1.1368683772161603e-13
1.1368683772161603e-13
1.1368683772161603e-13
1.1368683772161603e-13
1.1368683772161603e-13
1.1368683772161603e-13
1.1368683772161603e-13
1.1368683772161603e-13
1.1368683772161603e-13
1.1368683772161603e-13
1.1368683772161603e-13
1.1368683772161603e-13
1.1368683772161603e-13
1.1368683772161603e-13
1.1368683772161603e-13
1.1368683772161603e-13
1.1368683772161603e-13
1.1368683772161603e-13
1.1368683772161603e-13
1.1368683772161603e-13
1.1368683772161603e-13
1.1368683772161603e-13
1.1368683772161603e-13
1.1368683772161603e-13
1.1368683772161603e-13
1.1368683772161603e-13
1.1368683772161603e-13
1.1368683772161603e-13
1.1368683772161603e-13
1.1368683772161603e-13
1.1368683772161603e-13
1.1368683772161603e-13
1.1368683772161603e-13
1.1368683772161603e-13
1.1368683772161603e-13
1.1368683772161603e-13
1.1368683772161603e-13
1.1368683772161603e-13
1.1368683772161603e-13
1.1368683772161603e-13
1.1368683772161603e-13
1.1368683772161603e-13
1.1368683772161603e-13
1.1368683772161603e-13
1.1368683772161603e-13
1.1368683772161603e-13
1.1368683772161603e-13
1.1368683772161603e-13
1.1368683772161603e-13
1.1368683772161603e-13
1.1368683772161603e-13
1.1368683772161603e-13
1.1368683772161603e-13
1.1368683772161603e-13
1.1368683772161603e-13
1.1368683772161603e-13
1.1368683772161603e-13
1.1368683772161603e-13
1.1368683772161603e-13
1.1368683772161603e-13
1.1368683772161603e-13
1.1368683772161603e-13
1.1368683772161603e-13
1.1368683772161603e-13
1.1368683772161603e-13
1.1368683772161603e-13
1.1368683772161603e-13
1.1368683772161603e-13
1.1368683772161603e-13
1.1368683772161603e-13
1.1368683772161603e-13
1.1368683772161603e-13
1.1368683772161603e-13
1.1368683772161603e-13
1.1368683772161603e-13
1.1368683772161603e-13
1.1368683772161603e-13
1.1368683772161603e-13
1.1368683772161603e-13
1.1368683772161603e-13
1.1368683772161603e-13
1.1368683772161603e-13
1.1368683772161603e-13
1.1368683772161603e-13
1.1368683772161603e-13
1.1368683772161603e-13
1.1368683772161603e-13
1.1368683772161603e-13
1.1368683772161603e-13
1.1368683772161603e-13
1.1368683772161603e-13
1.1368683772161603e-13
1.1368683772161603e-13
1.1368683772161603e-13
1.1368683772161603e-13
1.1368683772161603e-13
1.1368683772161603e-13
1.1368683772161603e-13
1.1368683772161603e-13
1.1368683772161603e-13
1.1368683772161603e-13
1.1368683772161603e-13
1.1368683772161603e-13
1.1368683772161603e-13
1.1368683772161603e-13
1.1368683772161603e-13
1.1368683772161603e-13
1.1368683772161603e-13
1.1368683772161603e-13
1.1368683772161603e-13
1.1368683772161603e-13
5.684341886080802e-14
5.684341886080802e-14
5.684341886080802e-14
5.684341886080802e-14
5.684341886080802e-14
5.684341886080802e-14
5.684341886080802e-14
5.684341886080802e-14
5.684341886080802e-14
5.684341886080802e-14
5.684341886080802e-14
5.684341886080802e-14
5.684341886080802e-14
5.684341886080802e-14
5.684341886080802e-14
5.684341886080802e-14
5.684341886080802e-14
5.684341886080802e-14
5.684341886080802e-14
5.684341886080802e-14
5.684341886080802e-14
5.684341886080802e-14
5.684341886080802e-14
5.684341886080802e-14
5.684341886080802e-14
5.684341886080802e-14
5.684341886080802e-14
5.684341886080802e-14
5.684341886080802e-14
5.684341886080802e-14
5.684341886080802e-14
5.684341886080802e-14
5.684341886080802e-14
5.684341886080802e-14
5.684341886080802e-14
5.684341886080802e-14
5.684341886080802e-14
5.684341886080802e-14
5.684341886080802e-14
5.684341886080802e-14
5.684341886080802e-14
5.684341886080802e-14
5.684341886080802e-14
5.684341886080802e-14
5.684341886080802e-14
5.684341886080802e-14
5.684341886080802e-14
5.684341886080802e-14
5.684341886080802e-14
5.684341886080802e-14
5.684341886080802e-14
5.684341886080802e-14
5.684341886080802e-14
5.684341886080802e-14
5.684341886080802e-14
5.684341886080802e-14
5.684341886080802e-14
5.684341886080802e-14
5.684341886080802e-14
5.684341886080802e-14
5.684341886080802e-14
5.684341886080802e-14
5.684341886080802e-14
5.684341886080802e-14
5.684341886080802e-14
5.684341886080802e-14
5.684341886080802e-14
5.684341886080802e-14
5.684341886080802e-14
5.684341886080802e-14
5.684341886080802e-14
5.684341886080802e-14
5.684341886080802e-14
5.684341886080802e-14
5.684341886080802e-14
5.684341886080802e-14
5.684341886080802e-14
5.684341886080802e-14
5.684341886080802e-14
5.684341886080802e-14
5.684341886080802e-14
5.684341886080802e-14
5.684341886080802e-14
0.0
0.0
0.0
0.0
0.0
0.0
0.0
0.0
0.0
0.0
0.0
0.0
0.0
0.0
0.0
0.0
0.0
0.0
0.0
0.0
0.0
0.0
0.0
0.0
0.0
0.0
0.0
0.0
0.0
0.0
0.0
0.0
0.0
0.0
0.0
0.0
0.0
0.0
0.0
0.0
0.0
0.0
0.0
0.0
0.0
0.0
0.0
0.0
0.0
0.0
0.0
0.0
0.0
0.0
0.0
0.0
0.0
0.0
0.0
0.0
0.0
0.0
0.0
0.0
0.0
0.0
0.0
0.0
0.0
0.0
0.0
0.0
0.0
0.0
0.0
0.0
0.0
0.0
0.0
0.0
0.0
0.0
0.0
0.0
0.0
0.0
0.0
0.0
0.0
0.0
0.0
0.0
0.0
0.0
0.0
0.0
0.0
0.0
0.0
0.0
0.0
0.0
0.0
0.0
0.0
0.0
0.0
0.0
0.0
0.0
0.0
0.0
0.0
0.0
0.0
0.0
0.0
0.0
0.0
0.0
0.0
0.0
0.0
0.0
0.0
0.0
0.0
0.0
0.0
0.0
0.0
0.0
0.0
0.0
0.0
0.0
0.0
0.0
0.0
0.0
0.0
0.0
0.0
0.0
0.0
0.0
0.0
0.0
0.0
0.0
0.0
0.0
0.0
0.0
0.0
0.0
0.0
0.0
0.0
0.0
0.0
0.0
0.0
0.0
0.0
0.0
0.0
0.0
0.0
0.0
0.0
0.0
0.0
0.0
0.0
0.0
0.0
0.0
0.0
0.0
0.0
0.0
0.0
0.0
0.0
0.0
0.0
0.0
0.0
0.0
0.0
0.0
0.0
0.0
0.0
0.0
0.0
0.0
0.0
0.0
0.0
0.0
0.0
0.0
0.0
0.0
0.0
0.0
0.0
0.0
0.0
0.0
0.0
0.0
0.0
0.0
0.0
0.0
0.0
0.0
0.0
0.0
0.0
0.0
0.0
0.0
0.0
0.0
0.0
0.0
0.0
0.0
0.0
0.0
0.0
0.0
0.0
0.0
0.0
0.0
0.0
0.0
0.0
0.0
0.0
0.0
0.0
0.0
0.0
0.0
0.0
0.0
0.0
0.0
0.0
0.0
0.0
0.0
0.0
0.0
0.0
0.0
0.0
0.0
0.0
0.0
0.0
0.0
0.0
0.0
0.0
0.0
0.0
0.0
0.0
0.0
0.0
0.0
0.0
0.0
0.0
0.0
0.0
0.0
0.0
0.0
0.0
0.0
0.0
0.0
0.0
0.0
0.0
0.0
0.0
0.0
0.0
0.0
0.0
0.0
0.0
0.0
0.0
0.0
0.0
0.0
0.0
0.0
0.0
0.0
0.0
0.0
0.0
0.0
0.0
0.0
0.0
0.0
0.0
0.0
0.0
0.0
0.0
0.0
0.0
0.0
0.0
0.0
0.0
0.0
0.0
0.0
0.0
0.0
0.0
0.0
0.0
0.0
0.0
0.0
0.0
0.0
0.0
0.0
0.0
0.0
0.0
0.0
0.0
0.0
0.0
0.0
0.0
0.0
0.0
0.0
0.0
0.0
0.0
0.0
0.0
0.0
0.0
0.0
0.0
0.0
0.0
0.0
0.0
0.0
0.0
0.0
0.0
0.0
0.0
0.0
0.0
0.0
0.0
0.0
0.0
0.0
0.0
0.0
0.0
0.0
0.0
0.0
0.0
0.0
0.0
0.0
0.0
0.0
0.0
0.0
0.0
0.0
0.0
0.0
0.0
0.0
0.0
0.0
0.0
0.0
0.0
0.0
0.0
0.0
0.0
0.0
0.0
0.0
0.0
0.0
0.0
0.0
0.0
0.0
0.0
0.0
0.0
0.0
0.0
0.0
0.0
0.0
0.0
0.0
0.0
0.0
0.0
0.0
0.0
0.0
0.0
0.0
0.0
0.0
0.0
0.0
0.0
0.0
0.0
0.0
0.0
0.0
0.0
0.0
0.0
0.0
0.0
0.0
0.0
0.0
0.0
0.0
0.0
0.0
0.0
0.0
0.0
0.0
0.0
0.0
0.0
0.0
0.0
0.0
0.0
0.0
0.0
0.0
0.0
0.0
0.0
0.0
0.0
0.0
0.0
0.0
0.0
0.0
0.0
0.0
0.0
0.0
0.0
0.0
0.0
0.0
0.0
0.0
0.0
0.0
0.0
0.0
0.0
0.0
0.0
0.0
0.0
0.0
0.0
0.0
0.0
0.0
0.0
0.0
0.0
0.0
0.0
0.0
0.0
0.0
0.0
0.0
0.0
0.0
0.0
0.0
0.0
0.0
0.0
0.0
0.0
0.0
0.0
0.0
0.0
0.0
0.0
0.0
0.0
0.0
0.0
0.0
0.0
0.0
0.0
0.0
0.0
0.0
0.0
0.0
0.0
0.0
0.0
0.0
0.0
0.0
0.0
0.0
0.0
0.0
0.0
0.0
0.0
0.0
0.0
0.0
0.0
0.0
0.0
0.0
0.0
0.0
0.0
0.0
0.0
0.0
0.0
0.0
0.0
0.0
0.0
0.0
0.0
0.0
0.0
0.0
0.0
0.0
0.0
0.0
0.0
0.0
0.0
0.0
0.0
0.0
0.0
0.0
0.0
0.0
0.0
0.0
0.0
0.0
0.0
0.0
0.0
0.0
0.0
0.0
0.0
0.0
0.0
0.0
0.0
0.0
0.0
0.0
0.0
0.0
0.0
0.0
0.0
0.0
0.0
0.0
0.0
0.0
0.0
0.0
0.0
0.0
0.0
0.0
0.0
0.0
0.0
0.0
0.0
0.0
0.0
0.0
0.0
0.0
0.0
0.0
0.0
0.0
0.0
0.0
0.0
0.0
0.0
0.0
0.0
0.0
0.0
0.0
0.0
0.0
0.0
0.0
0.0
0.0
0.0
0.0
0.0
0.0
0.0
0.0
0.0
0.0
0.0
0.0
0.0
0.0
0.0
0.0
0.0
0.0
0.0
0.0
0.0
0.0
0.0
0.0
0.0
0.0
0.0
0.0
0.0
0.0
0.0
0.0
0.0
0.0
0.0
0.0
0.0
0.0
0.0
0.0
0.0
0.0
0.0
0.0
0.0
0.0
0.0
0.0
0.0
0.0
0.0
0.0
0.0
0.0
0.0
0.0
0.0
0.0
0.0
0.0
0.0
0.0
0.0
0.0
0.0
0.0
0.0
0.0
0.0
0.0
0.0
0.0
0.0
0.0
0.0
0.0
0.0
0.0
0.0
0.0
0.0
0.0
0.0
0.0
0.0
0.0
0.0
0.0
0.0
0.0
0.0
0.0
0.0
0.0
0.0
0.0
0.0
0.0
0.0
0.0
0.0
0.0
0.0
0.0
0.0
0.0
0.0
0.0
0.0
0.0
0.0
0.0
0.0
0.0
0.0
0.0
0.0
0.0
0.0
0.0
0.0
0.0
0.0
0.0
0.0
0.0
0.0
0.0
0.0
0.0
0.0
0.0
0.0
0.0
0.0
0.0
0.0
0.0
0.0
0.0
0.0
0.0
0.0
0.0
0.0
0.0
0.0
0.0
0.0
0.0
0.0
0.0
0.0
0.0
0.0
0.0
0.0
0.0
0.0
0.0
0.0
0.0
0.0
0.0
0.0
0.0
0.0
0.0
0.0
0.0
0.0
0.0
0.0
0.0
0.0
0.0
0.0
0.0
0.0
0.0
0.0
0.0
0.0
0.0
0.0
0.0
0.0
0.0
0.0
0.0
0.0
0.0
0.0
0.0
0.0
0.0
0.0
0.0
0.0
0.0
0.0
0.0
0.0
0.0
0.0
0.0
0.0
0.0
0.0
0.0
0.0
0.0
0.0
0.0
0.0
0.0
0.0
0.0
0.0
0.0
0.0
0.0
0.0
0.0
0.0
0.0
0.0
0.0
0.0
0.0
0.0
0.0
0.0
0.0
0.0
0.0
0.0
0.0
0.0
0.0
0.0
0.0
0.0
0.0
0.0
0.0
0.0
0.0
0.0
0.0
0.0
0.0
0.0
0.0
0.0
0.0
0.0
0.0
0.0
0.0
0.0
0.0
0.0
0.0
0.0
0.0
0.0
0.0
0.0
0.0
0.0
0.0
0.0
0.0
0.0
0.0
0.0
0.0
0.0
0.0
0.0
0.0
0.0
0.0
0.0
0.0
0.0
0.0
0.0
0.0
0.0
0.0
0.0
0.0
0.0
0.0
0.0
0.0
0.0
0.0
0.0
0.0
0.0
0.0
0.0
0.0
0.0
0.0
0.0
0.0
0.0
0.0
0.0
0.0
0.0
0.0
0.0
0.0
0.0
0.0
0.0
0.0
0.0
0.0
0.0
0.0
0.0
0.0
0.0
0.0
0.0
0.0
0.0
0.0
0.0
0.0
0.0
0.0
0.0
0.0
0.0
0.0
0.0
0.0
0.0
0.0
0.0
0.0
0.0
0.0
0.0
0.0
0.0
0.0
0.0
0.0
0.0
0.0
0.0
0.0
0.0
0.0
0.0
0.0
0.0
0.0
0.0
0.0
0.0
0.0
0.0
0.0
0.0
0.0
0.0
0.0
0.0
0.0
0.0
0.0
0.0
0.0
0.0
0.0
0.0
0.0
0.0
0.0
0.0
0.0
0.0
0.0
0.0
0.0
0.0
0.0
0.0
0.0
0.0
0.0
0.0
0.0
0.0
0.0
0.0
0.0
0.0
0.0
0.0
0.0
0.0
0.0
0.0
0.0
0.0
0.0
0.0
0.0
0.0
0.0
0.0
0.0
0.0
0.0
0.0
0.0
0.0
0.0
0.0
0.0
0.0
0.0
0.0
0.0
0.0
0.0
0.0
0.0
0.0
0.0
0.0
0.0
0.0
0.0
0.0
0.0
0.0
0.0
0.0
0.0
0.0
0.0
0.0
0.0
0.0
0.0
0.0
0.0
0.0
0.0
0.0
0.0
0.0
0.0
0.0
0.0
0.0
0.0
0.0
0.0
0.0
0.0
0.0
0.0
0.0
0.0
0.0
0.0
0.0
0.0
0.0
0.0
0.0
0.0
0.0
0.0
0.0
0.0
0.0
0.0
0.0
0.0
0.0
0.0
0.0
0.0
0.0
0.0
0.0
0.0
0.0
0.0
0.0
0.0
0.0
0.0
0.0
0.0
0.0
0.0
0.0
0.0
0.0
0.0
0.0
0.0
0.0
0.0
0.0
0.0
0.0
0.0
0.0
0.0
0.0
0.0
0.0
0.0
0.0
0.0
0.0
0.0
0.0
0.0
0.0
0.0
0.0
0.0
0.0
0.0
0.0
0.0
0.0
0.0
0.0
0.0
0.0
0.0
0.0
0.0
0.0
0.0
0.0
0.0
0.0
0.0
0.0
0.0
0.0
0.0
0.0
0.0
0.0
0.0
0.0
0.0
0.0
0.0
0.0
0.0
0.0
0.0
0.0
0.0
0.0
0.0
0.0
0.0
0.0
0.0
0.0
0.0
0.0
0.0
0.0
0.0
0.0
0.0
0.0
0.0
0.0
0.0
0.0
0.0
0.0
0.0
0.0
0.0
0.0
0.0
0.0
0.0
0.0
0.0
0.0
0.0
0.0
0.0
0.0
0.0
0.0
0.0
0.0
0.0
0.0
0.0
0.0
0.0
0.0
0.0
0.0
0.0
0.0
0.0
0.0
0.0
0.0
0.0
0.0
0.0
0.0
0.0
0.0
0.0
0.0
0.0
0.0
0.0
0.0
0.0
0.0
0.0
0.0
0.0
0.0
0.0
0.0
0.0
0.0
0.0
0.0
0.0
0.0
0.0
0.0
0.0
0.0
0.0
0.0
0.0
0.0
0.0
0.0
0.0
0.0
0.0
0.0
0.0
0.0
0.0
0.0
0.0
0.0
0.0
0.0
0.0
0.0
0.0
0.0
0.0
0.0
0.0
0.0
0.0
0.0
0.0
0.0
0.0
0.0
0.0
0.0
0.0
0.0
0.0
0.0
0.0
0.0
0.0
0.0
0.0
0.0
0.0
0.0
0.0
0.0
0.0
0.0
0.0
0.0
0.0
0.0
0.0
0.0
0.0
0.0
0.0
0.0
0.0
0.0
0.0
0.0
0.0
0.0
0.0
0.0
0.0
0.0
0.0
0.0
0.0
0.0
0.0
0.0
0.0
0.0
0.0
0.0
0.0
0.0
0.0
0.0
0.0
0.0
0.0
0.0
0.0
0.0
0.0
0.0
0.0
0.0
0.0
0.0
0.0
0.0
0.0
0.0
0.0
0.0
0.0
0.0
0.0
0.0
0.0
0.0
0.0
0.0
0.0
0.0
0.0
0.0
0.0
0.0
0.0
0.0
0.0
0.0
0.0
0.0
0.0
0.0
0.0
0.0
0.0
0.0
0.0
0.0
0.0
0.0
0.0
0.0
0.0
0.0
0.0
0.0
0.0
0.0
0.0
0.0
0.0
0.0
0.0
0.0
0.0
0.0
0.0
0.0
0.0
0.0
0.0
0.0
0.0
0.0
0.0
0.0
0.0
0.0
0.0
0.0
0.0
0.0
0.0
0.0
0.0
0.0
0.0
0.0
0.0
0.0
0.0
0.0
0.0
0.0
0.0
0.0
0.0
0.0
0.0
0.0
0.0
0.0
0.0
0.0
0.0
0.0
0.0
0.0
0.0
0.0
0.0
0.0
0.0
0.0
0.0
0.0
0.0
0.0
0.0
0.0
0.0
0.0
0.0
0.0
0.0
0.0
0.0
0.0
0.0
0.0
0.0
0.0
0.0
0.0
0.0
0.0
0.0
0.0
0.0
0.0
0.0
0.0
0.0
0.0
0.0
0.0
0.0
0.0
0.0
0.0
0.0
0.0
0.0
0.0
0.0
0.0
0.0
0.0
0.0
0.0
0.0
0.0
0.0
0.0
0.0
0.0
0.0
0.0
0.0
0.0
0.0
0.0
0.0
0.0
0.0
0.0
0.0
0.0
0.0
0.0
0.0
0.0
0.0
0.0
0.0
0.0
0.0
0.0
0.0
0.0
0.0
0.0
0.0
0.0
0.0
0.0
0.0
0.0
0.0
0.0
0.0
0.0
0.0
0.0
0.0
0.0
0.0
0.0
0.0
0.0
0.0
0.0
0.0
0.0
0.0
0.0
0.0
0.0
0.0
0.0
0.0
0.0
0.0
0.0
0.0
0.0
0.0
0.0
0.0
0.0
0.0
0.0
0.0
0.0
0.0
0.0
0.0
0.0
0.0
0.0
0.0
0.0
0.0
0.0
0.0
0.0
0.0
0.0
0.0
0.0
0.0
0.0
0.0
0.0
0.0
0.0
0.0
0.0
0.0
0.0
0.0
0.0
0.0
0.0
0.0
0.0
0.0
0.0
0.0
0.0
0.0
0.0
0.0
0.0
0.0
0.0
0.0
0.0
0.0
0.0
0.0
0.0
0.0
0.0
0.0
0.0
0.0
0.0
0.0
0.0
0.0
0.0
0.0
0.0
0.0
0.0
0.0
0.0
0.0
0.0
0.0
0.0
0.0
0.0
0.0
0.0
0.0
0.0
0.0
0.0
0.0
0.0
0.0
0.0
0.0
0.0
0.0
0.0
0.0
0.0
0.0
0.0
0.0
0.0
0.0
0.0
0.0
0.0
0.0
0.0
0.0
0.0
0.0
0.0
0.0
0.0
0.0
0.0
0.0
0.0
0.0
0.0
0.0
0.0
0.0
0.0
0.0
0.0
0.0
0.0
0.0
0.0
0.0
0.0
0.0
0.0
0.0
0.0
0.0
0.0
0.0
0.0
0.0
0.0
0.0
0.0
0.0
0.0
0.0
0.0
0.0
0.0
0.0
0.0
0.0
0.0
0.0
0.0
0.0
0.0
0.0
0.0
0.0
0.0
0.0
0.0
0.0
0.0
0.0
0.0
0.0
0.0
0.0
0.0
0.0
0.0
0.0
0.0
0.0
0.0
0.0
0.0
0.0
0.0
0.0
0.0
0.0
0.0
0.0
0.0
0.0
0.0
0.0
0.0
0.0
0.0
0.0
0.0
0.0
0.0
0.0
0.0
0.0
0.0
0.0
0.0
0.0
0.0
0.0
0.0
0.0
0.0
0.0
0.0
0.0
0.0
0.0
0.0
0.0
0.0
0.0
0.0
0.0
0.0
0.0
0.0
0.0
0.0
0.0
0.0
0.0
0.0
0.0
0.0
0.0
0.0
0.0
0.0
0.0
0.0
0.0
0.0
0.0
0.0
0.0
0.0
0.0
0.0
0.0
0.0
0.0
0.0
0.0
0.0
0.0
0.0
0.0
0.0
0.0
0.0
0.0
0.0
0.0
0.0
0.0
0.0
0.0
0.0
0.0
0.0
0.0
0.0
0.0
0.0
0.0
0.0
0.0
0.0
0.0
0.0
0.0
0.0
0.0
0.0
0.0
0.0
0.0
0.0
0.0
0.0
0.0
0.0
0.0
0.0
0.0
0.0
0.0
0.0
0.0
0.0
0.0
0.0
0.0
0.0
0.0
0.0
0.0
0.0
0.0
0.0
0.0
0.0
0.0
0.0
0.0
0.0
0.0
0.0
0.0
0.0
0.0
0.0
0.0
0.0
0.0
0.0
0.0
0.0
0.0
0.0
0.0
0.0
0.0
0.0
0.0
0.0
0.0
0.0
0.0
0.0
0.0
0.0
0.0
0.0
0.0
0.0
0.0
0.0
0.0
0.0
0.0
0.0
0.0
0.0
0.0
0.0
0.0
0.0
0.0
0.0
0.0
0.0
0.0
0.0
0.0
0.0
0.0
0.0
0.0
0.0
0.0
0.0
0.0
0.0
0.0
0.0
0.0
0.0
0.0
0.0
0.0
0.0
0.0
0.0
0.0
0.0
0.0
0.0
0.0
0.0
0.0
0.0
0.0
0.0
0.0
0.0
0.0
0.0
0.0
0.0
0.0
0.0
0.0
0.0
0.0
0.0
0.0
0.0
0.0
0.0
0.0
0.0
0.0
0.0
0.0
0.0
0.0
0.0
0.0
0.0
0.0
0.0
0.0
0.0
0.0
0.0
0.0
0.0
0.0
0.0
0.0
0.0
0.0
0.0
0.0
0.0
0.0
0.0
0.0
0.0
0.0
0.0
0.0
0.0
0.0
0.0
0.0
0.0
0.0
0.0
0.0
0.0
0.0
0.0
0.0
0.0
0.0
0.0
0.0
0.0
0.0
0.0
0.0
0.0
0.0
0.0
0.0
0.0
0.0
0.0
0.0
0.0
0.0
0.0
0.0
0.0
0.0
0.0
0.0
0.0
0.0
0.0
0.0
0.0
0.0
0.0
0.0
0.0
0.0
0.0
0.0
0.0
0.0
0.0
0.0
0.0
0.0
0.0
0.0
0.0
0.0
0.0
0.0
0.0
0.0
0.0
0.0
0.0
0.0
0.0
0.0
0.0
0.0
0.0
0.0
0.0
0.0
0.0
0.0
0.0
0.0
0.0
0.0
0.0
0.0
0.0
0.0
0.0
0.0
0.0
0.0
0.0
0.0
0.0
0.0
0.0
0.0
0.0
0.0
0.0
0.0
0.0
0.0
0.0
0.0
0.0
0.0
0.0
0.0
0.0
0.0
0.0
0.0
0.0
0.0
0.0
0.0
0.0
0.0
0.0
0.0
0.0
0.0
0.0
0.0
0.0
0.0
0.0
0.0
0.0
0.0
0.0
0.0
0.0
0.0
0.0
0.0
0.0
0.0
0.0
0.0
0.0
0.0
0.0
0.0
0.0
0.0
0.0
0.0
0.0
0.0
0.0
0.0
0.0
0.0
0.0
0.0
0.0
0.0
0.0
0.0
0.0
0.0
0.0
0.0
0.0
0.0
0.0
0.0
0.0
0.0
0.0
0.0
0.0
0.0
0.0
0.0
0.0
0.0
0.0
0.0
0.0
0.0
0.0
0.0
0.0
0.0
0.0
0.0
0.0
0.0
0.0
0.0
0.0
0.0
0.0
0.0
0.0
0.0
0.0
0.0
0.0
0.0
0.0
0.0
0.0
0.0
0.0
0.0
0.0
0.0
0.0
0.0
0.0
0.0
0.0
0.0
0.0
0.0
0.0
0.0
0.0
0.0
0.0
0.0
0.0
0.0
0.0
0.0
0.0
0.0
0.0
0.0
0.0
0.0
0.0
0.0
0.0
0.0
0.0
0.0
0.0
0.0
0.0
0.0
0.0
0.0
0.0
0.0
0.0
0.0
0.0
0.0
0.0
0.0
0.0
0.0
0.0
0.0
0.0
0.0
0.0
0.0
0.0
0.0
0.0
0.0
0.0
0.0
0.0
0.0
0.0
0.0
0.0
0.0
0.0
0.0
0.0
0.0
0.0
0.0
0.0
0.0
0.0
0.0
0.0
0.0
0.0
0.0
0.0
0.0
0.0
0.0
0.0
0.0
0.0
0.0
0.0
0.0
0.0
0.0
0.0
0.0
0.0
0.0
0.0
0.0
0.0
0.0
0.0
0.0
0.0
0.0
0.0
0.0
0.0
0.0
0.0
0.0
0.0
0.0
0.0
0.0
0.0
0.0
0.0
0.0
0.0
0.0
0.0
0.0
0.0
0.0
0.0
0.0
0.0
0.0
0.0
0.0
0.0
0.0
0.0
0.0
0.0
0.0
0.0
0.0
0.0
0.0
0.0
0.0
0.0
0.0
0.0
0.0
0.0
0.0
0.0
0.0
0.0
0.0
0.0
0.0
0.0
0.0
0.0
0.0
0.0
0.0
0.0
0.0
0.0
0.0
0.0
0.0
0.0
0.0
0.0
0.0
0.0
0.0
0.0
0.0
0.0
0.0
0.0
0.0
0.0
0.0
0.0
0.0
0.0
0.0
0.0
0.0
0.0
0.0
0.0
0.0
0.0
0.0
0.0
0.0
0.0
0.0
0.0
0.0
0.0
0.0
0.0
0.0
0.0
0.0
0.0
0.0
0.0
0.0
0.0
0.0
0.0
0.0
0.0
0.0
0.0
0.0
0.0
0.0
0.0
0.0
0.0
0.0
0.0
0.0
0.0
0.0
0.0
0.0
0.0
0.0
0.0
0.0
0.0
0.0
0.0
0.0
0.0
0.0
0.0
0.0
0.0
0.0
0.0
0.0
0.0
0.0
0.0
0.0
0.0
0.0
0.0
0.0
0.0
0.0
0.0
0.0
0.0
0.0
0.0
0.0
0.0
0.0
0.0
0.0
0.0
0.0
0.0
0.0
0.0
0.0
0.0
0.0
0.0
0.0
0.0
0.0
0.0
0.0
0.0
0.0
0.0
0.0
0.0
0.0
0.0
0.0
0.0
0.0
0.0
0.0
0.0
0.0
0.0
0.0
0.0
0.0
0.0
0.0
0.0
0.0
0.0
0.0
0.0
0.0
0.0
0.0
0.0
0.0
0.0
0.0
0.0
0.0
0.0
0.0
0.0
0.0
0.0
0.0
0.0
0.0
0.0
0.0
0.0
0.0
0.0
0.0
0.0
0.0
0.0
0.0
0.0
0.0
0.0
0.0
0.0
0.0
0.0
0.0
0.0
0.0
0.0
0.0
0.0
0.0
0.0
0.0
0.0
0.0
0.0
0.0
0.0
0.0
0.0
0.0
0.0
0.0
0.0
0.0
0.0
0.0
0.0
0.0
0.0
0.0
0.0
0.0
0.0
0.0
0.0
0.0
0.0
0.0
0.0
0.0
0.0
0.0
0.0
0.0
0.0
0.0
0.0
0.0
0.0
0.0
0.0
0.0
0.0
0.0
0.0
0.0
0.0
0.0
0.0
0.0
0.0
0.0
0.0
0.0
0.0
0.0
0.0
0.0
0.0
0.0
0.0
0.0
0.0
0.0
0.0
0.0
0.0
0.0
0.0
0.0
0.0
0.0
0.0
0.0
0.0
0.0
0.0
0.0
0.0
0.0
0.0
0.0
0.0
0.0
0.0
0.0
0.0
0.0
0.0
0.0
0.0
0.0
0.0
0.0
0.0
0.0
0.0
0.0
0.0
0.0
0.0
0.0
0.0
0.0
0.0
0.0
0.0
0.0
0.0
0.0
0.0
0.0
0.0
0.0
0.0
0.0
0.0
0.0
0.0
0.0
0.0
0.0
0.0
0.0
0.0
0.0
0.0
0.0
0.0
0.0
0.0
0.0
0.0
0.0
0.0
0.0
0.0
0.0
0.0
0.0
0.0
0.0
0.0
0.0
0.0
0.0
0.0
0.0
0.0
0.0
0.0
0.0
0.0
0.0
0.0
0.0
0.0
0.0
0.0
0.0
0.0
0.0
0.0
0.0
0.0
0.0
0.0
0.0
0.0
0.0
0.0
0.0
0.0
0.0
0.0
0.0
0.0
0.0
0.0
0.0
0.0
0.0
0.0
0.0
0.0
0.0
0.0
0.0
0.0
0.0
0.0
0.0
0.0
0.0
0.0
0.0
0.0
0.0
0.0
0.0
0.0
0.0
0.0
0.0
0.0
0.0
0.0
0.0
0.0
0.0
0.0
0.0
0.0
0.0
0.0
0.0
0.0
0.0
0.0
0.0
0.0
0.0
0.0
0.0
0.0
0.0
0.0
0.0
0.0
0.0
0.0
0.0
0.0
0.0
0.0
0.0
0.0
0.0
0.0
0.0
0.0
0.0
0.0
0.0
0.0
0.0
0.0
0.0
0.0
0.0
0.0
0.0
0.0
0.0
0.0
0.0
0.0
0.0
0.0
0.0
0.0
0.0
0.0
0.0
0.0
0.0
0.0
0.0
0.0
0.0
0.0
0.0
0.0
0.0
0.0
0.0
0.0
0.0
0.0
0.0
0.0
0.0
0.0
0.0
0.0
0.0
0.0
0.0
0.0
0.0
0.0
0.0
0.0
0.0
0.0
0.0
0.0
0.0
0.0
0.0
0.0
0.0
0.0
0.0
0.0
0.0
0.0
0.0
0.0
0.0
0.0
0.0
0.0
0.0
0.0
0.0
0.0
0.0
0.0
0.0
0.0
0.0
0.0
0.0
0.0
0.0
0.0
0.0
0.0
0.0
0.0
0.0
0.0
0.0
0.0
0.0
0.0
0.0
0.0
0.0
0.0
0.0
0.0
0.0
0.0
0.0
0.0
0.0
0.0
0.0
0.0
0.0
0.0
0.0
0.0
0.0
0.0
0.0
0.0
0.0
0.0
0.0
0.0
0.0
0.0
0.0
0.0
0.0
0.0
0.0
0.0
0.0
0.0
0.0
0.0
0.0
0.0
0.0
0.0
0.0
0.0
0.0
0.0
0.0
0.0
0.0
0.0
0.0
0.0
0.0
0.0
0.0
0.0
0.0
0.0
0.0
0.0
0.0
0.0
0.0
0.0
0.0
0.0
0.0
0.0
0.0
0.0
0.0
0.0
0.0
0.0
0.0
0.0
0.0
0.0
0.0
0.0
0.0
0.0
0.0
0.0
0.0
0.0
0.0
0.0
0.0
0.0
0.0
0.0
0.0
0.0
0.0
0.0
0.0
0.0
0.0
0.0
0.0
0.0
0.0
0.0
0.0
0.0
0.0
0.0
0.0
0.0
0.0
0.0
0.0
0.0
0.0
0.0
0.0
0.0
0.0
0.0
0.0
0.0
0.0
0.0
0.0
0.0
0.0
0.0
0.0
0.0
0.0
0.0
0.0
0.0
0.0
0.0
0.0
0.0
0.0
0.0
0.0
0.0
0.0
0.0
0.0
0.0
0.0
0.0
0.0
0.0
0.0
0.0
0.0
0.0
0.0
0.0
0.0
0.0
0.0
0.0
0.0
0.0
0.0
0.0
0.0
0.0
0.0
0.0
0.0
0.0
0.0
0.0
0.0
0.0
0.0
0.0
0.0
0.0
0.0
0.0
0.0
0.0
0.0
0.0
0.0
0.0
0.0
0.0
0.0
0.0
0.0
0.0
0.0
0.0
0.0
0.0
0.0
0.0
0.0
0.0
0.0
0.0
0.0
0.0
0.0
0.0
0.0
0.0
0.0
0.0
0.0
0.0
0.0
0.0
0.0
0.0
0.0
0.0
0.0
0.0
0.0
0.0
0.0
0.0
0.0
0.0
0.0
0.0
0.0
0.0
0.0
0.0
0.0
0.0
0.0
0.0
0.0
0.0
0.0
0.0
0.0
0.0
0.0
0.0
0.0
0.0
0.0
0.0
0.0
0.0
0.0
0.0
0.0
0.0
0.0
0.0
0.0
0.0
0.0
0.0
0.0
0.0
0.0
0.0
0.0
0.0
0.0
0.0
0.0
0.0
0.0
0.0
0.0
0.0
0.0
0.0
0.0
0.0
0.0
0.0
0.0
0.0
0.0
0.0
0.0
0.0
0.0
0.0
0.0
0.0
0.0
0.0
0.0
0.0
0.0
0.0
0.0
0.0
0.0
0.0
0.0
0.0
0.0
0.0
0.0
0.0
0.0
0.0
0.0
0.0
0.0
0.0
0.0
0.0
0.0
0.0
0.0
0.0
0.0
0.0
0.0
0.0
0.0
0.0
0.0
0.0
0.0
0.0
0.0
0.0
0.0
0.0
0.0
0.0
0.0
0.0
0.0
0.0
0.0
0.0
0.0
0.0
0.0
0.0
0.0
0.0
0.0
0.0
0.0
0.0
0.0
0.0
0.0
0.0
0.0
0.0
0.0
0.0
0.0
0.0
0.0
0.0
0.0
0.0
0.0
0.0
0.0
0.0
0.0
0.0
0.0
0.0
0.0
0.0
0.0
0.0
0.0
0.0
0.0
0.0
0.0
0.0
0.0
0.0
0.0
0.0
0.0
0.0
0.0
0.0
0.0
0.0
0.0
0.0
0.0
0.0
0.0
0.0
0.0
0.0
0.0
0.0
0.0
0.0
0.0
0.0
0.0
0.0
0.0
0.0
0.0
0.0
0.0
0.0
0.0
0.0
0.0
0.0
0.0
0.0
0.0
0.0
0.0
0.0
0.0
0.0
0.0
0.0
0.0
0.0
0.0
0.0
0.0
0.0
0.0
0.0
0.0
0.0
0.0
0.0
0.0
0.0
0.0
0.0
0.0
0.0
0.0
0.0
0.0
0.0
0.0
0.0
0.0
0.0
0.0
0.0
0.0
0.0
0.0
0.0
0.0
0.0
0.0
0.0
0.0
0.0
0.0
0.0
0.0
0.0
0.0
0.0
0.0
0.0
0.0
0.0
0.0
0.0
0.0
0.0
0.0
0.0
0.0
0.0
0.0
0.0
0.0
0.0
0.0
0.0
0.0
0.0
0.0
0.0
0.0
0.0
0.0
0.0
0.0
0.0
0.0
0.0
0.0
0.0
0.0
0.0
0.0
0.0
0.0
0.0
0.0
0.0
0.0
0.0
0.0
0.0
0.0
0.0
0.0
0.0
0.0
0.0
0.0
0.0
0.0
0.0
0.0
0.0
0.0
0.0
0.0
0.0
0.0
0.0
0.0
0.0
0.0
0.0
0.0
0.0
0.0
0.0
0.0
0.0
0.0
0.0
0.0
0.0
0.0
0.0
0.0
0.0
0.0
0.0
0.0
0.0
0.0
0.0
0.0
0.0
0.0
0.0
0.0
0.0
0.0
0.0
0.0
0.0
0.0
0.0
0.0
0.0
0.0
0.0
0.0
0.0
0.0
0.0
0.0
0.0
0.0
0.0
0.0
0.0
0.0
0.0
0.0
0.0
0.0
0.0
0.0
0.0
0.0
0.0
0.0
0.0
0.0
0.0
0.0
0.0
0.0
0.0
0.0
0.0
0.0
0.0
0.0
0.0
0.0
0.0
0.0
0.0
0.0
0.0
0.0
0.0
0.0
0.0
0.0
0.0
0.0
0.0
0.0
0.0
0.0
0.0
0.0
0.0
0.0
0.0
0.0
0.0
0.0
0.0
0.0
0.0
0.0
0.0
0.0
0.0
0.0
0.0
0.0
0.0
0.0
0.0
0.0
0.0
0.0
0.0
0.0
0.0
0.0
0.0
0.0
0.0
0.0
0.0
0.0
0.0
0.0
0.0
0.0
0.0
0.0
0.0
0.0
0.0
0.0
0.0
0.0
0.0
0.0
0.0
0.0
0.0
0.0
0.0
0.0
0.0
0.0
0.0
0.0
0.0
0.0
0.0
0.0
0.0
0.0
0.0
0.0
0.0
0.0
0.0
0.0
0.0
0.0
0.0
0.0
0.0
0.0
0.0
0.0
0.0
0.0
0.0
0.0
0.0
0.0
0.0
0.0
0.0
0.0
0.0
0.0
0.0
0.0
0.0
0.0
0.0
0.0
0.0
0.0
0.0
0.0
0.0
0.0
0.0
0.0
0.0
0.0
0.0
0.0
0.0
0.0
0.0
0.0
0.0
0.0
0.0
0.0
0.0
0.0
0.0
0.0
0.0
0.0
0.0
0.0
0.0
0.0
0.0
0.0
0.0
0.0
0.0
0.0
0.0
0.0
0.0
0.0
0.0
0.0
0.0
0.0
0.0
0.0
0.0
0.0
0.0
0.0
0.0
0.0
0.0
0.0
0.0
0.0
0.0
0.0
0.0
0.0
0.0
0.0
0.0
0.0
0.0
0.0
0.0
0.0
0.0
0.0
0.0
0.0
0.0
0.0
0.0
0.0
0.0
0.0
0.0
0.0
0.0
0.0
0.0
0.0
0.0
0.0
0.0
0.0
0.0
0.0
0.0
0.0
0.0
0.0
0.0
0.0
0.0
0.0
0.0
0.0
0.0
0.0
0.0
0.0
0.0
0.0
0.0
0.0
0.0
0.0
0.0
0.0
0.0
0.0
0.0
0.0
0.0
0.0
0.0
0.0
0.0
0.0
0.0
0.0
0.0
0.0
0.0
0.0
0.0
0.0
0.0
0.0
0.0
0.0
0.0
0.0
0.0
0.0
0.0
0.0
0.0
0.0
0.0
0.0
0.0
0.0
0.0
0.0
0.0
0.0
0.0
0.0
0.0
0.0
0.0
0.0
0.0
0.0
0.0
0.0
0.0
0.0
0.0
0.0
0.0
0.0
0.0
0.0
0.0
0.0
0.0
0.0
0.0
0.0
0.0
0.0
0.0
0.0
0.0
0.0
0.0
0.0
0.0
0.0
0.0
0.0
0.0
0.0
0.0
0.0
0.0
0.0
0.0
0.0
0.0
0.0
0.0
0.0
0.0
0.0
0.0
0.0
0.0
0.0
0.0
0.0
0.0
0.0
0.0
0.0
0.0
0.0
0.0
0.0
0.0
0.0
0.0
0.0
0.0
0.0
0.0
0.0
0.0
0.0
0.0
0.0
0.0
0.0
0.0
0.0
0.0
0.0
0.0
0.0
0.0
0.0
0.0
0.0
0.0
0.0
0.0
0.0
0.0
0.0
0.0
0.0
0.0
0.0
0.0
0.0
0.0
0.0
0.0
0.0
0.0
0.0
0.0
0.0
0.0
0.0
0.0
0.0
0.0
0.0
0.0
0.0
0.0
0.0
0.0
0.0
0.0
0.0
0.0
0.0
0.0
0.0
0.0
0.0
0.0
0.0
0.0
0.0
0.0
0.0
0.0
0.0
0.0
0.0
0.0
0.0
0.0
0.0
0.0
0.0
0.0
0.0
0.0
0.0
0.0
0.0
0.0
0.0
0.0
0.0
0.0
0.0
0.0
0.0
0.0
0.0
0.0
0.0
0.0
0.0
0.0
0.0
0.0
0.0
0.0
0.0
0.0
0.0
0.0
0.0
0.0
0.0
0.0
0.0
0.0
0.0
0.0
0.0
0.0
0.0
0.0
0.0
0.0
0.0
0.0
0.0
0.0
0.0
0.0
0.0
0.0
0.0
0.0
0.0
0.0
0.0
0.0
0.0
0.0
0.0
0.0
0.0
0.0
0.0
0.0
0.0
0.0
0.0
0.0
0.0
0.0
0.0
0.0
0.0
0.0
0.0
0.0
0.0
0.0
0.0
0.0
0.0
0.0
0.0
0.0
0.0
0.0
0.0
0.0
0.0
0.0
0.0
0.0
0.0
0.0
0.0
0.0
0.0
0.0
0.0
0.0
0.0
0.0
0.0
0.0
0.0
0.0
0.0
0.0
0.0
0.0
0.0
0.0
0.0
0.0
0.0
0.0
0.0
0.0
0.0
0.0
0.0
0.0
0.0
0.0
0.0
0.0
0.0
0.0
0.0
0.0
0.0
0.0
0.0
0.0
0.0
0.0
0.0
0.0
0.0
0.0
0.0
0.0
0.0
0.0
0.0
0.0
0.0
0.0
0.0
0.0
0.0
0.0
0.0
0.0
0.0
0.0
0.0
0.0
0.0
0.0
0.0
0.0
0.0
0.0
0.0
0.0
0.0
0.0
0.0
0.0
0.0
0.0
0.0
0.0
0.0
0.0
0.0
0.0
0.0
0.0
0.0
0.0
0.0
0.0
0.0
0.0
0.0
0.0
0.0
0.0
0.0
0.0
0.0
0.0
0.0
0.0
0.0
0.0
0.0
0.0
0.0
0.0
0.0
0.0
0.0
0.0
0.0
0.0
0.0
0.0
0.0
0.0
0.0
0.0
0.0
0.0
0.0
0.0
0.0
0.0
0.0
0.0
0.0
0.0
0.0
0.0
0.0
0.0
0.0
0.0
0.0
0.0
0.0
0.0
0.0
0.0
0.0
0.0
0.0
0.0
0.0
0.0
0.0
0.0
0.0
0.0
0.0
0.0
0.0
0.0
0.0
0.0
0.0
0.0
0.0
0.0
0.0
0.0
0.0
0.0
0.0
0.0
0.0
0.0
0.0
0.0
0.0
0.0
0.0
0.0
0.0
0.0
0.0
0.0
0.0
0.0
0.0
0.0
0.0
0.0
0.0
0.0
0.0
0.0
0.0
0.0
0.0
0.0
0.0
0.0
0.0
0.0
0.0
0.0
0.0
0.0
0.0
0.0
0.0
0.0
0.0
0.0
0.0
0.0
0.0
0.0
0.0
0.0
0.0
0.0
0.0
0.0
0.0
0.0
0.0
0.0
0.0
0.0
0.0
0.0
0.0
0.0
0.0
0.0
0.0
0.0
0.0
0.0
0.0
0.0
0.0
0.0
0.0
0.0
0.0
0.0
0.0
0.0
0.0
0.0
0.0
0.0
0.0
0.0
0.0
0.0
0.0
0.0
0.0
0.0
0.0
0.0
0.0
0.0
0.0
0.0
0.0
0.0
0.0
0.0
0.0
0.0
0.0
0.0
0.0
0.0
0.0
0.0
0.0
0.0
0.0
0.0
0.0
0.0
0.0
0.0
0.0
0.0
0.0
0.0
0.0
0.0
0.0
0.0
0.0
0.0
0.0
0.0
0.0
0.0
0.0
0.0
0.0
0.0
0.0
0.0
0.0
0.0
0.0
0.0
0.0
0.0
0.0
0.0
0.0
0.0
0.0
0.0
0.0
0.0
0.0
0.0
0.0
0.0
0.0
0.0
0.0
0.0
0.0
0.0
0.0
0.0
0.0
0.0
0.0
0.0
0.0
0.0
0.0
0.0
0.0
0.0
0.0
0.0
0.0
0.0
0.0
0.0
0.0
0.0
0.0
0.0
0.0
0.0
0.0
0.0
0.0
0.0
0.0
0.0
0.0
0.0
0.0
0.0
0.0
0.0
0.0
0.0
0.0
0.0
0.0
0.0
0.0
0.0
0.0
0.0
0.0
0.0
0.0
0.0
0.0
0.0
0.0
0.0
0.0
0.0
0.0
0.0
0.0
0.0
0.0
0.0
0.0
0.0
0.0
0.0
0.0
0.0
0.0
0.0
0.0
0.0
0.0
0.0
0.0
0.0
0.0
0.0
0.0
0.0
0.0
0.0
0.0
0.0
0.0
0.0
0.0
0.0
0.0
0.0
0.0
0.0
0.0
0.0
0.0
0.0
0.0
0.0
0.0
0.0
0.0
0.0
0.0
0.0
0.0
0.0
0.0
0.0
0.0
0.0
0.0
0.0
0.0
0.0
0.0
0.0
0.0
0.0
0.0
0.0
0.0
0.0
0.0
0.0
0.0
0.0
0.0
0.0
0.0
0.0
0.0
0.0
0.0
0.0
0.0
0.0
0.0
0.0
0.0
0.0
0.0
0.0
0.0
0.0
0.0
0.0
0.0
0.0
0.0
0.0
0.0
0.0
0.0
0.0
0.0
0.0
0.0
0.0
0.0
0.0
0.0
0.0
0.0
0.0
0.0
0.0
0.0
0.0
0.0
0.0
0.0
0.0
0.0
0.0
0.0
0.0
0.0
0.0
0.0
0.0
0.0
0.0
0.0
0.0
0.0
0.0
0.0
0.0
0.0
0.0
0.0
0.0
0.0
0.0
0.0
0.0
0.0
0.0
0.0
0.0
0.0
0.0
0.0
0.0
0.0
0.0
0.0
0.0
0.0
0.0
0.0
0.0
0.0
0.0
0.0
0.0
0.0
0.0
0.0
0.0
0.0
0.0
0.0
0.0
0.0
0.0
0.0
0.0
0.0
0.0
0.0
0.0
0.0
0.0
0.0
0.0
0.0
0.0
0.0
0.0
0.0
0.0
0.0
0.0
0.0
0.0
0.0
0.0
0.0
0.0
0.0
0.0
0.0
0.0
0.0
0.0
0.0
0.0
0.0
0.0
0.0
0.0
0.0
0.0
0.0
0.0
0.0
0.0
0.0
0.0
0.0
0.0
0.0
0.0
0.0
0.0
0.0
0.0
0.0
0.0
0.0
0.0
0.0
0.0
0.0
0.0
0.0
0.0
0.0
0.0
0.0
0.0
0.0
0.0
0.0
0.0
0.0
0.0
0.0
0.0
0.0
0.0
0.0
0.0
0.0
0.0
0.0
0.0
0.0
0.0
0.0
0.0
0.0
0.0
0.0
0.0
0.0
0.0
0.0
0.0
0.0
0.0
0.0
0.0
0.0
0.0
0.0
0.0
0.0
0.0
0.0
0.0
0.0
0.0
0.0
0.0
0.0
0.0
0.0
0.0
0.0
0.0
0.0
0.0
0.0
0.0
0.0
0.0
0.0
0.0
0.0
0.0
0.0
0.0
0.0
0.0
0.0
0.0
0.0
0.0
0.0
0.0
0.0
0.0
0.0
0.0
0.0
0.0
0.0
0.0
0.0
0.0
0.0
0.0
0.0
0.0
0.0
0.0
0.0
0.0
0.0
0.0
0.0
0.0
0.0
0.0
0.0
0.0
0.0
0.0
0.0
0.0
0.0
0.0
0.0
0.0
0.0
0.0
0.0
0.0
0.0
0.0
0.0
0.0
0.0
0.0
0.0
0.0
0.0
0.0
0.0
0.0
0.0
0.0
0.0
0.0
0.0
0.0
0.0
0.0
0.0
0.0
0.0
0.0
0.0
0.0
0.0
0.0
0.0
0.0
0.0
0.0
0.0
0.0
0.0
0.0
0.0
0.0
0.0
0.0
0.0
0.0
0.0
0.0
0.0
0.0
0.0
0.0
0.0
0.0
0.0
0.0
0.0
0.0
0.0
0.0
0.0
0.0
0.0
0.0
0.0
0.0
0.0
0.0
0.0
0.0
0.0
0.0
0.0
0.0
0.0
0.0
0.0
0.0
0.0
0.0
0.0
0.0
0.0
0.0
0.0
0.0
0.0
0.0
0.0
0.0
0.0
0.0
0.0
0.0
0.0
0.0
0.0
0.0
0.0
0.0
0.0
0.0
0.0
0.0
0.0
0.0
0.0
0.0
0.0
0.0
0.0
0.0
0.0
0.0
0.0
0.0
0.0
0.0
0.0
0.0
0.0
0.0
0.0
0.0
0.0
0.0
0.0
0.0
0.0
0.0
0.0
0.0
0.0
0.0
0.0
0.0
0.0
0.0
0.0
0.0
0.0
0.0
0.0
0.0
0.0
0.0
0.0
0.0
0.0
0.0
0.0
0.0
0.0
0.0
0.0
0.0
0.0
0.0
0.0
0.0
0.0
0.0
0.0
0.0
0.0
0.0
0.0
0.0
0.0
0.0
0.0
0.0
0.0
0.0
0.0
0.0
0.0
0.0
0.0
0.0
0.0
0.0
0.0
0.0
0.0
0.0
0.0
0.0
0.0
0.0
0.0
0.0
0.0
0.0
0.0
0.0
0.0
0.0
0.0
0.0
0.0
0.0
0.0
0.0
0.0
0.0
0.0
0.0
0.0
0.0
0.0
0.0
0.0
0.0
0.0
0.0
0.0
0.0
0.0
0.0
0.0
0.0
0.0
0.0
0.0
0.0
0.0
0.0
0.0
0.0
0.0
0.0
0.0
0.0
0.0
0.0
0.0
0.0
0.0
0.0
0.0
0.0
0.0
0.0
0.0
0.0
0.0
0.0
0.0
0.0
0.0
0.0
0.0
0.0
0.0
0.0
0.0
0.0
0.0
0.0
0.0
0.0
0.0
0.0
0.0
0.0
0.0
0.0
0.0
0.0
0.0
0.0
0.0
0.0
0.0
0.0
0.0
0.0
0.0
0.0
0.0
0.0
0.0
0.0
0.0
0.0
0.0
0.0
0.0
0.0
0.0
0.0
0.0
0.0
0.0
0.0
0.0
0.0
0.0
0.0
0.0
0.0
0.0
0.0
0.0
0.0
0.0
0.0
0.0
0.0
0.0
0.0
0.0
0.0
0.0
0.0
0.0
0.0
0.0
0.0
0.0
0.0
0.0
0.0
0.0
0.0
0.0
0.0
0.0
0.0
0.0
0.0
0.0
0.0
0.0
0.0
0.0
0.0
0.0
0.0
0.0
0.0
0.0
0.0
0.0
0.0
0.0
0.0
0.0
0.0
0.0
0.0
0.0
0.0
0.0
0.0
0.0
0.0
0.0
0.0
0.0
0.0
0.0
0.0
0.0
0.0
0.0
0.0
0.0
0.0
0.0
0.0
0.0
0.0
0.0
0.0
0.0
0.0
0.0
0.0
0.0
0.0
0.0
0.0
0.0
0.0
0.0
0.0
0.0
0.0
0.0
0.0
0.0
0.0
0.0
0.0
0.0
0.0
0.0
0.0
0.0
0.0
0.0
0.0
0.0
0.0
0.0
0.0
0.0
0.0
0.0
0.0
0.0
0.0
0.0
0.0
0.0
0.0
0.0
0.0
0.0
0.0
0.0
0.0
0.0
0.0
0.0
0.0
0.0
0.0
0.0
0.0
0.0
0.0
0.0
0.0
0.0
0.0
0.0
0.0
0.0
0.0
0.0
0.0
0.0
0.0
0.0
0.0
0.0
0.0
0.0
0.0
0.0
0.0
0.0
0.0
0.0
0.0
0.0
0.0
0.0
0.0
0.0
0.0
0.0
0.0
0.0
0.0
0.0
0.0
0.0
0.0
0.0
0.0
0.0
0.0
0.0
0.0
0.0
0.0
0.0
0.0
0.0
0.0
0.0
0.0
0.0
0.0
0.0
0.0
0.0
0.0
0.0
0.0
0.0
0.0
0.0
0.0
0.0
0.0
0.0
0.0
0.0
0.0
0.0
0.0
0.0
0.0
0.0
0.0
0.0
0.0
0.0
0.0
0.0
0.0
0.0
0.0
0.0
0.0
0.0
0.0
0.0
0.0
0.0
0.0
0.0
0.0
0.0
0.0
0.0
0.0
0.0
0.0
0.0
0.0
0.0
0.0
0.0
0.0
0.0
0.0
0.0
0.0
0.0
0.0
0.0
0.0
0.0
0.0
0.0
0.0
0.0
0.0
0.0
0.0
0.0
0.0
0.0
0.0
0.0
0.0
0.0
0.0
0.0
0.0
0.0
0.0
0.0
0.0
0.0
0.0
0.0
0.0
0.0
0.0
0.0
0.0
0.0
0.0
0.0
0.0
0.0
0.0
0.0
0.0
0.0
0.0
0.0
0.0
0.0
0.0
0.0
0.0
0.0
0.0
0.0
0.0
0.0
0.0
0.0
0.0
0.0
0.0
0.0
0.0
0.0
0.0
0.0
0.0
0.0
0.0
0.0
0.0
0.0
0.0
0.0
0.0
0.0
0.0
0.0
0.0
0.0
0.0
0.0
0.0
0.0
0.0
0.0
0.0
0.0
0.0
0.0
0.0
0.0
0.0
0.0
0.0
0.0
0.0
0.0
0.0
0.0
0.0
0.0
0.0
0.0
0.0
0.0
0.0
0.0
0.0
0.0
0.0
0.0
0.0
0.0
0.0
0.0
0.0
0.0
0.0
0.0
0.0
0.0
0.0
0.0
0.0
0.0
0.0
0.0
0.0
0.0
0.0
0.0
0.0
0.0
0.0
0.0
0.0
0.0
0.0
0.0
0.0
0.0
0.0
0.0
0.0
0.0
0.0
0.0
0.0
0.0
0.0
0.0
0.0
0.0
0.0
0.0
0.0
0.0
0.0
0.0
0.0
0.0
0.0
0.0
0.0
0.0
0.0
0.0
0.0
0.0
0.0
0.0
0.0
0.0
0.0
0.0
0.0
0.0
0.0
0.0
0.0
0.0
0.0
0.0
0.0
0.0
0.0
0.0
0.0
0.0
0.0
0.0
0.0
0.0
0.0
0.0
0.0
0.0
0.0
0.0
0.0
0.0
0.0
0.0
0.0
0.0
0.0
0.0
0.0
0.0
0.0
0.0
0.0
0.0
0.0
0.0
0.0
0.0
0.0
0.0
0.0
0.0
0.0
0.0
0.0
0.0
0.0
0.0
0.0
0.0
0.0
0.0
0.0
0.0
0.0
0.0
0.0
0.0
0.0
0.0
0.0
0.0
0.0
0.0
0.0
0.0
0.0
0.0
0.0
0.0
0.0
0.0
0.0
0.0
0.0
0.0
0.0
0.0
0.0
0.0
0.0
0.0
0.0
0.0
0.0
0.0
0.0
0.0
0.0
0.0
0.0
0.0
0.0
0.0
0.0
0.0
0.0
0.0
0.0
0.0
0.0
0.0
0.0
0.0
0.0
0.0
0.0
0.0
0.0
0.0
0.0
0.0
0.0
0.0
0.0
0.0
0.0
0.0
0.0
0.0
0.0
0.0
0.0
0.0
0.0
0.0
0.0
0.0
0.0
0.0
0.0
0.0
0.0
0.0
0.0
0.0
0.0
0.0
0.0
0.0
0.0
0.0
0.0
0.0
0.0
0.0
0.0
0.0
0.0
0.0
0.0
0.0
0.0
0.0
0.0
0.0
0.0
0.0
0.0
0.0
0.0
0.0
0.0
0.0
0.0
0.0
0.0
0.0
0.0
0.0
0.0
0.0
0.0
0.0
0.0
0.0
0.0
0.0
0.0
0.0
0.0
0.0
0.0
0.0
0.0
0.0
0.0
0.0
0.0
0.0
0.0
0.0
0.0
0.0
0.0
0.0
0.0
0.0
0.0
0.0
0.0
0.0
0.0
0.0
0.0
0.0
0.0
0.0
0.0
0.0
0.0
0.0
0.0
0.0
0.0
0.0
0.0
0.0
0.0
0.0
0.0
0.0
0.0
0.0
0.0
0.0
0.0
0.0
0.0
0.0
0.0
0.0
0.0
0.0
0.0
0.0
0.0
0.0
0.0
0.0
0.0
0.0
0.0
0.0
0.0
0.0
0.0
0.0
0.0
0.0
0.0
0.0
0.0
0.0
0.0
0.0
0.0
0.0
0.0
0.0
0.0
0.0
0.0
0.0
0.0
0.0
0.0
0.0
0.0
0.0
0.0
0.0
0.0
0.0
0.0
0.0
0.0
0.0
0.0
0.0
0.0
0.0
0.0
0.0
0.0
0.0
0.0
0.0
0.0
0.0
0.0
0.0
0.0
0.0
0.0
0.0
0.0
0.0
0.0
0.0
0.0
0.0
0.0
0.0
0.0
0.0
0.0
0.0
0.0
0.0
0.0
0.0
0.0
0.0
0.0
0.0
0.0
0.0
0.0
0.0
0.0
0.0
0.0
0.0
0.0
0.0
0.0
0.0
0.0
0.0
0.0
0.0
0.0
0.0
0.0
0.0
0.0
0.0
0.0
0.0
0.0
0.0
0.0
0.0
0.0
0.0
0.0
0.0
0.0
0.0
0.0
0.0
0.0
0.0
0.0
0.0
0.0
0.0
0.0
0.0
0.0
0.0
0.0
0.0
0.0
0.0
0.0
0.0
0.0
0.0
0.0
0.0
0.0
0.0
0.0
0.0
0.0
0.0
0.0
0.0
0.0
0.0
0.0
0.0
0.0
0.0
0.0
0.0
0.0
0.0
0.0
0.0
0.0
0.0
0.0
0.0
0.0
0.0
0.0
0.0
0.0
0.0
0.0
0.0
0.0
0.0
0.0
0.0
0.0
0.0
0.0
0.0
0.0
0.0
0.0
0.0
0.0
0.0
0.0
0.0
0.0
0.0
0.0
0.0
0.0
0.0
0.0
0.0
0.0
0.0
0.0
0.0
0.0
0.0
0.0
0.0
0.0
0.0
0.0
0.0
0.0
0.0
0.0
0.0
0.0
0.0
0.0
0.0
0.0
0.0
0.0
0.0
0.0
0.0
0.0
0.0
0.0
0.0
0.0
0.0
0.0
0.0
0.0
0.0
0.0
0.0
0.0
0.0
0.0
0.0
0.0
0.0
0.0
0.0
0.0
0.0
0.0
0.0
0.0
0.0
0.0
0.0
0.0
0.0
0.0
0.0
0.0
0.0
0.0
0.0
0.0
0.0
0.0
0.0
0.0
0.0
0.0
0.0
0.0
0.0
0.0
0.0
0.0
0.0
0.0
0.0
0.0
0.0
0.0
0.0
0.0
0.0
0.0
0.0
0.0
0.0
0.0
0.0
0.0
0.0
0.0
0.0
0.0
0.0
0.0
0.0
0.0
0.0
0.0
0.0
0.0
0.0
0.0
0.0
0.0
0.0
0.0
0.0
0.0
0.0
0.0
0.0
0.0
0.0
0.0
0.0
0.0
0.0
0.0
0.0
0.0
0.0
0.0
0.0
0.0
0.0
0.0
0.0
0.0
0.0
0.0
0.0
0.0
0.0
0.0
0.0
0.0
0.0
0.0
0.0
0.0
0.0
0.0
0.0
0.0
0.0
0.0
0.0
0.0
0.0
0.0
0.0
0.0
0.0
0.0
0.0
0.0
0.0
0.0
0.0
0.0
0.0
0.0
0.0
0.0
0.0
0.0
0.0
0.0
0.0
0.0
0.0
0.0
0.0
0.0
0.0
0.0
0.0
0.0
0.0
0.0
0.0
0.0
0.0
0.0
0.0
0.0
0.0
0.0
0.0
0.0
0.0
0.0
0.0
0.0
0.0
0.0
0.0
0.0
0.0
0.0
0.0
0.0
0.0
0.0
0.0
0.0
0.0
0.0
0.0
0.0
0.0
0.0
0.0
0.0
0.0
0.0
0.0
0.0
0.0
0.0
0.0
0.0
0.0
0.0
0.0
0.0
0.0
0.0
0.0
0.0
0.0
0.0
0.0
0.0
0.0
0.0
0.0
0.0
0.0
0.0
0.0
0.0
0.0
0.0
0.0
0.0
0.0
0.0
0.0
0.0
0.0
0.0
0.0
0.0
0.0
0.0
0.0
0.0
0.0
0.0
0.0
0.0
0.0
0.0
0.0
0.0
0.0
0.0
0.0
0.0
0.0
0.0
0.0
0.0
0.0
0.0
0.0
0.0
0.0
0.0
0.0
0.0
0.0
0.0
0.0
0.0
0.0
0.0
0.0
0.0
0.0
0.0
0.0
0.0
0.0
0.0
0.0
0.0
0.0
0.0
0.0
0.0
0.0
0.0
0.0
0.0
0.0
0.0
0.0
0.0
0.0
0.0
0.0
0.0
0.0
0.0
0.0
0.0
0.0
0.0
0.0
0.0
0.0
0.0
0.0
0.0
0.0
0.0
0.0
0.0
0.0
0.0
0.0
0.0
0.0
0.0
0.0
0.0
0.0
0.0
0.0
0.0
0.0
0.0
0.0
0.0
0.0
0.0
0.0
0.0
0.0
0.0
0.0
0.0
0.0
0.0
0.0
0.0
0.0
0.0
0.0
0.0
0.0
0.0
0.0
0.0
0.0
0.0
0.0
0.0
0.0
0.0
0.0
0.0
0.0
0.0
0.0
0.0
0.0
0.0
0.0
0.0
0.0
0.0
0.0
0.0
0.0
0.0
0.0
0.0
0.0
0.0
0.0
0.0
0.0
0.0
0.0
0.0
0.0
0.0
0.0
0.0
0.0
0.0
0.0
0.0
0.0
0.0
0.0
0.0
0.0
0.0
0.0
0.0
0.0
0.0
0.0
0.0
0.0
0.0
0.0
0.0
0.0
0.0
0.0
0.0
0.0
0.0
0.0
0.0
0.0
0.0
0.0
0.0
0.0
0.0
0.0
0.0
0.0
0.0
0.0
0.0
0.0
0.0
0.0
0.0
0.0
0.0
0.0
0.0
0.0
0.0
0.0
0.0
0.0
0.0
0.0
0.0
0.0
0.0
0.0
0.0
0.0
0.0
0.0
0.0
0.0
0.0
0.0
0.0
0.0
0.0
0.0
0.0
0.0
0.0
0.0
0.0
0.0
0.0
0.0
0.0
0.0
0.0
0.0
0.0
0.0
0.0
0.0
0.0
0.0
0.0
0.0
0.0
0.0
0.0
0.0
0.0
0.0
0.0
0.0
0.0
0.0
0.0
0.0
0.0
0.0
0.0
0.0
0.0
0.0
0.0
0.0
0.0
0.0
0.0
0.0
0.0
0.0
0.0
0.0
0.0
0.0
0.0
0.0
0.0
0.0
0.0
0.0
0.0
0.0
0.0
0.0
0.0
0.0
0.0
0.0
0.0
0.0
0.0
0.0
0.0
0.0
0.0
0.0
0.0
0.0
0.0
0.0
0.0
0.0
0.0
0.0
0.0
0.0
0.0
0.0
0.0
0.0
0.0
0.0
0.0
0.0
0.0
0.0
0.0
0.0
0.0
0.0
0.0
0.0
0.0
0.0
0.0
0.0
0.0
0.0
0.0
0.0
0.0
0.0
0.0
0.0
0.0
0.0
0.0
0.0
0.0
0.0
0.0
0.0
0.0
0.0
0.0
0.0
0.0
0.0
0.0
0.0
0.0
0.0
0.0
0.0
0.0
0.0
0.0
0.0
0.0
0.0
0.0
0.0
0.0
0.0
0.0
0.0
0.0
0.0
0.0
0.0
0.0
0.0
0.0
0.0
0.0
0.0
0.0
0.0
0.0
0.0
0.0
0.0
0.0
0.0
0.0
0.0
0.0
0.0
0.0
0.0
0.0
0.0
0.0
0.0
0.0
0.0
0.0
0.0
0.0
0.0
0.0
0.0
0.0
0.0
0.0
0.0
0.0
0.0
0.0
0.0
0.0
0.0
0.0
0.0
0.0
0.0
0.0
0.0
0.0
0.0
0.0
0.0
0.0
0.0
0.0
0.0
0.0
0.0
0.0
0.0
0.0
0.0
0.0
0.0
0.0
0.0
0.0
0.0
0.0
0.0
0.0
0.0
0.0
0.0
0.0
0.0
0.0
0.0
0.0
0.0
0.0
0.0
0.0
0.0
0.0
0.0
0.0
0.0
0.0
0.0
0.0
0.0
0.0
0.0
0.0
0.0
0.0
0.0
0.0
0.0
0.0
0.0
0.0
0.0
0.0
0.0
0.0
0.0
0.0
0.0
0.0
0.0
0.0
0.0
0.0
0.0
0.0
0.0
0.0
0.0
0.0
0.0
0.0
0.0
0.0
0.0
0.0
0.0
0.0
0.0
0.0
0.0
0.0
0.0
0.0
0.0
0.0
0.0
0.0
0.0
0.0
0.0
0.0
0.0
0.0
0.0
0.0
0.0
0.0
0.0
0.0
0.0
0.0
0.0
0.0
0.0
0.0
0.0
0.0
0.0
0.0
0.0
0.0
0.0
0.0
0.0
0.0
0.0
0.0
0.0
0.0
0.0
0.0
0.0
0.0
0.0
0.0
0.0
0.0
0.0
0.0
0.0
0.0
0.0
0.0
0.0
0.0
0.0
0.0
0.0
0.0
0.0
0.0
0.0
0.0
0.0
0.0
0.0
0.0
0.0
0.0
0.0
0.0
0.0
0.0
0.0
0.0
0.0
0.0
0.0
0.0
0.0
0.0
0.0
0.0
0.0
0.0
0.0
0.0
0.0
0.0
0.0
0.0
0.0
0.0
0.0
0.0
0.0
0.0
0.0
0.0
0.0
0.0
0.0
0.0
0.0
0.0
0.0
0.0
0.0
0.0
0.0
0.0
0.0
0.0
0.0
0.0
0.0
0.0
0.0
0.0
0.0
0.0
0.0
0.0
0.0
0.0
0.0
0.0
0.0
0.0
0.0
0.0
0.0
0.0
0.0
0.0
0.0
0.0
0.0
0.0
0.0
0.0
0.0
0.0
0.0
0.0
0.0
0.0
0.0
0.0
0.0
0.0
0.0
0.0
0.0
0.0
0.0
0.0
0.0
0.0
0.0
0.0
0.0
0.0
0.0
0.0
0.0
0.0
0.0
0.0
0.0
0.0
0.0
0.0
0.0
0.0
0.0
0.0
0.0
0.0
0.0
0.0
0.0
0.0
0.0
0.0
0.0
0.0
0.0
0.0
0.0
0.0
0.0
0.0
0.0
0.0
0.0
0.0
0.0
0.0
0.0
0.0
0.0
0.0
0.0
0.0
0.0
0.0
0.0
0.0
0.0
0.0
0.0
0.0
0.0
0.0
0.0
0.0
0.0
0.0
0.0
0.0
0.0
0.0
0.0
0.0
0.0
0.0
0.0
0.0
0.0
0.0
0.0
0.0
0.0
0.0
0.0
0.0
0.0
0.0
0.0
0.0
0.0
0.0
0.0
0.0
0.0
0.0
0.0
0.0
0.0
0.0
0.0
0.0
0.0
0.0
0.0
0.0
0.0
0.0
0.0
0.0
0.0
0.0
0.0
0.0
0.0
0.0
0.0
0.0
0.0
0.0
0.0
0.0
0.0
0.0
0.0
0.0
0.0
0.0
0.0
0.0
0.0
0.0
0.0
0.0
0.0
0.0
0.0
0.0
0.0
0.0
0.0
0.0
0.0
0.0
0.0
0.0
0.0
0.0
0.0
0.0
0.0
0.0
0.0
0.0
0.0
0.0
0.0
0.0
0.0
0.0
0.0
0.0
0.0
0.0
0.0
0.0
0.0
0.0
0.0
0.0
0.0
0.0
0.0
0.0
0.0
0.0
0.0
0.0
0.0
0.0
0.0
0.0
0.0
0.0
0.0
0.0
0.0
0.0
0.0
0.0
0.0
0.0
0.0
0.0
0.0
0.0
0.0
0.0
0.0
0.0
0.0
0.0
0.0
0.0
0.0
0.0
0.0
0.0
0.0
0.0
0.0
0.0
0.0
0.0
0.0
0.0
0.0
0.0
0.0
0.0
0.0
0.0
0.0
0.0
0.0
0.0
0.0
0.0
0.0
0.0
0.0
0.0
0.0
0.0
0.0
0.0
0.0
0.0
0.0
0.0
0.0
0.0
0.0
0.0
0.0
0.0
0.0
0.0
0.0
0.0
0.0
0.0
0.0
0.0
0.0
0.0
0.0
0.0
0.0
0.0
0.0
0.0
0.0
0.0
0.0
0.0
0.0
0.0
0.0
0.0
0.0
0.0
0.0
0.0
0.0
0.0
0.0
0.0
0.0
0.0
0.0
0.0
0.0
0.0
0.0
0.0
0.0
0.0
0.0
0.0
0.0
0.0
0.0
0.0
0.0
0.0
0.0
0.0
0.0
0.0
0.0
0.0
0.0
0.0
0.0
0.0
0.0
0.0
0.0
0.0
0.0
0.0
0.0
0.0
0.0
0.0
0.0
0.0
0.0
0.0
0.0
0.0
0.0
0.0
0.0
0.0
0.0
0.0
0.0
0.0
0.0
0.0
0.0
0.0
0.0
0.0
0.0
0.0
0.0
0.0
0.0
0.0
0.0
0.0
0.0
0.0
0.0
0.0
0.0
0.0
0.0
0.0
0.0
0.0
0.0
0.0
0.0
0.0
0.0
0.0
0.0
0.0
0.0
0.0
0.0
0.0
0.0
0.0
0.0
0.0
0.0
0.0
0.0
0.0
0.0
0.0
0.0
0.0
0.0
0.0
0.0
0.0
0.0
0.0
0.0
0.0
0.0
0.0
0.0
0.0
0.0
0.0
0.0
0.0
0.0
0.0
0.0
0.0
0.0
0.0
0.0
0.0
0.0
0.0
0.0
0.0
0.0
0.0
0.0
0.0
0.0
0.0
0.0
0.0
0.0
0.0
0.0
0.0
0.0
0.0
0.0
0.0
0.0
0.0
0.0
0.0
0.0
0.0
0.0
0.0
0.0
0.0
0.0
0.0
0.0
0.0
0.0
0.0
0.0
0.0
0.0
0.0
0.0
0.0
0.0
0.0
0.0
0.0
0.0
0.0
0.0
0.0
0.0
0.0
0.0
0.0
0.0
0.0
0.0
0.0
0.0
0.0
0.0
0.0
0.0
0.0
0.0
0.0
0.0
0.0
0.0
0.0
0.0
0.0
0.0
0.0
0.0
0.0
0.0
0.0
0.0
0.0
0.0
0.0
0.0
0.0
0.0
0.0
0.0
0.0
0.0
0.0
0.0
0.0
0.0
0.0
0.0
0.0
0.0
0.0
0.0
0.0
0.0
0.0
0.0
0.0
0.0
0.0
0.0
0.0
0.0
0.0
0.0
0.0
0.0
0.0
0.0
0.0
0.0
0.0
0.0
0.0
0.0
0.0
0.0
0.0
0.0
0.0
0.0
0.0
0.0
0.0
0.0
0.0
0.0
0.0
0.0
0.0
0.0
0.0
0.0
0.0
0.0
0.0
0.0
0.0
0.0
0.0
0.0
0.0
0.0
0.0
0.0
0.0
0.0
0.0
0.0
0.0
0.0
0.0
0.0
0.0
0.0
0.0
0.0
0.0
0.0
0.0
0.0
0.0
0.0
0.0
0.0
0.0
0.0
0.0
0.0
0.0
0.0
0.0
0.0
0.0
0.0
0.0
0.0
0.0
0.0
0.0
0.0
0.0
0.0
0.0
0.0
0.0
0.0
0.0
0.0
0.0
0.0
0.0
0.0
0.0
0.0
0.0
0.0
0.0
0.0
0.0
0.0
0.0
0.0
0.0
0.0
0.0
0.0
0.0
0.0
0.0
0.0
0.0
0.0
0.0
0.0
0.0
0.0
0.0
0.0
0.0
0.0
0.0
0.0
0.0
0.0
0.0
0.0
0.0
0.0
0.0
0.0
0.0
0.0
0.0
0.0
0.0
0.0
0.0
0.0
0.0
0.0
0.0
0.0
0.0
0.0
0.0
0.0
0.0
0.0
0.0
0.0
0.0
0.0
0.0
0.0
0.0
0.0
0.0
0.0
0.0
0.0
0.0
0.0
0.0
0.0
0.0
0.0
0.0
0.0
0.0
0.0
0.0
0.0
0.0
0.0
0.0
0.0
0.0
0.0
0.0
0.0
0.0
0.0
0.0
0.0
0.0
0.0
0.0
0.0
0.0
0.0
0.0
0.0
0.0
0.0
0.0
0.0
0.0
0.0
0.0
0.0
0.0
0.0
0.0
0.0
0.0
0.0
0.0
0.0
0.0
0.0
0.0
0.0
0.0
0.0
0.0
0.0
0.0
0.0
0.0
0.0
0.0
0.0
0.0
0.0
0.0
0.0
0.0
0.0
0.0
0.0
0.0
0.0
0.0
0.0
0.0
0.0
0.0
0.0
0.0
0.0
0.0
0.0
0.0
0.0
0.0
0.0
0.0
0.0
0.0
0.0
0.0
0.0
0.0
0.0
0.0
0.0
0.0
0.0
0.0
0.0
0.0
0.0
0.0
0.0
0.0
0.0
0.0
0.0
0.0
0.0
0.0
0.0
0.0
0.0
0.0
0.0
0.0
0.0
0.0
0.0
0.0
0.0
0.0
0.0
0.0
0.0
0.0
0.0
0.0
0.0
0.0
0.0
0.0
0.0
0.0
0.0
0.0
0.0
0.0
0.0
0.0
0.0
0.0
0.0
0.0
0.0
0.0
0.0
0.0
0.0
0.0
0.0
0.0
0.0
0.0
0.0
0.0
0.0
0.0
0.0
0.0
0.0
0.0
0.0
0.0
0.0
0.0
0.0
0.0
0.0
0.0
0.0
0.0
0.0
0.0
0.0
0.0
0.0
0.0
0.0
0.0
0.0
0.0
0.0
0.0
0.0
0.0
0.0
0.0
0.0
0.0
0.0
0.0
0.0
0.0
0.0
0.0
0.0
0.0
0.0
0.0
0.0
0.0
0.0
0.0
0.0
0.0
0.0
0.0
0.0
0.0
0.0
0.0
0.0
0.0
0.0
0.0
0.0
0.0
0.0
0.0
0.0
0.0
0.0
0.0
0.0
0.0
0.0
0.0
0.0
0.0
0.0
0.0
0.0
0.0
0.0
0.0
0.0
0.0
0.0
0.0
0.0
0.0
0.0
0.0
0.0
0.0
0.0
0.0
0.0
0.0
0.0
0.0
0.0
0.0
0.0
0.0
0.0
0.0
0.0
0.0
0.0
0.0
0.0
0.0
0.0
0.0
0.0
0.0
0.0
0.0
0.0
0.0
0.0
0.0
0.0
0.0
0.0
0.0
0.0
0.0
0.0
0.0
0.0
0.0
0.0
0.0
0.0
0.0
0.0
0.0
0.0
0.0
0.0
0.0
0.0
0.0
0.0
0.0
0.0
0.0
0.0
0.0
0.0
0.0
0.0
0.0
0.0
0.0
0.0
0.0
0.0
0.0
0.0
0.0
0.0
0.0
0.0
0.0
0.0
0.0
0.0
0.0
0.0
0.0
0.0
0.0
0.0
0.0
0.0
0.0
0.0
0.0
0.0
0.0
0.0
0.0
0.0
0.0
0.0
0.0
0.0
0.0
0.0
0.0
0.0
0.0
0.0
0.0
0.0
0.0
0.0
0.0
0.0
0.0
0.0
0.0
0.0
0.0
0.0
0.0
0.0
0.0
0.0
0.0
0.0
0.0
0.0
0.0
0.0
0.0
0.0
0.0
0.0
0.0
0.0
0.0
0.0
0.0
0.0
0.0
0.0
0.0
0.0
0.0
0.0
0.0
0.0
0.0
0.0
0.0
0.0
0.0
0.0
0.0
0.0
0.0
0.0
0.0
0.0
0.0
0.0
0.0
0.0
0.0
0.0
0.0
0.0
0.0
0.0
0.0
0.0
0.0
0.0
0.0
0.0
0.0
0.0
0.0
0.0
0.0
0.0
0.0
0.0
0.0
0.0
0.0
0.0
0.0
0.0
0.0
0.0
0.0
0.0
0.0
0.0
0.0
0.0
0.0
0.0
0.0
0.0
0.0
0.0
0.0
0.0
0.0
0.0
0.0
0.0
0.0
0.0
0.0
0.0
0.0
0.0
0.0
0.0
0.0
0.0
0.0
0.0
0.0
0.0
0.0
0.0
0.0
0.0
0.0
0.0
0.0
0.0
0.0
0.0
0.0
0.0
0.0
0.0
0.0
0.0
0.0
0.0
0.0
0.0
0.0
0.0
0.0
0.0
0.0
0.0
0.0
0.0
0.0
0.0
0.0
0.0
0.0
0.0
0.0
0.0
0.0
0.0
0.0
0.0
0.0
0.0
0.0
0.0
0.0
0.0
0.0
0.0
0.0
0.0
0.0
0.0
0.0
0.0
0.0
0.0
0.0
0.0
0.0
0.0
0.0
0.0
0.0
0.0
0.0
0.0
0.0
0.0
0.0
0.0
0.0
0.0
0.0
0.0
0.0
0.0
0.0
0.0
0.0
0.0
0.0
0.0
0.0
0.0
0.0
0.0
0.0
0.0
0.0
0.0
0.0
0.0
0.0
0.0
0.0
0.0
0.0
0.0
0.0
0.0
0.0
0.0
0.0
0.0
0.0
0.0
0.0
0.0
0.0
0.0
0.0
0.0
0.0
0.0
0.0
0.0
0.0
0.0
0.0
0.0
0.0
0.0
0.0
0.0
0.0
0.0
0.0
0.0
0.0
0.0
0.0
0.0
0.0
0.0
0.0
0.0
0.0
0.0
0.0
0.0
0.0
0.0
0.0
0.0
0.0
0.0
0.0
0.0
0.0
0.0
0.0
0.0
0.0
0.0
0.0
0.0
0.0
0.0
0.0
0.0
0.0
0.0
0.0
0.0
0.0
0.0
0.0
0.0
0.0
0.0
0.0
0.0
0.0
0.0
0.0
0.0
0.0
0.0
0.0
0.0
0.0
0.0
0.0
0.0
0.0
0.0
0.0
0.0
0.0
0.0
0.0
0.0
0.0
0.0
0.0
0.0
0.0
0.0
0.0
0.0
0.0
0.0
0.0
0.0
0.0
0.0
0.0
0.0
0.0
0.0
0.0
0.0
0.0
0.0
0.0
0.0
0.0
0.0
0.0
0.0
0.0
0.0
0.0
0.0
0.0
0.0
0.0
0.0
0.0
0.0
0.0
0.0
0.0
0.0
0.0
0.0
0.0
0.0
0.0
0.0
0.0
0.0
0.0
0.0
0.0
0.0
0.0
0.0
0.0
0.0
0.0
0.0
0.0
0.0
0.0
0.0
0.0
0.0
0.0
0.0
0.0
0.0
0.0
0.0
0.0
0.0
0.0
0.0
0.0
0.0
0.0
0.0
0.0
