1.0440462556926062
1.0382160273468557
1.0377127180826102
1.0350660981954314
1.0349510369912536
1.0344971293150251
1.0344971293150251
1.0344971293150251
1.0344971293150251
1.0344971293150251
1.0344971293150251
1.0344920452129838
1.0344711563499898
1.0344711563499898
1.0344711563499898
1.0341524454465676
1.034033540508985
1.0325713974200244
1.0325713974200244
1.0314540937777028
1.0314540937777028
1.0269855219237927
1.0269855219237927
1.026351953237495
1.0263513131380966
1.0259417064006855
1.0259417064006855
1.0151691099307285
1.0151691099307285
1.0142996797963517
1.0142996797963517
1.0141503296422416
0.9841905210401478
0.9841905210401478
0.9840563368430353
0.9840563368430353
0.9840563368430353
0.9840563368430353
0.9828041788991142
0.9738998642798136
0.9738998642798136
0.9738998642798136
0.9708874697744696
0.9708874697744696
0.960748641970766
0.9594519207741247
0.9594519207741247
0.9584813175584949
0.9543323754451853
0.9517901726266109
0.9517901726266109
0.9514250949877647
0.9500797119597578
0.9130690738104026
0.9130690738104026
0.9130690738104026
0.9114636259430839
0.9114636259430839
0.9114636259430839
0.8835434359050016
0.8835434359050016
0.8829269677268436
0.8797710571538794
0.8030693904628982
0.802864454714286
0.802864454714286
0.7866510472662924
0.7865662478225935
0.7865662478225935
0.7865662478225935
0.7758715979500086
0.7758715979500086
0.7758715979500086
0.7656259428273113
0.7656259428273113
0.7656147682724814
0.7587081210479902
0.7587081210479902
0.7587081210479902
0.7587081210479902
0.7575677388323825
0.7565829331068938
0.7565424131120131
0.7530273857833483
0.7138372692254293
0.7138372692254293
0.6998009322384142
0.6998009322384142
0.6948896570146574
0.6948896570146574
0.6903149713087793
0.6870148567213105
0.683157199668996
0.47987477069774975
0.47737832487745835
0.47737832487745835
0.4773294255314632
0.4674644064817354
0.4647501944342233
0.4647501944342233
0.46085045260178215
0.46085045260178215
0.45975275403396765
0.45972288682501716
0.4584930549990902
0.4584930549990902
0.4584930549990902
0.45807650412144074
0.4580303467866885
0.45801887936046515
0.4579088636880929
0.45756843642979406
0.4499135765644715
0.4499135765644715
0.4270684940172472
0.4265593816271569
0.4265593816271569
0.4265593816271569
0.28497039678337655
0.28497039678337655
0.2841254925579867
0.28244614034805693
0.28244614034805693
0.28244614034805693
0.28244614034805693
0.28244614034805693
0.28183333759489104
0.26789741418116764
0.2673436557942718
0.26448833153223417
0.264324509718155
0.2632574826315808
0.262946433611174
0.262946433611174
0.262946433611174
0.26158160196927527
0.2615792668755169
0.2615792668755169
0.2607874015585019
0.18093493293593566
0.15921656324129285
0.15834163206400165
0.15834163206400165
0.15834163206400165
0.15834163206400165
0.15834138826410082
0.15834138826410082
0.15528149162964255
0.13921599933923257
0.13921599933923257
0.13921599933923257
0.13331638170550286
0.10999353028030434
0.06795941647423698
0.06795941647423698
0.05919745710085189
0.05810676699942885
0.058103440109560034
0.05775744660945603
0.05775744660945603
0.05769567965093758
0.05715576214570395
0.05661387083972924
0.05626424979030942
0.05626424979030942
0.05539420570155695
0.055374026335044624
0.05528920962488737
0.05470635642934485
0.05470635642934485
0.05466568009739936
0.054474946041778494
0.05443793231184846
0.054436804158904506
0.05435076382239645
0.05435076382239645
0.05435076382239645
0.05142361390804262
0.051411406710297536
0.05137179508912226
0.051197118979064205
0.051197118979064205
0.051197118979064205
0.05116946591906768
0.05116946591906768
0.05116685209575722
0.05116685209575722
0.051104246120526664
0.051104246120526664
0.050545013400356886
0.05042978885229832
0.05042978885229832
0.05021854803084924
0.05021854803084924
0.0390784133071197
0.030075978091009592
0.030058890334864197
0.030022099217097753
0.03002048789427514
0.03002048789427514
0.030020410374333673
0.03001152962907827
0.02999870021790596
0.02999870021790596
0.02999870021790596
0.029996706285553176
0.02999662903069844
0.02999662903069844
0.02999662903069844
0.02999633722240236
0.029996193132138083
0.029996193132138083
0.029996114360878012
0.029996114360878012
0.029996114360878012
0.029996114360878012
0.029996114360878012
0.029996114360878012
0.02999595009965117
0.029993350791969298
0.029993350791969298
0.029990419323335016
0.029657849427226046
0.02965770691111691
0.02965770691111691
0.029571475593896834
0.029571475593896834
0.029571475593896834
0.029571475593896834
0.029571313388412235
0.029571313388412235
0.029176219622863653
0.021246725375112296
0.021246725375112296
0.02124434631576988
0.021243916092598125
0.01898745071277208
0.01895326603068881
0.01895326603068881
0.01895326603068881
0.01895326603068881
0.01895326603068881
0.0185270728571314
0.0185270728571314
0.0185270728571314
0.018504246707060412
0.018502259652512953
0.018502259652512953
0.018502259652512953
0.018502259652512953
0.018502259652512953
0.01844773335696559
0.01844773335696559
0.018440367942094915
0.018440087416032536
0.018440087416032536
0.01844007576971085
0.01844007576971085
0.01844007576971085
0.01844007576971085
0.0184289192870305
0.017579430778492444
0.017579430778492444
0.017500756534442385
0.017500756534442385
0.017459432379933526
0.0056725797956086454
0.0056672517372274855
0.003822576017393331
0.003822576017393331
0.003715373309116088
0.003715373309116088
0.003715373309116088
0.003534859547604241
0.0033617820232479945
0.0033617820232479945
0.0033617820232479945
0.0032175159438005974
0.003216882049560277
0.0032168814804512946
0.0032168814804512946
0.0032103798567246766
0.0032103798567246766
0.0031141263942200403
0.003112500443426036
0.0031124996769562596
0.0031124996769562596
0.0030869676600928653
0.0030869676600928653
0.0030869676600928653
0.0030869676600928653
0.0030869676600928653
0.003086951661129489
0.0030864757383736174
0.003084696917574181
0.003084207400449901
0.003078238974397962
0.0030509126660416275
0.003050387670559096
0.003050115492598038
0.003050115492598038
0.003050115492598038
0.003050115492598038
0.003050115492598038
0.0030483496838877855
0.0030469844115295075
0.0030457999812072423
0.0030457999812072423
0.0029263788074501695
0.0029263788074501695
0.002735417829406561
0.002735417829406561
0.002735417829406561
0.0026853621980413855
0.0026595871257976134
0.0026595871257976134
0.0026595871257976134
0.002657854511046276
0.002657619113142662
0.002657619113142662
0.002657619113142662
0.00265716036336594
0.00265716036336594
0.002657048609360002
0.002656761308789668
0.002656761308789668
0.0026561958982898037
0.0026561816263979132
0.002656169476662029
0.002656169476662029
0.002656169476662029
0.002656169476662029
0.002656169476662029
0.002656169476662029
0.002656169476662029
0.0026561687891141217
0.0026561665020029546
0.0026503934674172447
0.0026503934674172447
0.002643557734108626
0.002643557734108626
0.002643557734108626
0.0022468619348930963
0.0021140301160166297
0.0021140301160166297
0.0021135409955209683
0.0021135409955209683
0.0021135409955209683
0.0021135409955209683
0.0020919219767548958
0.0020919219767548958
0.0020919219767548958
0.0020919219767548958
0.0020913810286825596
0.002024750186484625
0.0015059210594708938
0.0015058834828436396
0.0015058834828436396
0.0015058834828436396
0.0015058834828436396
0.0015058834828436396
0.0015058834828436396
0.0015056915276654426
0.0015056176629807405
0.00150561757891432
0.00150561757891432
0.001505617495811018
0.001505617495811018
0.001505617495811018
0.001505617495811018
0.0015056172392449163
0.0015056172392449163
0.0015056172392449163
0.0015056172392449163
0.0005294671081197411
0.0005294657215778598
0.0005291401380330685
0.0005291191737875067
0.0005290879739305865
0.0005290879739305865
0.00052908004785579
0.00052908004785579
0.0005290799088091269
0.0005290799088091269
0.0005290799088091269
0.0005290799088091269
0.0004421023360134946
0.0004421023360134946
0.0004421023360134946
0.0004421019047770036
0.0004421019047770036
0.0004420980631658633
0.00044205741261160725
0.0004363215064410175
0.00043631713464897803
0.00043631713464897803
0.00043631713464897803
0.00043631713464897803
0.0004361595173529853
0.00043614286231863364
0.0004361367409488892
0.0004354248562160601
0.00043530350944687157
0.00043530350944687157
0.0003791461188813461
0.0003791461188813461
0.0003789712661088629
0.00037897089648641913
0.0003685129416687305
0.0003685129416687305
0.00036824975067661914
0.00036824191011897156
0.00036824191011897156
0.00036824191011897156
0.00036824191011897156
0.00036824191011897156
0.00036824191011897156
0.00036824191011897156
0.00036824191011897156
0.00036824190990691896
0.00036824190990691896
0.00036824167909998984
0.000364941991663037
0.0003649415637837494
0.00036486808481450694
0.00036486808481450694
0.00036486808481450694
0.00036486808295665973
0.00036486808295665973
0.00036486779483002607
0.0003303580805114059
0.0003303580805114059
0.0003303580805114059
0.00033018259219896873
0.00033018259219896873
0.00033018259219896873
0.00033018259219896873
0.0003301796789417777
0.0003301796789417777
0.0003301796789417777
0.00033011743479904876
0.0003301112962096342
0.00033010980381287247
0.00033010980381287247
0.00033010980381287247
0.00033010980381287247
0.0003299032468283558
0.0003271389743352282
0.0003271389743352282
0.00032713605560308334
0.00032713605560308334
0.00032713605560308334
0.00032713605560308334
0.0003271360104984966
0.0003271266614763846
0.00032709719041967844
0.0003270671759851851
0.00032706717311059563
0.00032706716352803866
0.00032706716352803866
0.00032706716352803866
0.00032706716352803866
0.00032706716352803866
0.0003270646978030811
0.0003270646978030811
0.00032706469736021315
0.00032706469736021315
0.00032706469736021315
0.00032706469736021315
0.00032706469736021315
0.00032706469736021315
0.00032706469736021315
0.00032706464470899643
0.00032706464470899643
0.00032706464470899643
0.00032700056349954654
0.0003269984774265655
0.0003269984774265655
0.0003269984774265655
0.0003269984774265655
0.0003269976442979994
0.0003268831186811205
0.0003180158116691256
0.0003180158116691256
0.0003180158116691256
0.0003180158116691256
0.0003180112734344487
0.00031801084289606596
0.00031801084289606596
0.00031801084168181504
0.00031801084049620787
0.00031801064236469667
0.00031801064210879026
0.00031801064210879026
0.00031801064210879026
0.00031801064210879026
0.00031801064210879026
0.0003180096267817456
0.0003180096267817456
0.0003180096267817456
0.0003180096267817456
0.000317443924652161
0.0003168147950682876
0.0003168147939444088
0.0003168147874267335
0.000316813891558243
0.000316813891558243
0.00031681369303360185
0.00031681368247760133
0.0003168118565458622
0.0003167785678231949
0.0003167785661530864
0.0003167785644350163
0.00031677838336952036
0.00031677838336952036
0.000316777638161736
0.0003159214735793947
0.0003159214735793947
0.00031590780986912037
0.0003159078096498513
8.802671533003625e-05
8.802669701990506e-05
8.802398586049698e-05
8.802157244158781e-05
8.802157244158781e-05
8.6216250868687e-05
8.621607370096207e-05
8.62160257532052e-05
8.62160257532052e-05
8.62160257532052e-05
8.62160257532052e-05
8.621570700584336e-05
8.621543160536316e-05
4.206406832296672e-06
4.205430702119983e-06
4.205298964721216e-06
4.205298964721216e-06
4.205294681258742e-06
4.205294573900176e-06
4.204766034909824e-06
4.20476602991382e-06
4.20476602991382e-06
4.204758811687803e-06
4.203462461771501e-06
4.203462461771501e-06
4.203462461771501e-06
4.203065670504991e-06
4.203037550554178e-06
4.203037550554178e-06
4.203037550554178e-06
4.203037550554178e-06
4.203037550554178e-06
4.203037079153482e-06
4.202999057789647e-06
4.202999035474164e-06
4.202998592273133e-06
4.202998592273133e-06
4.202639517059126e-06
4.202639517059126e-06
4.202639517059126e-06
4.2025349922258926e-06
4.202465202496342e-06
4.202050293278248e-06
4.1967265772546725e-06
4.175779762527476e-06
4.175779762527476e-06
4.175689126695303e-06
4.175689126695303e-06
4.165144039114388e-06
4.165144039114388e-06
4.1651423948740884e-06
4.1651423948740884e-06
4.1651423912103525e-06
4.165095094488258e-06
4.158584868241277e-06
4.158584868241277e-06
4.1585831724866296e-06
4.1585831724866296e-06
4.1585831724866296e-06
4.158573012835731e-06
4.158571333845451e-06
4.158504920304118e-06
4.158504920304118e-06
4.1584906520508724e-06
4.158490382932811e-06
4.158490382932811e-06
4.158490382932811e-06
4.158490382932811e-06
4.158490382932811e-06
4.158490382932811e-06
4.155806743622037e-06
4.155806743622037e-06
4.121765485587403e-06
4.121765485587403e-06
4.1217012047845e-06
4.121694617276184e-06
4.121694617276184e-06
4.121694617276184e-06
4.121694617276184e-06
4.121694475722748e-06
4.121694475722748e-06
4.121694475722748e-06
4.121694475722748e-06
4.121694460623715e-06
4.121694437531076e-06
4.121694430314626e-06
4.121694430314626e-06
4.121694125669428e-06
4.121694125669428e-06
4.121693698122542e-06
4.121691779324088e-06
4.121691779324088e-06
4.121690711511583e-06
4.121623486397219e-06
2.1190365985246373e-06
2.1190365985246373e-06
2.1189917867037167e-06
2.1189917867037167e-06
2.1189695705858824e-06
2.1189576925317866e-06
2.1189576925317866e-06
2.1189576925317866e-06
2.1189576925317866e-06
2.118957081242989e-06
2.118957081242989e-06
2.1188307715025445e-06
2.118790776384216e-06
2.1187907655040306e-06
2.1187903346264747e-06
2.1174737603324445e-06
2.1174737603324445e-06
2.117441758597849e-06
2.117441758597849e-06
2.117441758597849e-06
2.117441758597849e-06
2.1174417429437042e-06
2.1174417429437042e-06
2.11744173550521e-06
2.1100934741724586e-06
2.1100934741724586e-06
2.1100924947337063e-06
2.1100915470473325e-06
2.1100882089397643e-06
2.1100877332091983e-06
2.1100872741319776e-06
2.1100871326895643e-06
2.1100871326895643e-06
2.11008622597042e-06
2.110082481965314e-06
2.110082481965314e-06
2.109439245390199e-06
2.10943837508637e-06
2.10943837508637e-06
2.109438374753303e-06
2.1094374154095874e-06
2.1094369379026645e-06
1.873948139441417e-06
1.873948139441417e-06
1.873948139441417e-06
1.873948139441417e-06
1.8738899028036826e-06
1.8738848873711689e-06
1.8738848730492919e-06
1.870017635741128e-06
1.870017635741128e-06
1.870017635741128e-06
1.8700174486685484e-06
1.8700174486685484e-06
1.8700174486685484e-06
1.8700068480370646e-06
1.8700068475929754e-06
1.8700068475929754e-06
1.8700068475929754e-06
1.8700068367127898e-06
1.8700008591610029e-06
1.8700001733762406e-06
1.8700001733762406e-06
1.8700001733762406e-06
1.8700001729321514e-06
1.869999891601637e-06
1.8699998253213224e-06
1.8699998253213224e-06
1.8699998253213224e-06
1.86999977747071e-06
1.8699991536363925e-06
1.8699989794424e-06
1.8699989794424e-06
1.8699989794424e-06
1.8699989794424e-06
1.8699989643433668e-06
1.8699989643433668e-06
1.8699982274883453e-06
1.8699982269332338e-06
1.8699982269332338e-06
1.8699982269332338e-06
1.8699982269332338e-06
1.8699980377512304e-06
1.8699980296466023e-06
1.8699980296466023e-06
1.8699980296466023e-06
1.8699980296466023e-06
1.8699980296466023e-06
1.8699980292025131e-06
1.8699978540093198e-06
1.8699978540093198e-06
1.8699978540093198e-06
1.8699978540093198e-06
1.8699978540093198e-06
1.8699977807346002e-06
1.8699977807346002e-06
1.8699977807346002e-06
1.8699977807346002e-06
1.8699977807346002e-06
1.8699977807346002e-06
1.8699977807346002e-06
1.8699977807346002e-06
1.8699977807346002e-06
1.8699977807346002e-06
1.8699977335501217e-06
1.8699977321068317e-06
1.8699977321068317e-06
1.8699977321068317e-06
1.8699977318847871e-06
1.8699977318847871e-06
1.8699977318847871e-06
1.8699977318847871e-06
1.8699977308855864e-06
1.8699977308855864e-06
1.8699976105374105e-06
1.8699976105374105e-06
1.8699976105374105e-06
1.8699974905223016e-06
1.8699974905223016e-06
1.8699738494332152e-06
1.8699716991532611e-06
1.8699716991532611e-06
1.8699716991532611e-06
1.8699716336501027e-06
1.8699715574888032e-06
1.8699715204073541e-06
1.8699715204073541e-06
1.8699715204073541e-06
1.8699715074177448e-06
1.8699715074177448e-06
1.8699715074177448e-06
1.8699715074177448e-06
1.8699715074177448e-06
1.8699715071957002e-06
1.8699714844361282e-06
1.8699714844361282e-06
1.8699714844361282e-06
1.8699714844361282e-06
1.8699714838810166e-06
1.8699714838810166e-06
1.8699714838810166e-06
1.8699714838810166e-06
1.8699714838810166e-06
1.8699714838810166e-06
1.8699714838810166e-06
1.8690964009859812e-06
1.8690964008749589e-06
1.8690964008749589e-06
1.3324664148717247e-06
1.3324664148717247e-06
1.33246641464968e-06
1.33246641464968e-06
1.33246641464968e-06
1.33246641464968e-06
1.33246641464968e-06
1.33246641464968e-06
1.33246641464968e-06
1.3324664143166132e-06
1.0214942891551004e-07
1.0214942613995248e-07
1.0214942613995248e-07
1.0214942613995248e-07
1.0214942613995248e-07
1.0214942613995248e-07
1.0214909618166956e-07
1.0214909618166956e-07
1.0214909618166956e-07
1.0214909618166956e-07
1.0214909607064726e-07
1.0214909484940193e-07
1.0214909484940193e-07
1.0214909484940193e-07
1.0214909484940193e-07
1.0214851298151473e-07
1.0214851220435861e-07
1.0214851220435861e-07
1.0214828760624073e-07
1.0214828760624073e-07
1.0214828760624073e-07
1.0214828760624073e-07
1.0214828760624073e-07
1.0214720291834567e-07
1.0214720291834567e-07
1.0214720247425646e-07
8.137845675104671e-08
8.137845675104671e-08
8.137839713207029e-08
8.137700990840102e-08
8.137700990840102e-08
8.137700990840102e-08
8.137693630061449e-08
8.137693630061449e-08
8.137693630061449e-08
8.137693630061449e-08
8.137693630061449e-08
8.137693630061449e-08
8.137693630061449e-08
8.000834006427482e-08
8.000834006427482e-08
8.000692697240908e-08
8.000692697240908e-08
8.000692697240908e-08
8.000692697240908e-08
8.000692697240908e-08
8.000692630627526e-08
8.000692630627526e-08
8.000692630627526e-08
8.000692630627526e-08
8.000691176235364e-08
8.000688345166651e-08
8.000685070008728e-08
8.000685070008728e-08
8.000685014497577e-08
8.000685014497577e-08
8.000683260345198e-08
8.000683260345198e-08
8.000447659917143e-08
8.000447659917143e-08
8.000447659917143e-08
8.000447659917143e-08
8.000447659917143e-08
8.00044667181865e-08
8.00044667181865e-08
8.00044667181865e-08
8.00044667181865e-08
8.00044667181865e-08
8.00044667181865e-08
8.00044662740973e-08
8.000406614971922e-08
8.000406570563001e-08
8.000406570563001e-08
8.000406570563001e-08
8.000406570563001e-08
8.000406570563001e-08
8.000406570563001e-08
8.000406015451489e-08
8.000406015451489e-08
8.000406015451489e-08
8.000406015451489e-08
8.000406015451489e-08
8.000406015451489e-08
8.000406015451489e-08
8.000391449325406e-08
8.000391449325406e-08
8.000391449325406e-08
8.000391438223176e-08
8.000391438223176e-08
8.000391260587492e-08
8.000390894213893e-08
8.000390894213893e-08
8.000390894213893e-08
8.000390894213893e-08
2.1152923634915055e-08
2.1152923634915055e-08
2.1152923634915055e-08
2.1152923634915055e-08
2.1152923523892753e-08
2.1152911977573297e-08
2.1152911977573297e-08
2.1152911977573297e-08
2.1152911977573297e-08
2.1152911977573297e-08
2.1152901541476865e-08
2.1152901541476865e-08
2.1152898432852396e-08
2.115289809978549e-08
2.115289809978549e-08
2.115289809978549e-08
2.115289809978549e-08
2.115289809978549e-08
2.115289809978549e-08
2.115289809978549e-08
2.115289809978549e-08
2.115289809978549e-08
2.115289809978549e-08
2.115289809978549e-08
2.115289809978549e-08
2.115289809978549e-08
2.115289809978549e-08
2.115289454707181e-08
4.482585191922794e-09
4.482585191922794e-09
4.482585080900492e-09
4.458800995088552e-09
4.458800995088552e-09
4.45879189125975e-09
4.45879189125975e-09
4.45879189125975e-09
4.45879189125975e-09
4.45879189125975e-09
4.45879189125975e-09
4.45879189125975e-09
4.45879189125975e-09
4.45879189125975e-09
4.458791780237448e-09
4.458791780237448e-09
4.458791780237448e-09
4.458791780237448e-09
4.458791780237448e-09
4.458791780237448e-09
4.458791780237448e-09
4.458787006278442e-09
4.4587833425424606e-09
4.4587833425424606e-09
4.4587833425424606e-09
4.4587833425424606e-09
4.4587833425424606e-09
4.4587833425424606e-09
4.4587833425424606e-09
4.458782898453251e-09
4.458782898453251e-09
4.458782565386343e-09
4.458782565386343e-09
4.458782565386343e-09
4.458782565386343e-09
4.458782565386343e-09
4.458778457561152e-09
4.458778457561152e-09
4.458778457561152e-09
4.45877834653885e-09
4.45877834653885e-09
4.45877834653885e-09
4.458776792226615e-09
4.4587759040481956e-09
4.4587759040481956e-09
4.4587759040481956e-09
4.4587759040481956e-09
4.4587759040481956e-09
4.458714508714934e-09
4.458714508714934e-09
4.458714508714934e-09
4.458714508714934e-09
4.458714508714934e-09
4.458713398491909e-09
4.458713398491909e-09
4.458713398491909e-09
4.458713398491909e-09
4.458713398491909e-09
4.458713398491909e-09
4.458713398491909e-09
4.458713398491909e-09
4.458713176447304e-09
4.458713176447304e-09
4.458713176447304e-09
4.458713176447304e-09
4.4587122882688845e-09
4.458712177246582e-09
4.458712177246582e-09
4.458711733157372e-09
4.458711733157372e-09
4.458711733157372e-09
4.458711733157372e-09
4.458711733157372e-09
4.458711733157372e-09
4.458711733157372e-09
4.458711733157372e-09
4.458711733157372e-09
4.458711733157372e-09
4.458711733157372e-09
4.458711733157372e-09
4.45871117804586e-09
4.45871117804586e-09
4.45871117804586e-09
4.45871117804586e-09
4.45871117804586e-09
4.45871117804586e-09
4.45871117804586e-09
4.45871117804586e-09
4.45871117804586e-09
4.45871117804586e-09
4.45871117804586e-09
4.45871117804586e-09
4.45871073395665e-09
4.458235447479808e-09
4.458235447479808e-09
4.458235447479808e-09
4.458235447479808e-09
4.458235447479808e-09
4.458235447479808e-09
4.458235447479808e-09
4.458235225435203e-09
4.458235225435203e-09
4.458235225435203e-09
4.458235225435203e-09
4.458235225435203e-09
4.458235225435203e-09
4.4582338931675736e-09
4.4582338931675736e-09
4.458233227033759e-09
4.458233227033759e-09
4.458233227033759e-09
4.458233227033759e-09
4.458233227033759e-09
4.458233227033759e-09
4.458233116011456e-09
4.458233116011456e-09
4.458233116011456e-09
4.458233116011456e-09
4.458233116011456e-09
4.458233116011456e-09
4.458233116011456e-09
4.458233116011456e-09
4.458233116011456e-09
4.458233116011456e-09
4.458233116011456e-09
4.458233116011456e-09
4.458233004989154e-09
4.458233004989154e-09
4.458233004989154e-09
4.458233004989154e-09
4.458233004989154e-09
4.458233004989154e-09
4.458233004989154e-09
4.458233004989154e-09
4.458233004989154e-09
4.458233004989154e-09
4.458233004989154e-09
4.458230784543105e-09
4.458230784543105e-09
4.458230784543105e-09
4.458221902758908e-09
4.305121370506981e-09
4.305121370506981e-09
4.305121370506981e-09
4.305121370506981e-09
4.305121370506981e-09
4.305121370506981e-09
4.305121370506981e-09
4.305121370506981e-09
4.305121370506981e-09
4.305121370506981e-09
4.305121370506981e-09
4.305121370506981e-09
4.305121370506981e-09
4.305121370506981e-09
4.305121370506981e-09
4.305121037440074e-09
4.305121037440074e-09
4.305121037440074e-09
4.305120482328562e-09
4.305120482328562e-09
4.305120482328562e-09
4.305120482328562e-09
4.305120482328562e-09
4.305120482328562e-09
4.305120482328562e-09
4.305120482328562e-09
4.305120482328562e-09
4.305120482328562e-09
4.305120482328562e-09
4.305120482328562e-09
4.305120371306259e-09
4.305120371306259e-09
2.084035610749879e-09
2.084035610749879e-09
2.084035610749879e-09
2.084035610749879e-09
2.084035610749879e-09
2.084035610749879e-09
2.0840353887052743e-09
2.0840353887052743e-09
2.0840353887052743e-09
2.0840353887052743e-09
2.0840353887052743e-09
2.0840353887052743e-09
2.0177155501954758e-09
2.0177155501954758e-09
2.0177155501954758e-09
1.6902449440081568e-09
1.690202977577826e-09
1.817163086670348e-10
1.817163086670348e-10
1.817163086670348e-10
1.817163086670348e-10
1.817163086670348e-10
1.817163086670348e-10
1.8036683258060293e-10
1.8036683258060293e-10
1.8036683258060293e-10
1.8036683258060293e-10
1.8036683258060293e-10
1.8036683258060293e-10
1.8036683258060293e-10
1.8036683258060293e-10
1.8036683258060293e-10
1.8036683258060293e-10
1.8036683258060293e-10
1.8036683258060293e-10
1.8036683258060293e-10
1.8036683258060293e-10
1.8036683258060293e-10
1.8036683258060293e-10
1.8036683258060293e-10
1.8036683258060293e-10
1.8036683258060293e-10
1.8036683258060293e-10
1.8036683258060293e-10
1.8036683258060293e-10
1.8036683258060293e-10
1.8036683258060293e-10
1.8036683258060293e-10
1.8036649951369554e-10
1.8036649951369554e-10
1.8036649951369554e-10
1.8036649951369554e-10
1.8036649951369554e-10
1.8036649951369554e-10
1.8036649951369554e-10
1.8036649951369554e-10
1.8036649951369554e-10
1.8036649951369554e-10
1.8036649951369554e-10
1.8036649951369554e-10
1.8036649951369554e-10
1.8036649951369554e-10
1.8036649951369554e-10
1.8036649951369554e-10
1.8036649951369554e-10
1.8036649951369554e-10
1.8036649951369554e-10
1.8036649951369554e-10
1.8036649951369554e-10
1.8036649951369554e-10
1.8036649951369554e-10
1.8036649951369554e-10
1.8036649951369554e-10
1.8036649951369554e-10
1.8036649951369554e-10
1.8036294680001674e-10
1.8036294680001674e-10
1.8036294680001674e-10
1.8036294680001674e-10
1.8036294680001674e-10
1.8036294680001674e-10
1.8036294680001674e-10
1.0927225790879902e-10
1.0927225790879902e-10
1.0927225790879902e-10
1.0927225790879902e-10
1.0927225790879902e-10
1.0927225790879902e-10
1.0927225790879902e-10
1.0927225790879902e-10
1.0927225790879902e-10
1.0927225790879902e-10
1.0927225790879902e-10
1.0927225790879902e-10
1.0927225790879902e-10
1.0927225790879902e-10
1.0927225790879902e-10
1.0927225790879902e-10
1.0927225790879902e-10
1.0927225790879902e-10
1.0927225790879902e-10
1.0927225790879902e-10
1.0927225790879902e-10
1.0927225790879902e-10
1.0927225790879902e-10
1.0927225790879902e-10
1.0927225790879902e-10
1.0927225790879902e-10
1.0927225790879902e-10
1.0927225790879902e-10
1.0927225790879902e-10
1.0927225790879902e-10
1.460309650980207e-11
1.460309650980207e-11
1.460309650980207e-11
1.460309650980207e-11
1.460309650980207e-11
1.460309650980207e-11
1.460309650980207e-11
1.460309650980207e-11
1.460309650980207e-11
1.460309650980207e-11
1.460309650980207e-11
1.460309650980207e-11
1.460309650980207e-11
1.460309650980207e-11
1.460309650980207e-11
1.460309650980207e-11
1.460309650980207e-11
1.460309650980207e-11
1.460309650980207e-11
1.460309650980207e-11
1.460309650980207e-11
1.4602763442894684e-11
1.4602763442894684e-11
1.4602763442894684e-11
1.4602763442894684e-11
1.4602763442894684e-11
1.4602763442894684e-11
1.4602763442894684e-11
1.4602763442894684e-11
1.4602763442894684e-11
1.4602763442894684e-11
1.4602763442894684e-11
1.4602763442894684e-11
1.4602763442894684e-11
1.4602763442894684e-11
1.4602763442894684e-11
1.4602763442894684e-11
1.4602763442894684e-11
1.4602763442894684e-11
1.4602763442894684e-11
1.4602763442894684e-11
1.4602763442894684e-11
1.4602763442894684e-11
1.4602763442894684e-11
1.4602763442894684e-11
1.4602763442894684e-11
1.4602763442894684e-11
1.4602763442894684e-11
1.4602763442894684e-11
1.4602763442894684e-11
1.4602763442894684e-11
1.4602763442894684e-11
1.4602763442894684e-11
1.4602763442894684e-11
1.4602763442894684e-11
1.4602763442894684e-11
1.4602763442894684e-11
1.4602763442894684e-11
1.4602763442894684e-11
1.4602763442894684e-11
1.4602763442894684e-11
1.4602763442894684e-11
1.4602763442894684e-11
1.4602763442894684e-11
1.4602763442894684e-11
1.4602763442894684e-11
1.4602763442894684e-11
1.4602763442894684e-11
1.4602763442894684e-11
1.4602763442894684e-11
1.4602763442894684e-11
1.4602763442894684e-11
1.4602763442894684e-11
1.4602763442894684e-11
1.4602763442894684e-11
1.4602763442894684e-11
1.4602763442894684e-11
1.4602763442894684e-11
1.4602763442894684e-11
1.4602763442894684e-11
1.4602763442894684e-11
1.4602763442894684e-11
1.4602763442894684e-11
1.4602763442894684e-11
1.4602763442894684e-11
1.4602763442894684e-11
1.4602763442894684e-11
1.4602763442894684e-11
1.4602763442894684e-11
1.4602763442894684e-11
1.4602763442894684e-11
1.4602763442894684e-11
1.4602763442894684e-11
1.4602763442894684e-11
1.4602763442894684e-11
1.4602763442894684e-11
1.4602763442894684e-11
1.4602763442894684e-11
1.4602763442894684e-11
1.4602763442894684e-11
1.4602763442894684e-11
1.4602763442894684e-11
1.4602763442894684e-11
1.4602763442894684e-11
1.4602763442894684e-11
1.4602763442894684e-11
1.4602763442894684e-11
1.4602763442894684e-11
1.4602763442894684e-11
1.4602763442894684e-11
1.4602763442894684e-11
1.4602763442894684e-11
1.4602763442894684e-11
1.4602763442894684e-11
1.4602763442894684e-11
1.4602763442894684e-11
1.4602763442894684e-11
1.4602763442894684e-11
1.4602763442894684e-11
1.4602763442894684e-11
1.4602763442894684e-11
1.4602763442894684e-11
1.4602763442894684e-11
1.4602763442894684e-11
1.4602763442894684e-11
1.4602763442894684e-11
1.4602763442894684e-11
1.4602763442894684e-11
1.4602763442894684e-11
1.4602763442894684e-11
1.4602763442894684e-11
1.4602763442894684e-11
1.4602763442894684e-11
1.4602763442894684e-11
1.4602763442894684e-11
1.4602763442894684e-11
1.4602763442894684e-11
1.4602763442894684e-11
1.4602763442894684e-11
1.4602763442894684e-11
1.4602763442894684e-11
1.4602763442894684e-11
1.4602763442894684e-11
1.4602763442894684e-11
1.4602763442894684e-11
1.4602763442894684e-11
1.4602763442894684e-11
1.4602763442894684e-11
1.4602763442894684e-11
1.4602763442894684e-11
1.4602763442894684e-11
1.4602763442894684e-11
1.4602763442894684e-11
1.4602763442894684e-11
1.4602763442894684e-11
1.4602763442894684e-11
1.4602763442894684e-11
1.4602763442894684e-11
1.4602763442894684e-11
1.4602763442894684e-11
1.4602763442894684e-11
1.4602763442894684e-11
1.4602763442894684e-11
1.4602763442894684e-11
1.4602763442894684e-11
1.4602763442894684e-11
1.4066525722000733e-11
1.4066525722000733e-11
1.4066525722000733e-11
1.4066525722000733e-11
1.4066525722000733e-11
1.4066525722000733e-11
1.4066525722000733e-11
1.4066525722000733e-11
1.4066525722000733e-11
1.4066525722000733e-11
1.4066303677395808e-11
1.4066303677395808e-11
1.4066303677395808e-11
1.4066303677395808e-11
1.4066303677395808e-11
1.4066303677395808e-11
1.4066303677395808e-11
1.4066303677395808e-11
1.4066303677395808e-11
1.4066303677395808e-11
1.4066303677395808e-11
1.4066303677395808e-11
1.4066303677395808e-11
1.4066303677395808e-11
1.4066303677395808e-11
1.4066303677395808e-11
1.4066303677395808e-11
1.4066303677395808e-11
1.4066303677395808e-11
1.4066303677395808e-11
1.4066303677395808e-11
1.4066303677395808e-11
1.4066303677395808e-11
1.4066303677395808e-11
1.4066303677395808e-11
1.4066303677395808e-11
1.4066303677395808e-11
1.4066303677395808e-11
1.4066303677395808e-11
1.4066303677395808e-11
1.4066303677395808e-11
1.4066303677395808e-11
1.4066303677395808e-11
1.4066303677395808e-11
1.4066303677395808e-11
1.4066303677395808e-11
1.4066303677395808e-11
1.4066303677395808e-11
1.4066303677395808e-11
1.4066303677395808e-11
1.4066303677395808e-11
1.4066303677395808e-11
1.4066303677395808e-11
1.4066303677395808e-11
1.4066303677395808e-11
1.4066303677395808e-11
1.4066303677395808e-11
1.4066303677395808e-11
1.4066303677395808e-11
1.4066303677395808e-11
1.3070655668911968e-11
7.930323064897493e-12
7.930323064897493e-12
7.930323064897493e-12
7.930323064897493e-12
7.930323064897493e-12
7.930323064897493e-12
7.930323064897493e-12
7.930323064897493e-12
7.930323064897493e-12
7.930323064897493e-12
7.930323064897493e-12
7.930323064897493e-12
7.930323064897493e-12
7.930323064897493e-12
7.930323064897493e-12
7.930323064897493e-12
7.930323064897493e-12
7.930323064897493e-12
7.930323064897493e-12
7.930323064897493e-12
7.930323064897493e-12
7.930323064897493e-12
7.930323064897493e-12
7.930323064897493e-12
7.930323064897493e-12
7.930323064897493e-12
7.930323064897493e-12
7.930323064897493e-12
7.930323064897493e-12
7.930323064897493e-12
7.930323064897493e-12
7.930323064897493e-12
7.930323064897493e-12
7.930323064897493e-12
7.930323064897493e-12
7.930323064897493e-12
7.930323064897493e-12
7.930323064897493e-12
7.930323064897493e-12
7.930323064897493e-12
7.930323064897493e-12
7.930323064897493e-12
7.930323064897493e-12
7.930323064897493e-12
7.930323064897493e-12
7.930323064897493e-12
7.930323064897493e-12
7.930323064897493e-12
7.930323064897493e-12
7.930323064897493e-12
7.930323064897493e-12
7.930323064897493e-12
7.930323064897493e-12
7.930323064897493e-12
7.930323064897493e-12
7.930323064897493e-12
7.930323064897493e-12
7.930323064897493e-12
7.930323064897493e-12
7.930323064897493e-12
7.930323064897493e-12
7.930323064897493e-12
7.930323064897493e-12
7.930323064897493e-12
7.930323064897493e-12
7.930323064897493e-12
7.930323064897493e-12
7.930323064897493e-12
7.930323064897493e-12
7.930323064897493e-12
7.930323064897493e-12
7.930323064897493e-12
7.930323064897493e-12
7.930323064897493e-12
7.930323064897493e-12
7.930323064897493e-12
7.930323064897493e-12
7.930323064897493e-12
7.930323064897493e-12
7.930323064897493e-12
7.930323064897493e-12
7.930323064897493e-12
7.930323064897493e-12
7.930323064897493e-12
7.930323064897493e-12
2.886579864025407e-14
2.886579864025407e-14
2.886579864025407e-14
2.886579864025407e-14
2.886579864025407e-14
2.886579864025407e-14
2.886579864025407e-14
2.886579864025407e-14
2.886579864025407e-14
2.886579864025407e-14
2.886579864025407e-14
2.886579864025407e-14
2.886579864025407e-14
2.886579864025407e-14
2.886579864025407e-14
2.886579864025407e-14
2.886579864025407e-14
2.886579864025407e-14
2.886579864025407e-14
2.886579864025407e-14
2.886579864025407e-14
2.886579864025407e-14
2.886579864025407e-14
2.886579864025407e-14
2.886579864025407e-14
2.886579864025407e-14
2.886579864025407e-14
2.886579864025407e-14
2.886579864025407e-14
2.886579864025407e-14
2.886579864025407e-14
2.886579864025407e-14
2.886579864025407e-14
2.886579864025407e-14
2.886579864025407e-14
2.886579864025407e-14
2.886579864025407e-14
2.886579864025407e-14
2.886579864025407e-14
2.886579864025407e-14
2.886579864025407e-14
2.886579864025407e-14
2.886579864025407e-14
2.886579864025407e-14
2.886579864025407e-14
2.886579864025407e-14
2.886579864025407e-14
2.886579864025407e-14
2.886579864025407e-14
2.886579864025407e-14
2.886579864025407e-14
2.886579864025407e-14
2.886579864025407e-14
2.886579864025407e-14
2.886579864025407e-14
2.886579864025407e-14
2.886579864025407e-14
2.886579864025407e-14
2.886579864025407e-14
2.886579864025407e-14
2.886579864025407e-14
2.886579864025407e-14
2.886579864025407e-14
2.886579864025407e-14
2.886579864025407e-14
2.886579864025407e-14
2.886579864025407e-14
2.886579864025407e-14
2.886579864025407e-14
2.886579864025407e-14
2.886579864025407e-14
2.886579864025407e-14
2.886579864025407e-14
2.886579864025407e-14
2.886579864025407e-14
2.886579864025407e-14
2.886579864025407e-14
2.886579864025407e-14
2.886579864025407e-14
2.886579864025407e-14
2.886579864025407e-14
2.886579864025407e-14
2.886579864025407e-14
2.886579864025407e-14
2.886579864025407e-14
2.886579864025407e-14
2.886579864025407e-14
2.886579864025407e-14
2.886579864025407e-14
2.886579864025407e-14
2.886579864025407e-14
2.886579864025407e-14
2.886579864025407e-14
2.886579864025407e-14
1.6542323066914832e-14
1.6542323066914832e-14
1.6542323066914832e-14
1.6542323066914832e-14
1.6542323066914832e-14
1.6542323066914832e-14
1.6542323066914832e-14
1.6542323066914832e-14
1.6542323066914832e-14
1.6542323066914832e-14
1.6542323066914832e-14
8.770761894538737e-15
8.770761894538737e-15
8.770761894538737e-15
8.770761894538737e-15
8.770761894538737e-15
3.3306690738754696e-15
3.3306690738754696e-15
3.3306690738754696e-15
3.3306690738754696e-15
3.3306690738754696e-15
3.3306690738754696e-15
3.3306690738754696e-15
3.3306690738754696e-15
3.3306690738754696e-15
3.3306690738754696e-15
3.3306690738754696e-15
3.3306690738754696e-15
3.3306690738754696e-15
3.3306690738754696e-15
3.3306690738754696e-15
3.3306690738754696e-15
3.3306690738754696e-15
3.3306690738754696e-15
3.3306690738754696e-15
3.3306690738754696e-15
3.3306690738754696e-15
3.3306690738754696e-15
3.3306690738754696e-15
3.3306690738754696e-15
3.3306690738754696e-15
3.3306690738754696e-15
3.3306690738754696e-15
3.3306690738754696e-15
3.3306690738754696e-15
3.3306690738754696e-15
3.3306690738754696e-15
3.3306690738754696e-15
3.3306690738754696e-15
3.3306690738754696e-15
3.3306690738754696e-15
3.3306690738754696e-15
3.3306690738754696e-15
3.3306690738754696e-15
3.3306690738754696e-15
3.3306690738754696e-15
3.3306690738754696e-15
3.3306690738754696e-15
3.3306690738754696e-15
3.3306690738754696e-15
3.3306690738754696e-15
3.3306690738754696e-15
3.3306690738754696e-15
3.3306690738754696e-15
3.3306690738754696e-15
3.3306690738754696e-15
3.3306690738754696e-15
3.3306690738754696e-15
3.3306690738754696e-15
3.3306690738754696e-15
3.3306690738754696e-15
3.3306690738754696e-15
3.3306690738754696e-15
3.3306690738754696e-15
3.3306690738754696e-15
3.3306690738754696e-15
3.3306690738754696e-15
3.3306690738754696e-15
3.3306690738754696e-15
3.3306690738754696e-15
3.3306690738754696e-15
3.3306690738754696e-15
3.3306690738754696e-15
3.3306690738754696e-15
3.3306690738754696e-15
3.3306690738754696e-15
3.3306690738754696e-15
3.3306690738754696e-15
3.3306690738754696e-15
3.3306690738754696e-15
3.3306690738754696e-15
3.3306690738754696e-15
3.3306690738754696e-15
3.3306690738754696e-15
3.3306690738754696e-15
3.3306690738754696e-15
3.3306690738754696e-15
3.3306690738754696e-15
3.3306690738754696e-15
3.3306690738754696e-15
3.3306690738754696e-15
3.3306690738754696e-15
3.3306690738754696e-15
3.3306690738754696e-15
3.3306690738754696e-15
3.3306690738754696e-15
3.3306690738754696e-15
3.3306690738754696e-15
3.3306690738754696e-15
3.3306690738754696e-15
3.3306690738754696e-15
3.3306690738754696e-15
3.3306690738754696e-15
3.3306690738754696e-15
3.3306690738754696e-15
3.3306690738754696e-15
3.3306690738754696e-15
3.3306690738754696e-15
3.3306690738754696e-15
3.3306690738754696e-15
3.3306690738754696e-15
3.3306690738754696e-15
3.3306690738754696e-15
3.3306690738754696e-15
3.3306690738754696e-15
3.3306690738754696e-15
3.3306690738754696e-15
3.3306690738754696e-15
3.3306690738754696e-15
3.3306690738754696e-15
3.3306690738754696e-15
3.3306690738754696e-15
3.3306690738754696e-15
3.3306690738754696e-15
3.3306690738754696e-15
3.3306690738754696e-15
3.3306690738754696e-15
3.3306690738754696e-15
3.3306690738754696e-15
3.3306690738754696e-15
3.3306690738754696e-15
3.3306690738754696e-15
3.3306690738754696e-15
3.3306690738754696e-15
3.3306690738754696e-15
3.3306690738754696e-15
3.3306690738754696e-15
3.3306690738754696e-15
3.3306690738754696e-15
3.3306690738754696e-15
3.3306690738754696e-15
3.3306690738754696e-15
3.3306690738754696e-15
3.3306690738754696e-15
3.3306690738754696e-15
3.3306690738754696e-15
3.3306690738754696e-15
3.3306690738754696e-15
3.3306690738754696e-15
3.3306690738754696e-15
3.3306690738754696e-15
3.3306690738754696e-15
3.3306690738754696e-15
3.3306690738754696e-15
3.3306690738754696e-15
3.3306690738754696e-15
3.3306690738754696e-15
3.3306690738754696e-15
3.3306690738754696e-15
3.3306690738754696e-15
3.3306690738754696e-15
3.3306690738754696e-15
3.3306690738754696e-15
3.3306690738754696e-15
3.3306690738754696e-15
3.3306690738754696e-15
3.3306690738754696e-15
3.3306690738754696e-15
3.3306690738754696e-15
3.3306690738754696e-15
3.3306690738754696e-15
3.3306690738754696e-15
3.3306690738754696e-15
3.3306690738754696e-15
3.3306690738754696e-15
3.3306690738754696e-15
3.3306690738754696e-15
3.3306690738754696e-15
3.3306690738754696e-15
3.3306690738754696e-15
3.3306690738754696e-15
3.3306690738754696e-15
3.3306690738754696e-15
3.3306690738754696e-15
3.3306690738754696e-15
3.3306690738754696e-15
3.3306690738754696e-15
3.3306690738754696e-15
3.3306690738754696e-15
3.3306690738754696e-15
3.3306690738754696e-15
3.3306690738754696e-15
3.3306690738754696e-15
3.3306690738754696e-15
3.3306690738754696e-15
3.3306690738754696e-15
3.3306690738754696e-15
3.3306690738754696e-15
3.3306690738754696e-15
3.3306690738754696e-15
3.3306690738754696e-15
3.3306690738754696e-15
3.3306690738754696e-15
3.3306690738754696e-15
3.3306690738754696e-15
3.3306690738754696e-15
3.3306690738754696e-15
3.3306690738754696e-15
3.3306690738754696e-15
3.3306690738754696e-15
3.3306690738754696e-15
3.3306690738754696e-15
3.3306690738754696e-15
3.3306690738754696e-15
3.3306690738754696e-15
3.3306690738754696e-15
3.3306690738754696e-15
3.3306690738754696e-15
3.3306690738754696e-15
3.3306690738754696e-15
3.3306690738754696e-15
3.3306690738754696e-15
3.3306690738754696e-15
3.3306690738754696e-15
3.3306690738754696e-15
3.3306690738754696e-15
3.3306690738754696e-15
3.3306690738754696e-15
3.3306690738754696e-15
3.3306690738754696e-15
3.3306690738754696e-15
3.3306690738754696e-15
3.3306690738754696e-15
3.3306690738754696e-15
3.3306690738754696e-15
3.3306690738754696e-15
3.3306690738754696e-15
3.3306690738754696e-15
3.3306690738754696e-15
3.3306690738754696e-15
3.3306690738754696e-15
3.3306690738754696e-15
3.3306690738754696e-15
2.7755575615628914e-15
2.7755575615628914e-15
2.7755575615628914e-15
2.7755575615628914e-15
2.7755575615628914e-15
2.7755575615628914e-15
2.7755575615628914e-15
2.7755575615628914e-15
2.7755575615628914e-15
2.7755575615628914e-15
2.7755575615628914e-15
2.7755575615628914e-15
2.7755575615628914e-15
2.7755575615628914e-15
2.7755575615628914e-15
2.7755575615628914e-15
2.7755575615628914e-15
2.7755575615628914e-15
2.7755575615628914e-15
2.7755575615628914e-15
2.7755575615628914e-15
2.7755575615628914e-15
2.7755575615628914e-15
2.7755575615628914e-15
2.7755575615628914e-15
2.7755575615628914e-15
2.7755575615628914e-15
2.7755575615628914e-15
2.7755575615628914e-15
2.7755575615628914e-15
2.7755575615628914e-15
2.7755575615628914e-15
2.7755575615628914e-15
2.7755575615628914e-15
2.7755575615628914e-15
2.7755575615628914e-15
2.7755575615628914e-15
2.7755575615628914e-15
2.7755575615628914e-15
2.7755575615628914e-15
2.7755575615628914e-15
2.7755575615628914e-15
2.7755575615628914e-15
2.7755575615628914e-15
2.7755575615628914e-15
2.7755575615628914e-15
2.7755575615628914e-15
2.7755575615628914e-15
2.7755575615628914e-15
2.7755575615628914e-15
2.7755575615628914e-15
2.7755575615628914e-15
2.7755575615628914e-15
2.7755575615628914e-15
2.7755575615628914e-15
2.7755575615628914e-15
2.7755575615628914e-15
2.7755575615628914e-15
2.7755575615628914e-15
2.7755575615628914e-15
2.7755575615628914e-15
2.7755575615628914e-15
2.7755575615628914e-15
2.7755575615628914e-15
2.7755575615628914e-15
2.7755575615628914e-15
2.7755575615628914e-15
2.7755575615628914e-15
2.7755575615628914e-15
2.7755575615628914e-15
2.7755575615628914e-15
2.7755575615628914e-15
2.7755575615628914e-15
2.7755575615628914e-15
2.7755575615628914e-15
2.7755575615628914e-15
2.7755575615628914e-15
2.7755575615628914e-15
2.7755575615628914e-15
2.7755575615628914e-15
2.7755575615628914e-15
2.7755575615628914e-15
2.7755575615628914e-15
2.7755575615628914e-15
2.7755575615628914e-15
2.7755575615628914e-15
2.7755575615628914e-15
2.7755575615628914e-15
2.7755575615628914e-15
2.7755575615628914e-15
2.7755575615628914e-15
2.7755575615628914e-15
2.7755575615628914e-15
2.7755575615628914e-15
2.7755575615628914e-15
2.7755575615628914e-15
2.7755575615628914e-15
2.7755575615628914e-15
2.7755575615628914e-15
2.7755575615628914e-15
2.7755575615628914e-15
2.7755575615628914e-15
2.7755575615628914e-15
2.7755575615628914e-15
2.7755575615628914e-15
2.7755575615628914e-15
2.7755575615628914e-15
2.7755575615628914e-15
2.7755575615628914e-15
2.7755575615628914e-15
2.7755575615628914e-15
2.7755575615628914e-15
2.7755575615628914e-15
2.7755575615628914e-15
2.7755575615628914e-15
2.7755575615628914e-15
2.7755575615628914e-15
2.7755575615628914e-15
2.7755575615628914e-15
2.7755575615628914e-15
2.7755575615628914e-15
2.7755575615628914e-15
2.7755575615628914e-15
2.7755575615628914e-15
2.7755575615628914e-15
2.7755575615628914e-15
2.7755575615628914e-15
2.7755575615628914e-15
2.7755575615628914e-15
2.7755575615628914e-15
2.7755575615628914e-15
2.7755575615628914e-15
2.7755575615628914e-15
2.7755575615628914e-15
2.7755575615628914e-15
2.7755575615628914e-15
2.7755575615628914e-15
2.7755575615628914e-15
2.7755575615628914e-15
2.7755575615628914e-15
2.7755575615628914e-15
2.7755575615628914e-15
2.7755575615628914e-15
2.7755575615628914e-15
2.7755575615628914e-15
2.7755575615628914e-15
2.7755575615628914e-15
2.7755575615628914e-15
2.7755575615628914e-15
2.7755575615628914e-15
2.7755575615628914e-15
2.7755575615628914e-15
2.7755575615628914e-15
2.7755575615628914e-15
2.7755575615628914e-15
2.7755575615628914e-15
2.7755575615628914e-15
2.7755575615628914e-15
2.7755575615628914e-15
2.7755575615628914e-15
2.7755575615628914e-15
2.7755575615628914e-15
2.7755575615628914e-15
2.7755575615628914e-15
1.9984014443252818e-15
1.9984014443252818e-15
1.9984014443252818e-15
1.9984014443252818e-15
1.9984014443252818e-15
1.9984014443252818e-15
1.9984014443252818e-15
1.9984014443252818e-15
1.9984014443252818e-15
1.9984014443252818e-15
1.9984014443252818e-15
1.9984014443252818e-15
1.9984014443252818e-15
1.9984014443252818e-15
1.9984014443252818e-15
1.9984014443252818e-15
1.9984014443252818e-15
1.9984014443252818e-15
1.9984014443252818e-15
1.9984014443252818e-15
1.9984014443252818e-15
1.9984014443252818e-15
1.9984014443252818e-15
1.9984014443252818e-15
1.9984014443252818e-15
1.9984014443252818e-15
1.9984014443252818e-15
1.9984014443252818e-15
1.9984014443252818e-15
1.9984014443252818e-15
1.9984014443252818e-15
1.9984014443252818e-15
1.9984014443252818e-15
1.9984014443252818e-15
1.9984014443252818e-15
1.9984014443252818e-15
1.9984014443252818e-15
1.9984014443252818e-15
1.9984014443252818e-15
1.9984014443252818e-15
1.9984014443252818e-15
1.9984014443252818e-15
1.9984014443252818e-15
1.9984014443252818e-15
1.9984014443252818e-15
1.9984014443252818e-15
1.9984014443252818e-15
1.9984014443252818e-15
1.9984014443252818e-15
1.9984014443252818e-15
1.9984014443252818e-15
1.9984014443252818e-15
1.9984014443252818e-15
1.9984014443252818e-15
1.9984014443252818e-15
1.9984014443252818e-15
1.9984014443252818e-15
1.9984014443252818e-15
1.9984014443252818e-15
1.9984014443252818e-15
1.9984014443252818e-15
1.9984014443252818e-15
1.9984014443252818e-15
1.9984014443252818e-15
1.9984014443252818e-15
1.9984014443252818e-15
1.9984014443252818e-15
1.9984014443252818e-15
1.9984014443252818e-15
1.9984014443252818e-15
1.9984014443252818e-15
1.9984014443252818e-15
1.9984014443252818e-15
1.9984014443252818e-15
1.9984014443252818e-15
1.9984014443252818e-15
1.9984014443252818e-15
1.9984014443252818e-15
1.9984014443252818e-15
1.9984014443252818e-15
1.9984014443252818e-15
1.9984014443252818e-15
1.9984014443252818e-15
1.9984014443252818e-15
1.9984014443252818e-15
1.9984014443252818e-15
1.9984014443252818e-15
1.9984014443252818e-15
1.9984014443252818e-15
1.9984014443252818e-15
1.9984014443252818e-15
1.9984014443252818e-15
1.9984014443252818e-15
1.9984014443252818e-15
2.220446049250313e-16
2.220446049250313e-16
2.220446049250313e-16
2.220446049250313e-16
2.220446049250313e-16
0.0
0.0
0.0
0.0
0.0
0.0
0.0
0.0
0.0
0.0
0.0
0.0
0.0
0.0
0.0
0.0
0.0
0.0
0.0
0.0
0.0
0.0
0.0
0.0
0.0
0.0
0.0
0.0
0.0
0.0
0.0
0.0
0.0
0.0
0.0
0.0
0.0
0.0
0.0
0.0
0.0
0.0
0.0
0.0
0.0
0.0
0.0
0.0
0.0
0.0
0.0
0.0
0.0
0.0
0.0
0.0
0.0
0.0
0.0
0.0
0.0
0.0
0.0
0.0
0.0
0.0
0.0
0.0
0.0
0.0
0.0
0.0
0.0
0.0
0.0
0.0
0.0
0.0
0.0
0.0
0.0
0.0
0.0
0.0
0.0
0.0
0.0
0.0
0.0
0.0
0.0
0.0
0.0
0.0
0.0
0.0
0.0
0.0
0.0
0.0
0.0
0.0
0.0
0.0
0.0
0.0
0.0
0.0
0.0
0.0
0.0
0.0
0.0
0.0
0.0
0.0
0.0
0.0
0.0
0.0
0.0
0.0
0.0
0.0
0.0
0.0
0.0
0.0
0.0
0.0
0.0
0.0
0.0
0.0
0.0
0.0
0.0
0.0
0.0
0.0
0.0
0.0
0.0
0.0
0.0
0.0
0.0
0.0
0.0
0.0
0.0
0.0
0.0
0.0
0.0
0.0
0.0
0.0
0.0
0.0
0.0
0.0
0.0
0.0
0.0
0.0
0.0
0.0
0.0
0.0
0.0
0.0
0.0
0.0
0.0
0.0
0.0
0.0
0.0
0.0
0.0
0.0
0.0
0.0
0.0
0.0
0.0
0.0
0.0
0.0
0.0
0.0
0.0
0.0
0.0
0.0
0.0
0.0
0.0
0.0
0.0
0.0
0.0
0.0
0.0
0.0
0.0
0.0
0.0
0.0
0.0
0.0
0.0
0.0
0.0
0.0
0.0
0.0
0.0
0.0
0.0
0.0
0.0
0.0
0.0
0.0
0.0
0.0
0.0
0.0
0.0
0.0
0.0
0.0
0.0
0.0
0.0
0.0
0.0
0.0
0.0
0.0
0.0
0.0
0.0
0.0
0.0
0.0
0.0
0.0
0.0
0.0
0.0
0.0
0.0
0.0
0.0
0.0
0.0
0.0
0.0
0.0
0.0
0.0
0.0
0.0
0.0
0.0
0.0
0.0
0.0
0.0
0.0
0.0
0.0
0.0
0.0
0.0
0.0
0.0
0.0
0.0
0.0
0.0
0.0
0.0
0.0
0.0
0.0
0.0
0.0
0.0
0.0
0.0
0.0
0.0
0.0
0.0
0.0
0.0
0.0
0.0
0.0
0.0
0.0
0.0
0.0
0.0
0.0
0.0
0.0
0.0
0.0
0.0
0.0
0.0
0.0
0.0
0.0
0.0
0.0
0.0
0.0
0.0
0.0
0.0
0.0
0.0
0.0
0.0
0.0
0.0
0.0
0.0
0.0
0.0
0.0
0.0
0.0
0.0
0.0
0.0
0.0
0.0
0.0
0.0
0.0
0.0
0.0
0.0
0.0
0.0
0.0
0.0
0.0
0.0
0.0
0.0
0.0
0.0
0.0
0.0
0.0
0.0
0.0
0.0
0.0
0.0
0.0
0.0
0.0
0.0
0.0
0.0
0.0
0.0
0.0
0.0
0.0
0.0
0.0
0.0
0.0
0.0
0.0
0.0
0.0
0.0
0.0
0.0
0.0
0.0
0.0
0.0
0.0
0.0
0.0
0.0
0.0
0.0
0.0
0.0
0.0
0.0
0.0
0.0
0.0
0.0
0.0
0.0
0.0
0.0
0.0
0.0
0.0
0.0
0.0
0.0
0.0
0.0
0.0
0.0
0.0
0.0
0.0
0.0
0.0
0.0
0.0
0.0
0.0
0.0
0.0
0.0
0.0
0.0
0.0
0.0
0.0
0.0
0.0
0.0
0.0
0.0
0.0
0.0
0.0
0.0
0.0
0.0
0.0
0.0
0.0
0.0
0.0
0.0
0.0
0.0
0.0
0.0
0.0
0.0
0.0
0.0
0.0
0.0
0.0
0.0
0.0
0.0
0.0
0.0
0.0
0.0
0.0
0.0
0.0
0.0
0.0
0.0
0.0
0.0
0.0
0.0
0.0
0.0
0.0
0.0
0.0
0.0
0.0
0.0
0.0
0.0
0.0
0.0
0.0
0.0
0.0
0.0
0.0
0.0
0.0
0.0
0.0
0.0
0.0
0.0
0.0
0.0
0.0
0.0
0.0
0.0
0.0
0.0
0.0
0.0
0.0
0.0
0.0
0.0
0.0
0.0
0.0
0.0
0.0
0.0
0.0
0.0
0.0
0.0
0.0
0.0
0.0
0.0
0.0
0.0
0.0
0.0
0.0
0.0
0.0
0.0
0.0
0.0
0.0
0.0
0.0
0.0
0.0
0.0
0.0
0.0
0.0
0.0
0.0
0.0
0.0
0.0
0.0
0.0
0.0
0.0
0.0
0.0
0.0
0.0
0.0
0.0
0.0
0.0
0.0
0.0
0.0
0.0
0.0
0.0
0.0
0.0
0.0
0.0
0.0
0.0
0.0
0.0
0.0
0.0
0.0
0.0
0.0
0.0
0.0
0.0
0.0
0.0
0.0
0.0
0.0
0.0
0.0
0.0
0.0
0.0
0.0
0.0
0.0
0.0
0.0
0.0
0.0
0.0
0.0
0.0
0.0
0.0
0.0
0.0
0.0
0.0
0.0
0.0
0.0
0.0
0.0
0.0
0.0
0.0
0.0
0.0
0.0
0.0
0.0
0.0
0.0
0.0
0.0
0.0
0.0
0.0
0.0
0.0
0.0
0.0
0.0
0.0
0.0
0.0
0.0
0.0
0.0
0.0
0.0
0.0
0.0
0.0
0.0
0.0
0.0
0.0
0.0
0.0
0.0
0.0
0.0
0.0
0.0
0.0
0.0
0.0
0.0
0.0
0.0
0.0
0.0
0.0
0.0
0.0
0.0
0.0
0.0
0.0
0.0
0.0
0.0
0.0
0.0
0.0
0.0
0.0
0.0
0.0
0.0
0.0
0.0
0.0
0.0
0.0
0.0
0.0
0.0
0.0
0.0
0.0
0.0
0.0
0.0
0.0
0.0
0.0
0.0
0.0
0.0
0.0
0.0
0.0
0.0
0.0
0.0
0.0
0.0
0.0
0.0
0.0
0.0
0.0
0.0
0.0
0.0
0.0
0.0
0.0
0.0
0.0
0.0
0.0
0.0
0.0
0.0
0.0
0.0
0.0
0.0
0.0
0.0
0.0
0.0
0.0
0.0
0.0
0.0
0.0
0.0
0.0
0.0
0.0
0.0
0.0
0.0
0.0
0.0
0.0
0.0
0.0
0.0
0.0
0.0
0.0
0.0
0.0
0.0
0.0
0.0
0.0
0.0
0.0
0.0
0.0
0.0
0.0
0.0
0.0
0.0
0.0
0.0
0.0
0.0
0.0
0.0
0.0
0.0
0.0
0.0
0.0
0.0
0.0
0.0
0.0
0.0
0.0
0.0
0.0
0.0
0.0
0.0
0.0
0.0
0.0
0.0
0.0
0.0
0.0
0.0
0.0
0.0
0.0
0.0
0.0
0.0
0.0
0.0
0.0
0.0
0.0
0.0
0.0
0.0
0.0
0.0
0.0
0.0
0.0
0.0
0.0
0.0
0.0
0.0
0.0
0.0
0.0
0.0
0.0
0.0
0.0
0.0
0.0
0.0
0.0
0.0
0.0
0.0
0.0
0.0
0.0
0.0
0.0
0.0
0.0
0.0
0.0
0.0
0.0
0.0
0.0
0.0
0.0
0.0
0.0
0.0
0.0
0.0
0.0
0.0
0.0
0.0
0.0
0.0
0.0
0.0
0.0
0.0
0.0
0.0
0.0
0.0
0.0
0.0
0.0
0.0
0.0
0.0
0.0
0.0
0.0
0.0
0.0
0.0
0.0
0.0
0.0
0.0
0.0
0.0
0.0
0.0
0.0
0.0
0.0
0.0
0.0
0.0
0.0
0.0
0.0
0.0
0.0
0.0
0.0
0.0
0.0
0.0
0.0
0.0
0.0
0.0
0.0
0.0
0.0
0.0
0.0
0.0
0.0
0.0
0.0
0.0
0.0
0.0
0.0
0.0
0.0
0.0
0.0
0.0
0.0
0.0
0.0
0.0
0.0
0.0
0.0
0.0
0.0
0.0
0.0
0.0
0.0
0.0
0.0
0.0
0.0
0.0
0.0
0.0
0.0
0.0
0.0
0.0
0.0
0.0
0.0
0.0
0.0
0.0
0.0
0.0
0.0
0.0
0.0
0.0
0.0
0.0
0.0
0.0
0.0
0.0
0.0
0.0
0.0
0.0
0.0
0.0
0.0
0.0
0.0
0.0
0.0
0.0
0.0
0.0
0.0
0.0
0.0
0.0
0.0
0.0
0.0
0.0
0.0
0.0
0.0
0.0
0.0
0.0
0.0
0.0
0.0
0.0
0.0
0.0
0.0
0.0
0.0
0.0
0.0
0.0
0.0
0.0
0.0
0.0
0.0
0.0
0.0
0.0
0.0
0.0
0.0
0.0
0.0
0.0
0.0
0.0
0.0
0.0
0.0
0.0
0.0
0.0
0.0
0.0
0.0
0.0
0.0
0.0
0.0
0.0
0.0
0.0
0.0
0.0
0.0
0.0
0.0
0.0
0.0
0.0
0.0
0.0
0.0
0.0
0.0
0.0
0.0
0.0
0.0
0.0
0.0
0.0
0.0
0.0
0.0
0.0
0.0
0.0
0.0
0.0
0.0
0.0
0.0
0.0
0.0
0.0
0.0
0.0
0.0
0.0
0.0
0.0
0.0
0.0
0.0
0.0
0.0
0.0
0.0
0.0
0.0
0.0
0.0
0.0
0.0
0.0
0.0
0.0
0.0
0.0
0.0
0.0
0.0
0.0
0.0
0.0
0.0
0.0
0.0
0.0
0.0
0.0
0.0
0.0
0.0
0.0
0.0
0.0
0.0
0.0
0.0
0.0
0.0
0.0
0.0
0.0
0.0
0.0
0.0
0.0
0.0
0.0
0.0
0.0
0.0
0.0
0.0
0.0
0.0
0.0
0.0
0.0
0.0
0.0
0.0
0.0
0.0
0.0
0.0
0.0
0.0
0.0
0.0
0.0
0.0
0.0
0.0
0.0
0.0
0.0
0.0
0.0
0.0
0.0
0.0
0.0
0.0
0.0
0.0
0.0
0.0
0.0
0.0
0.0
0.0
0.0
0.0
0.0
0.0
0.0
0.0
0.0
0.0
0.0
0.0
0.0
0.0
0.0
0.0
0.0
0.0
0.0
0.0
0.0
0.0
0.0
0.0
0.0
0.0
0.0
0.0
0.0
0.0
0.0
0.0
0.0
0.0
0.0
0.0
0.0
0.0
0.0
0.0
0.0
0.0
0.0
0.0
0.0
0.0
0.0
0.0
0.0
0.0
0.0
0.0
0.0
0.0
0.0
0.0
0.0
0.0
0.0
0.0
0.0
0.0
0.0
0.0
0.0
0.0
0.0
0.0
0.0
0.0
0.0
0.0
0.0
0.0
0.0
0.0
0.0
0.0
0.0
0.0
0.0
0.0
0.0
0.0
0.0
0.0
0.0
0.0
0.0
0.0
0.0
0.0
0.0
0.0
0.0
0.0
0.0
0.0
0.0
0.0
0.0
0.0
0.0
0.0
0.0
0.0
0.0
0.0
0.0
0.0
0.0
0.0
0.0
0.0
0.0
0.0
0.0
0.0
0.0
0.0
0.0
0.0
0.0
0.0
0.0
0.0
0.0
0.0
0.0
0.0
0.0
0.0
0.0
0.0
0.0
0.0
0.0
0.0
0.0
0.0
0.0
0.0
0.0
0.0
0.0
0.0
0.0
0.0
0.0
0.0
0.0
0.0
0.0
0.0
0.0
0.0
0.0
0.0
0.0
0.0
0.0
0.0
0.0
0.0
0.0
0.0
0.0
0.0
0.0
0.0
0.0
0.0
0.0
0.0
0.0
0.0
0.0
0.0
0.0
0.0
0.0
0.0
0.0
0.0
0.0
0.0
0.0
0.0
0.0
0.0
0.0
0.0
0.0
0.0
0.0
0.0
0.0
0.0
0.0
0.0
0.0
0.0
0.0
0.0
0.0
0.0
0.0
0.0
0.0
0.0
0.0
0.0
0.0
0.0
0.0
0.0
0.0
0.0
0.0
0.0
0.0
0.0
0.0
0.0
0.0
0.0
0.0
0.0
0.0
0.0
0.0
0.0
0.0
0.0
0.0
0.0
0.0
0.0
0.0
0.0
0.0
0.0
0.0
0.0
0.0
0.0
0.0
0.0
0.0
0.0
0.0
0.0
0.0
0.0
0.0
0.0
0.0
0.0
0.0
0.0
0.0
0.0
0.0
0.0
0.0
0.0
0.0
0.0
0.0
0.0
0.0
0.0
0.0
0.0
0.0
0.0
0.0
0.0
0.0
0.0
0.0
0.0
0.0
0.0
0.0
0.0
0.0
0.0
0.0
0.0
0.0
0.0
0.0
0.0
0.0
0.0
0.0
0.0
0.0
0.0
0.0
0.0
0.0
0.0
0.0
0.0
0.0
0.0
0.0
0.0
0.0
0.0
0.0
0.0
0.0
0.0
0.0
0.0
0.0
0.0
0.0
0.0
0.0
0.0
0.0
0.0
0.0
0.0
0.0
0.0
0.0
0.0
0.0
0.0
0.0
0.0
0.0
0.0
0.0
0.0
0.0
0.0
0.0
0.0
0.0
0.0
0.0
0.0
0.0
0.0
0.0
0.0
0.0
0.0
0.0
0.0
0.0
0.0
0.0
0.0
0.0
0.0
0.0
0.0
0.0
0.0
0.0
0.0
0.0
0.0
0.0
0.0
0.0
0.0
0.0
0.0
0.0
0.0
0.0
0.0
0.0
0.0
0.0
0.0
0.0
0.0
0.0
0.0
0.0
0.0
0.0
0.0
0.0
0.0
0.0
0.0
0.0
0.0
0.0
0.0
0.0
0.0
0.0
0.0
0.0
0.0
0.0
0.0
0.0
0.0
0.0
0.0
0.0
0.0
0.0
0.0
0.0
0.0
0.0
0.0
0.0
0.0
0.0
0.0
0.0
0.0
0.0
0.0
0.0
0.0
0.0
0.0
0.0
0.0
0.0
0.0
0.0
0.0
0.0
0.0
0.0
0.0
0.0
0.0
0.0
0.0
0.0
0.0
0.0
0.0
0.0
0.0
0.0
0.0
0.0
0.0
0.0
0.0
0.0
0.0
0.0
0.0
0.0
0.0
0.0
0.0
0.0
0.0
0.0
0.0
0.0
0.0
0.0
0.0
0.0
0.0
0.0
0.0
0.0
0.0
0.0
0.0
0.0
0.0
0.0
0.0
0.0
0.0
0.0
0.0
0.0
0.0
0.0
0.0
0.0
0.0
0.0
0.0
0.0
0.0
0.0
0.0
0.0
0.0
0.0
0.0
0.0
0.0
0.0
0.0
0.0
0.0
0.0
0.0
0.0
0.0
0.0
0.0
0.0
0.0
0.0
0.0
0.0
0.0
0.0
0.0
0.0
0.0
0.0
0.0
0.0
0.0
0.0
0.0
0.0
0.0
0.0
0.0
0.0
0.0
0.0
0.0
0.0
0.0
0.0
0.0
0.0
0.0
0.0
0.0
0.0
0.0
0.0
0.0
0.0
0.0
0.0
0.0
0.0
0.0
0.0
0.0
0.0
0.0
0.0
0.0
0.0
0.0
0.0
0.0
0.0
0.0
0.0
0.0
0.0
0.0
0.0
0.0
0.0
0.0
0.0
0.0
0.0
0.0
0.0
0.0
0.0
0.0
0.0
0.0
0.0
0.0
0.0
0.0
0.0
0.0
0.0
0.0
0.0
0.0
0.0
0.0
0.0
0.0
0.0
0.0
0.0
0.0
0.0
0.0
0.0
0.0
0.0
0.0
0.0
0.0
0.0
0.0
0.0
0.0
0.0
0.0
0.0
0.0
0.0
0.0
0.0
0.0
0.0
0.0
0.0
0.0
0.0
0.0
0.0
0.0
0.0
0.0
0.0
0.0
0.0
0.0
0.0
0.0
0.0
0.0
0.0
0.0
0.0
0.0
0.0
0.0
0.0
0.0
0.0
0.0
0.0
0.0
0.0
0.0
0.0
0.0
0.0
0.0
0.0
0.0
0.0
0.0
0.0
0.0
0.0
0.0
0.0
0.0
0.0
0.0
0.0
0.0
0.0
0.0
0.0
0.0
0.0
0.0
0.0
0.0
0.0
0.0
0.0
0.0
0.0
0.0
0.0
0.0
0.0
0.0
0.0
0.0
0.0
0.0
0.0
0.0
0.0
0.0
0.0
0.0
0.0
0.0
0.0
0.0
0.0
0.0
0.0
0.0
0.0
0.0
0.0
0.0
0.0
0.0
0.0
0.0
0.0
0.0
0.0
0.0
0.0
0.0
0.0
0.0
0.0
0.0
0.0
0.0
0.0
0.0
0.0
0.0
0.0
0.0
0.0
0.0
0.0
0.0
0.0
0.0
0.0
0.0
0.0
0.0
0.0
0.0
0.0
0.0
0.0
0.0
0.0
0.0
0.0
0.0
0.0
0.0
0.0
0.0
0.0
0.0
0.0
0.0
0.0
0.0
0.0
0.0
0.0
0.0
0.0
0.0
0.0
0.0
0.0
0.0
0.0
0.0
0.0
0.0
0.0
0.0
0.0
0.0
0.0
0.0
0.0
0.0
0.0
0.0
0.0
0.0
0.0
0.0
0.0
0.0
0.0
0.0
0.0
0.0
0.0
0.0
0.0
0.0
0.0
0.0
0.0
0.0
0.0
0.0
0.0
0.0
0.0
0.0
0.0
0.0
0.0
0.0
0.0
0.0
0.0
0.0
0.0
0.0
0.0
0.0
0.0
0.0
0.0
0.0
0.0
0.0
0.0
0.0
0.0
0.0
0.0
0.0
0.0
0.0
0.0
0.0
0.0
0.0
0.0
0.0
0.0
0.0
0.0
0.0
0.0
0.0
0.0
0.0
0.0
0.0
0.0
0.0
0.0
0.0
0.0
0.0
0.0
0.0
0.0
0.0
0.0
0.0
0.0
0.0
0.0
0.0
0.0
0.0
0.0
0.0
0.0
0.0
0.0
0.0
0.0
0.0
0.0
0.0
0.0
0.0
0.0
0.0
0.0
0.0
0.0
0.0
0.0
0.0
0.0
0.0
0.0
0.0
0.0
0.0
0.0
0.0
0.0
0.0
0.0
0.0
0.0
0.0
0.0
0.0
0.0
0.0
0.0
0.0
0.0
0.0
0.0
0.0
0.0
0.0
0.0
0.0
0.0
0.0
0.0
0.0
0.0
0.0
0.0
0.0
0.0
0.0
0.0
0.0
0.0
0.0
0.0
0.0
0.0
0.0
0.0
0.0
0.0
0.0
0.0
0.0
0.0
0.0
0.0
0.0
0.0
0.0
0.0
0.0
0.0
0.0
0.0
0.0
0.0
0.0
0.0
0.0
0.0
0.0
0.0
0.0
0.0
0.0
0.0
0.0
0.0
0.0
0.0
0.0
0.0
0.0
0.0
0.0
0.0
0.0
0.0
0.0
0.0
0.0
0.0
0.0
0.0
0.0
0.0
0.0
0.0
0.0
0.0
0.0
0.0
0.0
0.0
0.0
0.0
0.0
0.0
0.0
0.0
0.0
0.0
0.0
0.0
0.0
0.0
0.0
0.0
0.0
0.0
0.0
0.0
0.0
0.0
0.0
0.0
0.0
0.0
0.0
0.0
0.0
0.0
0.0
0.0
0.0
0.0
0.0
0.0
0.0
0.0
0.0
0.0
0.0
0.0
0.0
0.0
0.0
0.0
0.0
0.0
0.0
0.0
0.0
0.0
0.0
0.0
0.0
0.0
0.0
0.0
0.0
0.0
0.0
0.0
0.0
0.0
0.0
0.0
0.0
0.0
0.0
0.0
0.0
0.0
0.0
0.0
0.0
0.0
0.0
0.0
0.0
0.0
0.0
0.0
0.0
0.0
0.0
0.0
0.0
0.0
0.0
0.0
0.0
0.0
0.0
0.0
0.0
0.0
0.0
0.0
0.0
0.0
0.0
0.0
0.0
0.0
0.0
0.0
0.0
0.0
0.0
0.0
0.0
0.0
0.0
0.0
0.0
0.0
0.0
0.0
0.0
0.0
0.0
0.0
0.0
0.0
0.0
0.0
0.0
0.0
0.0
0.0
0.0
0.0
0.0
0.0
0.0
0.0
0.0
0.0
0.0
0.0
0.0
0.0
0.0
0.0
0.0
0.0
0.0
0.0
0.0
0.0
0.0
0.0
0.0
0.0
0.0
0.0
0.0
0.0
0.0
0.0
0.0
0.0
0.0
0.0
0.0
0.0
0.0
0.0
0.0
0.0
0.0
0.0
0.0
0.0
0.0
0.0
0.0
0.0
0.0
0.0
0.0
0.0
0.0
0.0
0.0
0.0
0.0
0.0
0.0
0.0
0.0
0.0
0.0
0.0
0.0
0.0
0.0
0.0
0.0
0.0
0.0
0.0
0.0
0.0
0.0
0.0
0.0
0.0
0.0
0.0
0.0
0.0
0.0
0.0
0.0
0.0
0.0
0.0
0.0
0.0
0.0
0.0
0.0
0.0
0.0
0.0
0.0
0.0
0.0
0.0
0.0
0.0
0.0
0.0
0.0
0.0
0.0
0.0
0.0
0.0
0.0
0.0
0.0
0.0
0.0
0.0
0.0
0.0
0.0
0.0
0.0
0.0
0.0
0.0
0.0
0.0
0.0
0.0
0.0
0.0
0.0
0.0
0.0
0.0
0.0
0.0
0.0
0.0
0.0
0.0
0.0
0.0
0.0
0.0
0.0
0.0
0.0
0.0
0.0
0.0
0.0
0.0
0.0
0.0
0.0
0.0
0.0
0.0
0.0
0.0
0.0
0.0
0.0
0.0
0.0
0.0
0.0
0.0
0.0
0.0
0.0
0.0
0.0
0.0
0.0
0.0
0.0
0.0
0.0
0.0
0.0
0.0
0.0
0.0
0.0
0.0
0.0
0.0
0.0
0.0
0.0
0.0
0.0
0.0
0.0
0.0
0.0
0.0
0.0
0.0
0.0
0.0
0.0
0.0
0.0
0.0
0.0
0.0
0.0
0.0
0.0
0.0
0.0
0.0
0.0
0.0
0.0
0.0
0.0
0.0
0.0
0.0
0.0
0.0
0.0
0.0
0.0
0.0
0.0
0.0
0.0
0.0
0.0
0.0
0.0
0.0
0.0
0.0
0.0
0.0
0.0
0.0
0.0
0.0
0.0
0.0
0.0
0.0
0.0
0.0
0.0
0.0
0.0
0.0
0.0
0.0
0.0
0.0
0.0
0.0
0.0
0.0
0.0
0.0
0.0
0.0
0.0
0.0
0.0
0.0
0.0
0.0
0.0
0.0
0.0
0.0
0.0
0.0
0.0
0.0
0.0
0.0
0.0
0.0
0.0
0.0
0.0
0.0
0.0
0.0
0.0
0.0
0.0
0.0
0.0
0.0
0.0
0.0
0.0
0.0
0.0
0.0
0.0
0.0
0.0
0.0
0.0
0.0
0.0
0.0
0.0
0.0
0.0
0.0
0.0
0.0
0.0
0.0
0.0
0.0
0.0
0.0
0.0
0.0
0.0
0.0
0.0
0.0
0.0
0.0
0.0
0.0
0.0
0.0
0.0
0.0
0.0
0.0
0.0
0.0
0.0
0.0
0.0
0.0
0.0
0.0
0.0
0.0
0.0
0.0
0.0
0.0
0.0
0.0
0.0
0.0
0.0
0.0
0.0
0.0
0.0
0.0
0.0
0.0
0.0
0.0
0.0
0.0
0.0
0.0
0.0
0.0
0.0
0.0
0.0
0.0
0.0
0.0
0.0
0.0
0.0
0.0
0.0
0.0
0.0
0.0
0.0
0.0
0.0
0.0
0.0
0.0
0.0
0.0
0.0
0.0
0.0
0.0
0.0
0.0
0.0
0.0
0.0
0.0
0.0
0.0
0.0
0.0
0.0
0.0
0.0
0.0
0.0
0.0
0.0
0.0
0.0
0.0
0.0
0.0
0.0
0.0
0.0
0.0
0.0
0.0
0.0
0.0
0.0
0.0
0.0
0.0
0.0
0.0
0.0
0.0
0.0
0.0
0.0
0.0
0.0
0.0
0.0
0.0
0.0
0.0
0.0
0.0
0.0
0.0
0.0
0.0
0.0
0.0
0.0
0.0
0.0
0.0
0.0
0.0
0.0
0.0
0.0
0.0
0.0
0.0
0.0
0.0
0.0
0.0
0.0
0.0
0.0
0.0
0.0
0.0
0.0
0.0
0.0
0.0
0.0
0.0
0.0
0.0
0.0
0.0
0.0
0.0
0.0
0.0
0.0
0.0
0.0
0.0
0.0
0.0
0.0
0.0
0.0
0.0
0.0
0.0
0.0
0.0
0.0
0.0
0.0
0.0
0.0
0.0
0.0
0.0
0.0
0.0
0.0
0.0
0.0
0.0
0.0
0.0
0.0
0.0
0.0
0.0
0.0
0.0
0.0
0.0
0.0
0.0
0.0
0.0
0.0
0.0
0.0
0.0
0.0
0.0
0.0
0.0
0.0
0.0
0.0
0.0
0.0
0.0
0.0
0.0
0.0
0.0
0.0
0.0
0.0
0.0
0.0
0.0
0.0
0.0
0.0
0.0
0.0
0.0
0.0
0.0
0.0
0.0
0.0
0.0
0.0
0.0
0.0
0.0
0.0
0.0
0.0
0.0
0.0
0.0
0.0
0.0
0.0
0.0
0.0
0.0
0.0
0.0
0.0
0.0
0.0
0.0
0.0
0.0
0.0
0.0
0.0
0.0
0.0
0.0
0.0
0.0
0.0
0.0
0.0
0.0
0.0
0.0
0.0
0.0
0.0
0.0
0.0
0.0
0.0
0.0
0.0
0.0
0.0
0.0
0.0
0.0
0.0
0.0
0.0
0.0
0.0
0.0
0.0
0.0
0.0
0.0
0.0
0.0
0.0
0.0
0.0
0.0
0.0
0.0
0.0
0.0
0.0
0.0
0.0
0.0
0.0
0.0
0.0
0.0
0.0
0.0
0.0
0.0
0.0
0.0
0.0
0.0
0.0
0.0
0.0
0.0
0.0
0.0
0.0
0.0
0.0
0.0
0.0
0.0
0.0
0.0
0.0
0.0
0.0
0.0
0.0
0.0
0.0
0.0
0.0
0.0
0.0
0.0
0.0
0.0
0.0
0.0
0.0
0.0
0.0
0.0
0.0
0.0
0.0
0.0
0.0
0.0
0.0
0.0
0.0
0.0
0.0
0.0
0.0
0.0
0.0
0.0
0.0
0.0
0.0
0.0
0.0
0.0
0.0
0.0
0.0
0.0
0.0
0.0
0.0
0.0
0.0
0.0
0.0
0.0
0.0
0.0
0.0
0.0
0.0
0.0
0.0
0.0
0.0
0.0
0.0
0.0
0.0
0.0
0.0
0.0
0.0
0.0
0.0
0.0
0.0
0.0
0.0
0.0
0.0
0.0
0.0
0.0
0.0
0.0
0.0
0.0
0.0
0.0
0.0
0.0
0.0
0.0
0.0
0.0
0.0
0.0
0.0
0.0
0.0
0.0
0.0
0.0
0.0
0.0
0.0
0.0
0.0
0.0
0.0
0.0
0.0
0.0
0.0
0.0
0.0
0.0
0.0
0.0
0.0
0.0
0.0
0.0
0.0
0.0
0.0
0.0
0.0
0.0
0.0
0.0
0.0
0.0
0.0
0.0
0.0
0.0
0.0
0.0
0.0
0.0
0.0
0.0
0.0
0.0
0.0
0.0
0.0
0.0
0.0
0.0
0.0
0.0
0.0
0.0
0.0
0.0
0.0
0.0
0.0
0.0
0.0
0.0
0.0
0.0
0.0
0.0
0.0
0.0
0.0
0.0
0.0
0.0
0.0
0.0
0.0
0.0
0.0
0.0
0.0
0.0
0.0
0.0
0.0
0.0
0.0
0.0
0.0
0.0
0.0
0.0
0.0
0.0
0.0
0.0
0.0
0.0
0.0
0.0
0.0
0.0
0.0
0.0
0.0
0.0
0.0
0.0
0.0
0.0
0.0
0.0
0.0
0.0
0.0
0.0
0.0
0.0
0.0
0.0
0.0
0.0
0.0
0.0
0.0
0.0
0.0
0.0
0.0
0.0
0.0
0.0
0.0
0.0
0.0
0.0
0.0
0.0
0.0
0.0
0.0
0.0
0.0
0.0
0.0
0.0
0.0
0.0
0.0
0.0
0.0
0.0
0.0
0.0
0.0
0.0
0.0
0.0
0.0
0.0
0.0
0.0
0.0
0.0
0.0
0.0
0.0
0.0
0.0
0.0
0.0
0.0
0.0
0.0
0.0
0.0
0.0
0.0
0.0
0.0
0.0
0.0
0.0
0.0
0.0
0.0
0.0
0.0
0.0
0.0
0.0
0.0
0.0
0.0
0.0
0.0
0.0
0.0
0.0
0.0
0.0
0.0
0.0
0.0
0.0
0.0
0.0
0.0
0.0
0.0
0.0
0.0
0.0
0.0
0.0
0.0
0.0
0.0
0.0
0.0
0.0
0.0
0.0
0.0
0.0
0.0
0.0
0.0
0.0
0.0
0.0
0.0
0.0
0.0
0.0
0.0
0.0
0.0
0.0
0.0
0.0
0.0
0.0
0.0
0.0
0.0
0.0
0.0
0.0
0.0
0.0
0.0
0.0
0.0
0.0
0.0
0.0
0.0
0.0
0.0
0.0
0.0
0.0
0.0
0.0
0.0
0.0
0.0
0.0
0.0
0.0
0.0
0.0
0.0
0.0
0.0
0.0
0.0
0.0
0.0
0.0
0.0
0.0
0.0
0.0
0.0
0.0
0.0
0.0
0.0
0.0
0.0
0.0
0.0
0.0
0.0
0.0
0.0
0.0
0.0
0.0
0.0
0.0
0.0
0.0
0.0
0.0
0.0
0.0
0.0
0.0
0.0
0.0
0.0
0.0
0.0
0.0
0.0
0.0
0.0
0.0
0.0
0.0
0.0
0.0
0.0
0.0
0.0
0.0
0.0
0.0
0.0
0.0
0.0
0.0
0.0
0.0
0.0
0.0
0.0
0.0
0.0
0.0
0.0
0.0
0.0
0.0
0.0
0.0
0.0
0.0
0.0
0.0
0.0
0.0
0.0
0.0
0.0
0.0
0.0
0.0
0.0
0.0
0.0
0.0
0.0
0.0
0.0
0.0
0.0
0.0
0.0
0.0
0.0
0.0
0.0
0.0
0.0
0.0
0.0
0.0
0.0
0.0
0.0
0.0
0.0
0.0
0.0
0.0
0.0
0.0
0.0
0.0
0.0
0.0
0.0
0.0
0.0
0.0
0.0
0.0
0.0
0.0
0.0
0.0
0.0
0.0
0.0
0.0
0.0
0.0
0.0
0.0
0.0
0.0
0.0
0.0
0.0
0.0
0.0
0.0
0.0
0.0
0.0
0.0
0.0
0.0
0.0
0.0
0.0
0.0
0.0
0.0
0.0
0.0
0.0
0.0
0.0
0.0
0.0
0.0
0.0
0.0
0.0
0.0
0.0
0.0
0.0
0.0
0.0
0.0
0.0
0.0
0.0
0.0
0.0
0.0
0.0
0.0
0.0
0.0
0.0
0.0
0.0
0.0
0.0
0.0
0.0
0.0
0.0
0.0
0.0
0.0
0.0
0.0
0.0
0.0
0.0
0.0
0.0
0.0
0.0
0.0
0.0
0.0
0.0
0.0
0.0
0.0
0.0
0.0
0.0
0.0
0.0
0.0
0.0
0.0
0.0
0.0
0.0
0.0
0.0
0.0
0.0
0.0
0.0
0.0
0.0
0.0
0.0
0.0
0.0
0.0
0.0
0.0
0.0
0.0
0.0
0.0
0.0
0.0
0.0
0.0
0.0
0.0
0.0
0.0
0.0
0.0
0.0
0.0
0.0
0.0
0.0
0.0
0.0
0.0
0.0
0.0
0.0
0.0
0.0
0.0
0.0
0.0
0.0
0.0
0.0
0.0
0.0
0.0
0.0
0.0
0.0
0.0
0.0
0.0
0.0
0.0
0.0
0.0
0.0
0.0
0.0
0.0
0.0
0.0
0.0
0.0
0.0
0.0
0.0
0.0
0.0
0.0
0.0
0.0
0.0
0.0
0.0
0.0
0.0
0.0
0.0
0.0
0.0
0.0
0.0
0.0
0.0
0.0
0.0
0.0
0.0
0.0
0.0
0.0
0.0
0.0
0.0
0.0
0.0
0.0
0.0
0.0
0.0
0.0
0.0
0.0
0.0
0.0
0.0
0.0
0.0
0.0
0.0
0.0
0.0
0.0
0.0
0.0
0.0
0.0
0.0
0.0
0.0
0.0
0.0
0.0
0.0
0.0
0.0
0.0
0.0
0.0
0.0
0.0
0.0
0.0
0.0
0.0
0.0
0.0
0.0
0.0
0.0
0.0
0.0
0.0
0.0
0.0
0.0
0.0
0.0
0.0
0.0
0.0
0.0
0.0
0.0
0.0
0.0
0.0
0.0
0.0
0.0
0.0
0.0
0.0
0.0
0.0
0.0
0.0
0.0
0.0
0.0
0.0
0.0
0.0
0.0
0.0
0.0
0.0
0.0
0.0
0.0
0.0
0.0
0.0
0.0
0.0
0.0
0.0
0.0
0.0
0.0
0.0
0.0
0.0
0.0
0.0
0.0
0.0
0.0
0.0
0.0
0.0
0.0
0.0
0.0
0.0
0.0
0.0
0.0
0.0
0.0
0.0
0.0
0.0
0.0
0.0
0.0
0.0
0.0
0.0
0.0
0.0
0.0
0.0
0.0
0.0
0.0
0.0
0.0
0.0
0.0
0.0
0.0
0.0
0.0
0.0
0.0
0.0
0.0
0.0
0.0
0.0
0.0
0.0
0.0
0.0
0.0
0.0
0.0
0.0
0.0
0.0
0.0
0.0
0.0
0.0
0.0
0.0
0.0
0.0
0.0
0.0
0.0
0.0
0.0
0.0
0.0
0.0
0.0
0.0
0.0
0.0
0.0
0.0
0.0
0.0
0.0
0.0
0.0
0.0
0.0
0.0
0.0
0.0
0.0
0.0
0.0
0.0
0.0
0.0
0.0
0.0
0.0
0.0
0.0
0.0
0.0
0.0
0.0
0.0
0.0
0.0
0.0
0.0
0.0
0.0
0.0
0.0
0.0
0.0
0.0
0.0
0.0
0.0
0.0
0.0
0.0
0.0
0.0
0.0
0.0
0.0
0.0
0.0
0.0
0.0
0.0
0.0
0.0
0.0
0.0
0.0
0.0
0.0
0.0
0.0
0.0
0.0
0.0
0.0
0.0
0.0
0.0
0.0
0.0
0.0
0.0
0.0
0.0
0.0
0.0
0.0
0.0
0.0
0.0
0.0
0.0
0.0
0.0
0.0
0.0
0.0
0.0
0.0
0.0
0.0
0.0
0.0
0.0
0.0
0.0
0.0
0.0
0.0
0.0
0.0
0.0
0.0
0.0
0.0
0.0
0.0
0.0
0.0
0.0
0.0
0.0
0.0
0.0
0.0
0.0
0.0
0.0
0.0
0.0
0.0
0.0
0.0
0.0
0.0
0.0
0.0
0.0
0.0
0.0
0.0
0.0
0.0
0.0
0.0
0.0
0.0
0.0
0.0
0.0
0.0
0.0
0.0
0.0
0.0
0.0
0.0
0.0
0.0
0.0
0.0
0.0
0.0
0.0
0.0
0.0
0.0
0.0
0.0
0.0
0.0
0.0
0.0
0.0
0.0
0.0
0.0
0.0
0.0
0.0
0.0
0.0
0.0
0.0
0.0
0.0
0.0
0.0
0.0
0.0
0.0
0.0
0.0
0.0
0.0
0.0
0.0
0.0
0.0
0.0
0.0
0.0
0.0
0.0
0.0
0.0
0.0
0.0
0.0
0.0
0.0
0.0
0.0
0.0
0.0
0.0
0.0
0.0
0.0
0.0
0.0
0.0
0.0
0.0
0.0
0.0
0.0
0.0
0.0
0.0
0.0
0.0
0.0
0.0
0.0
0.0
0.0
0.0
0.0
0.0
0.0
0.0
0.0
0.0
0.0
0.0
0.0
0.0
0.0
0.0
0.0
0.0
0.0
0.0
0.0
0.0
0.0
0.0
0.0
0.0
0.0
0.0
0.0
0.0
0.0
0.0
0.0
0.0
0.0
0.0
0.0
0.0
0.0
0.0
0.0
0.0
0.0
0.0
0.0
0.0
0.0
0.0
0.0
0.0
0.0
0.0
0.0
0.0
0.0
0.0
0.0
0.0
0.0
0.0
0.0
0.0
0.0
0.0
0.0
0.0
0.0
0.0
0.0
0.0
0.0
0.0
0.0
0.0
0.0
0.0
0.0
0.0
0.0
0.0
0.0
0.0
0.0
0.0
0.0
0.0
0.0
0.0
0.0
0.0
0.0
0.0
0.0
0.0
0.0
0.0
0.0
0.0
0.0
0.0
0.0
0.0
0.0
0.0
0.0
0.0
0.0
0.0
0.0
0.0
0.0
0.0
0.0
0.0
0.0
0.0
0.0
0.0
0.0
0.0
0.0
0.0
0.0
0.0
0.0
0.0
0.0
0.0
0.0
0.0
0.0
0.0
0.0
0.0
0.0
0.0
0.0
0.0
0.0
0.0
0.0
0.0
0.0
0.0
0.0
0.0
0.0
0.0
0.0
0.0
0.0
0.0
0.0
0.0
0.0
0.0
0.0
0.0
0.0
0.0
0.0
0.0
0.0
0.0
0.0
0.0
0.0
0.0
0.0
0.0
0.0
0.0
0.0
0.0
0.0
0.0
0.0
0.0
0.0
0.0
0.0
0.0
0.0
0.0
0.0
0.0
0.0
0.0
0.0
0.0
0.0
0.0
0.0
0.0
0.0
0.0
0.0
0.0
0.0
0.0
0.0
0.0
0.0
0.0
0.0
0.0
0.0
0.0
0.0
0.0
0.0
0.0
0.0
0.0
0.0
0.0
0.0
0.0
0.0
0.0
0.0
0.0
0.0
0.0
0.0
0.0
0.0
0.0
0.0
0.0
0.0
0.0
0.0
0.0
0.0
0.0
0.0
0.0
0.0
0.0
0.0
0.0
0.0
0.0
0.0
0.0
0.0
0.0
0.0
0.0
0.0
0.0
0.0
0.0
0.0
0.0
0.0
0.0
0.0
0.0
0.0
0.0
0.0
0.0
0.0
0.0
0.0
0.0
0.0
0.0
0.0
0.0
0.0
0.0
0.0
0.0
0.0
0.0
0.0
0.0
0.0
0.0
0.0
0.0
0.0
0.0
0.0
0.0
0.0
0.0
0.0
0.0
0.0
0.0
0.0
0.0
0.0
0.0
0.0
0.0
0.0
0.0
0.0
0.0
0.0
0.0
0.0
0.0
0.0
0.0
0.0
0.0
0.0
0.0
0.0
0.0
0.0
0.0
0.0
0.0
0.0
0.0
0.0
0.0
0.0
0.0
0.0
0.0
0.0
0.0
0.0
0.0
0.0
0.0
0.0
0.0
0.0
0.0
0.0
0.0
0.0
0.0
0.0
0.0
0.0
0.0
0.0
0.0
0.0
0.0
0.0
0.0
0.0
0.0
0.0
0.0
0.0
0.0
0.0
0.0
0.0
0.0
0.0
0.0
0.0
0.0
0.0
0.0
0.0
0.0
0.0
0.0
0.0
0.0
0.0
0.0
0.0
0.0
0.0
0.0
0.0
0.0
0.0
0.0
0.0
0.0
0.0
0.0
0.0
0.0
0.0
0.0
0.0
0.0
0.0
0.0
0.0
0.0
0.0
0.0
0.0
0.0
0.0
0.0
0.0
0.0
0.0
0.0
0.0
0.0
0.0
0.0
0.0
0.0
0.0
0.0
0.0
0.0
0.0
0.0
0.0
0.0
0.0
0.0
0.0
0.0
0.0
0.0
0.0
0.0
0.0
0.0
0.0
0.0
0.0
0.0
0.0
0.0
0.0
0.0
0.0
0.0
0.0
0.0
0.0
0.0
0.0
0.0
0.0
0.0
0.0
0.0
0.0
0.0
0.0
0.0
0.0
0.0
0.0
0.0
0.0
0.0
0.0
0.0
0.0
0.0
0.0
0.0
0.0
0.0
0.0
0.0
0.0
0.0
0.0
0.0
0.0
0.0
0.0
0.0
0.0
0.0
0.0
0.0
0.0
0.0
0.0
0.0
0.0
0.0
0.0
0.0
0.0
0.0
0.0
0.0
0.0
0.0
0.0
0.0
0.0
0.0
0.0
0.0
0.0
0.0
0.0
0.0
0.0
0.0
0.0
0.0
0.0
0.0
0.0
0.0
0.0
0.0
0.0
0.0
0.0
0.0
0.0
0.0
0.0
0.0
0.0
0.0
0.0
0.0
0.0
0.0
0.0
0.0
0.0
0.0
0.0
0.0
0.0
0.0
0.0
0.0
0.0
0.0
0.0
0.0
0.0
0.0
0.0
0.0
0.0
0.0
0.0
0.0
0.0
0.0
0.0
0.0
0.0
0.0
0.0
0.0
0.0
0.0
0.0
0.0
0.0
0.0
0.0
0.0
0.0
0.0
0.0
0.0
0.0
0.0
0.0
0.0
0.0
0.0
0.0
0.0
0.0
0.0
0.0
0.0
0.0
0.0
0.0
0.0
0.0
0.0
0.0
0.0
0.0
0.0
0.0
0.0
0.0
0.0
0.0
0.0
0.0
0.0
0.0
0.0
0.0
0.0
0.0
0.0
0.0
0.0
0.0
0.0
0.0
0.0
0.0
0.0
0.0
0.0
0.0
0.0
0.0
0.0
0.0
0.0
0.0
0.0
0.0
0.0
0.0
0.0
0.0
0.0
0.0
0.0
0.0
0.0
0.0
0.0
0.0
0.0
0.0
0.0
0.0
0.0
0.0
0.0
0.0
0.0
0.0
0.0
0.0
0.0
0.0
0.0
0.0
0.0
0.0
0.0
0.0
0.0
0.0
0.0
0.0
0.0
0.0
0.0
0.0
0.0
0.0
0.0
0.0
0.0
0.0
0.0
0.0
0.0
0.0
0.0
0.0
0.0
0.0
0.0
0.0
0.0
0.0
0.0
0.0
0.0
0.0
0.0
0.0
0.0
0.0
0.0
0.0
0.0
0.0
0.0
0.0
0.0
0.0
0.0
0.0
0.0
0.0
0.0
0.0
0.0
0.0
0.0
0.0
0.0
0.0
0.0
0.0
0.0
0.0
0.0
0.0
0.0
0.0
0.0
0.0
0.0
0.0
0.0
0.0
0.0
0.0
0.0
0.0
0.0
0.0
0.0
0.0
0.0
0.0
0.0
0.0
0.0
0.0
0.0
0.0
0.0
0.0
0.0
0.0
0.0
0.0
0.0
0.0
0.0
0.0
0.0
0.0
0.0
0.0
0.0
0.0
0.0
0.0
0.0
0.0
0.0
0.0
0.0
0.0
0.0
0.0
0.0
0.0
0.0
0.0
0.0
0.0
0.0
0.0
0.0
0.0
0.0
0.0
0.0
0.0
0.0
0.0
0.0
0.0
0.0
0.0
0.0
0.0
0.0
0.0
0.0
0.0
0.0
0.0
0.0
0.0
0.0
0.0
0.0
0.0
0.0
0.0
0.0
0.0
0.0
0.0
0.0
0.0
0.0
0.0
0.0
0.0
0.0
0.0
0.0
0.0
0.0
0.0
0.0
0.0
0.0
0.0
0.0
0.0
0.0
0.0
0.0
0.0
0.0
0.0
0.0
0.0
0.0
0.0
0.0
0.0
0.0
0.0
0.0
0.0
0.0
0.0
0.0
0.0
0.0
0.0
0.0
0.0
0.0
0.0
0.0
0.0
0.0
0.0
0.0
0.0
0.0
0.0
0.0
0.0
0.0
0.0
0.0
0.0
0.0
0.0
0.0
0.0
0.0
0.0
0.0
0.0
0.0
0.0
0.0
0.0
0.0
0.0
0.0
0.0
0.0
0.0
0.0
0.0
0.0
0.0
0.0
0.0
0.0
0.0
0.0
0.0
0.0
0.0
0.0
0.0
0.0
0.0
0.0
0.0
0.0
0.0
0.0
0.0
0.0
0.0
0.0
0.0
0.0
0.0
0.0
0.0
0.0
0.0
0.0
0.0
0.0
0.0
0.0
0.0
0.0
0.0
0.0
0.0
0.0
0.0
0.0
0.0
0.0
0.0
0.0
0.0
0.0
0.0
0.0
0.0
0.0
0.0
0.0
0.0
0.0
0.0
0.0
0.0
0.0
0.0
0.0
0.0
0.0
0.0
0.0
0.0
0.0
0.0
0.0
0.0
0.0
0.0
0.0
0.0
0.0
0.0
0.0
0.0
0.0
0.0
0.0
0.0
0.0
0.0
0.0
0.0
0.0
0.0
0.0
0.0
0.0
0.0
0.0
0.0
0.0
0.0
0.0
0.0
0.0
0.0
0.0
0.0
0.0
0.0
0.0
0.0
0.0
0.0
0.0
0.0
0.0
0.0
0.0
0.0
0.0
0.0
0.0
0.0
0.0
0.0
0.0
0.0
0.0
0.0
0.0
0.0
0.0
0.0
0.0
0.0
0.0
0.0
0.0
0.0
0.0
0.0
0.0
0.0
0.0
0.0
0.0
0.0
0.0
0.0
0.0
0.0
0.0
0.0
0.0
0.0
0.0
0.0
0.0
0.0
0.0
0.0
0.0
0.0
0.0
0.0
0.0
0.0
0.0
0.0
0.0
0.0
0.0
0.0
0.0
0.0
0.0
0.0
0.0
0.0
0.0
0.0
0.0
0.0
0.0
0.0
0.0
0.0
0.0
0.0
0.0
0.0
0.0
0.0
0.0
0.0
0.0
0.0
0.0
0.0
0.0
0.0
0.0
0.0
0.0
0.0
0.0
0.0
0.0
0.0
0.0
0.0
0.0
0.0
0.0
0.0
0.0
0.0
0.0
0.0
0.0
0.0
0.0
0.0
0.0
0.0
0.0
0.0
0.0
0.0
0.0
0.0
0.0
0.0
0.0
0.0
0.0
0.0
0.0
0.0
0.0
0.0
0.0
0.0
0.0
0.0
0.0
0.0
0.0
0.0
0.0
0.0
0.0
0.0
0.0
0.0
0.0
0.0
0.0
0.0
0.0
0.0
0.0
0.0
0.0
0.0
0.0
0.0
0.0
0.0
0.0
0.0
0.0
0.0
0.0
0.0
0.0
0.0
0.0
0.0
0.0
0.0
0.0
0.0
0.0
0.0
0.0
0.0
0.0
0.0
0.0
0.0
0.0
0.0
0.0
0.0
0.0
0.0
0.0
0.0
0.0
0.0
0.0
0.0
0.0
0.0
0.0
0.0
0.0
0.0
0.0
0.0
0.0
0.0
0.0
0.0
0.0
0.0
0.0
0.0
0.0
0.0
0.0
0.0
0.0
0.0
0.0
0.0
0.0
0.0
0.0
0.0
0.0
0.0
0.0
0.0
0.0
0.0
0.0
0.0
0.0
0.0
0.0
0.0
0.0
0.0
0.0
0.0
0.0
0.0
0.0
0.0
0.0
0.0
0.0
0.0
0.0
0.0
0.0
0.0
0.0
0.0
0.0
0.0
0.0
0.0
0.0
0.0
0.0
0.0
0.0
0.0
0.0
0.0
0.0
0.0
0.0
0.0
0.0
0.0
0.0
0.0
0.0
0.0
0.0
0.0
0.0
0.0
0.0
0.0
0.0
0.0
0.0
0.0
0.0
0.0
0.0
0.0
0.0
0.0
0.0
0.0
0.0
0.0
0.0
0.0
0.0
0.0
0.0
0.0
0.0
0.0
0.0
0.0
0.0
0.0
0.0
0.0
0.0
0.0
0.0
0.0
0.0
0.0
0.0
0.0
0.0
0.0
0.0
0.0
0.0
0.0
0.0
0.0
0.0
0.0
0.0
0.0
0.0
0.0
0.0
0.0
0.0
0.0
0.0
0.0
0.0
0.0
0.0
0.0
0.0
0.0
0.0
0.0
0.0
0.0
0.0
0.0
0.0
0.0
0.0
0.0
0.0
0.0
0.0
0.0
0.0
0.0
0.0
0.0
0.0
0.0
0.0
0.0
0.0
0.0
0.0
0.0
0.0
0.0
0.0
0.0
0.0
0.0
0.0
0.0
0.0
0.0
0.0
0.0
0.0
0.0
0.0
0.0
0.0
0.0
0.0
0.0
0.0
0.0
0.0
0.0
0.0
0.0
0.0
0.0
0.0
0.0
0.0
0.0
0.0
0.0
0.0
0.0
0.0
0.0
0.0
0.0
0.0
0.0
0.0
0.0
0.0
0.0
0.0
0.0
0.0
0.0
0.0
0.0
0.0
0.0
0.0
0.0
0.0
0.0
0.0
0.0
0.0
0.0
0.0
0.0
0.0
0.0
0.0
0.0
0.0
0.0
0.0
0.0
0.0
0.0
0.0
0.0
0.0
0.0
0.0
0.0
0.0
0.0
0.0
0.0
0.0
0.0
0.0
0.0
0.0
0.0
0.0
0.0
0.0
0.0
0.0
0.0
0.0
0.0
0.0
0.0
0.0
0.0
0.0
0.0
0.0
0.0
0.0
0.0
0.0
0.0
0.0
0.0
0.0
0.0
0.0
0.0
0.0
0.0
0.0
0.0
0.0
0.0
0.0
0.0
0.0
0.0
0.0
0.0
0.0
0.0
0.0
0.0
0.0
0.0
0.0
0.0
0.0
0.0
0.0
0.0
0.0
0.0
0.0
0.0
0.0
0.0
0.0
0.0
0.0
0.0
0.0
0.0
0.0
0.0
0.0
0.0
0.0
0.0
0.0
0.0
0.0
0.0
0.0
0.0
0.0
0.0
0.0
0.0
0.0
0.0
0.0
0.0
0.0
0.0
0.0
0.0
0.0
0.0
0.0
0.0
0.0
0.0
0.0
0.0
0.0
0.0
0.0
0.0
0.0
0.0
0.0
0.0
0.0
0.0
0.0
0.0
0.0
0.0
0.0
0.0
0.0
0.0
0.0
0.0
0.0
0.0
0.0
0.0
0.0
0.0
0.0
0.0
0.0
0.0
0.0
0.0
0.0
0.0
0.0
0.0
0.0
0.0
0.0
0.0
0.0
0.0
0.0
0.0
0.0
0.0
0.0
0.0
0.0
0.0
0.0
0.0
0.0
0.0
0.0
0.0
0.0
0.0
0.0
0.0
0.0
0.0
0.0
0.0
0.0
0.0
0.0
0.0
0.0
0.0
0.0
0.0
0.0
0.0
0.0
0.0
0.0
0.0
0.0
0.0
0.0
0.0
0.0
0.0
0.0
0.0
0.0
0.0
0.0
0.0
0.0
0.0
0.0
0.0
0.0
0.0
0.0
0.0
0.0
0.0
0.0
0.0
0.0
0.0
0.0
0.0
0.0
0.0
0.0
0.0
0.0
0.0
0.0
0.0
0.0
0.0
0.0
0.0
0.0
0.0
0.0
0.0
0.0
0.0
0.0
0.0
0.0
0.0
0.0
0.0
0.0
0.0
0.0
0.0
0.0
0.0
0.0
0.0
0.0
0.0
0.0
0.0
0.0
0.0
0.0
0.0
0.0
0.0
0.0
0.0
0.0
0.0
0.0
0.0
0.0
0.0
0.0
0.0
0.0
0.0
0.0
0.0
0.0
0.0
0.0
0.0
0.0
0.0
0.0
0.0
0.0
0.0
0.0
0.0
0.0
0.0
0.0
0.0
0.0
0.0
0.0
0.0
0.0
0.0
0.0
0.0
0.0
0.0
0.0
0.0
0.0
0.0
0.0
0.0
0.0
0.0
0.0
0.0
0.0
0.0
0.0
0.0
0.0
0.0
0.0
0.0
0.0
0.0
0.0
0.0
0.0
0.0
0.0
0.0
0.0
0.0
0.0
0.0
0.0
0.0
0.0
0.0
0.0
0.0
0.0
0.0
0.0
0.0
0.0
0.0
0.0
0.0
0.0
0.0
0.0
0.0
0.0
0.0
0.0
0.0
0.0
0.0
0.0
0.0
0.0
0.0
0.0
0.0
0.0
0.0
0.0
0.0
0.0
0.0
0.0
0.0
0.0
0.0
0.0
0.0
0.0
0.0
0.0
0.0
0.0
0.0
0.0
0.0
0.0
0.0
0.0
0.0
0.0
0.0
0.0
0.0
0.0
0.0
0.0
0.0
0.0
0.0
0.0
0.0
0.0
0.0
0.0
0.0
0.0
0.0
0.0
0.0
0.0
0.0
0.0
0.0
0.0
0.0
0.0
0.0
0.0
0.0
0.0
0.0
0.0
0.0
0.0
0.0
0.0
0.0
0.0
0.0
0.0
0.0
0.0
0.0
0.0
0.0
0.0
0.0
0.0
0.0
0.0
0.0
0.0
0.0
0.0
0.0
0.0
0.0
0.0
0.0
0.0
0.0
0.0
0.0
0.0
0.0
0.0
0.0
0.0
0.0
0.0
0.0
0.0
0.0
0.0
0.0
0.0
0.0
0.0
0.0
0.0
0.0
0.0
0.0
0.0
0.0
0.0
0.0
0.0
0.0
0.0
0.0
0.0
0.0
0.0
0.0
0.0
0.0
0.0
0.0
0.0
0.0
0.0
0.0
0.0
0.0
0.0
0.0
0.0
0.0
0.0
0.0
0.0
0.0
0.0
0.0
0.0
0.0
0.0
0.0
0.0
0.0
0.0
0.0
0.0
0.0
0.0
0.0
0.0
0.0
0.0
0.0
0.0
0.0
0.0
0.0
0.0
0.0
0.0
0.0
0.0
0.0
0.0
0.0
0.0
0.0
0.0
0.0
0.0
0.0
0.0
0.0
0.0
0.0
0.0
0.0
0.0
0.0
0.0
0.0
0.0
0.0
0.0
0.0
0.0
0.0
0.0
0.0
0.0
0.0
0.0
0.0
0.0
0.0
0.0
0.0
0.0
0.0
0.0
0.0
0.0
0.0
0.0
0.0
0.0
0.0
0.0
0.0
0.0
0.0
0.0
0.0
0.0
0.0
0.0
0.0
0.0
0.0
0.0
0.0
0.0
0.0
0.0
0.0
0.0
0.0
0.0
0.0
0.0
0.0
0.0
0.0
0.0
0.0
0.0
0.0
0.0
0.0
0.0
0.0
0.0
0.0
0.0
0.0
0.0
0.0
0.0
0.0
0.0
0.0
0.0
0.0
0.0
0.0
0.0
0.0
0.0
0.0
0.0
0.0
0.0
0.0
0.0
0.0
0.0
0.0
0.0
0.0
0.0
0.0
0.0
0.0
0.0
0.0
0.0
0.0
0.0
0.0
0.0
0.0
0.0
0.0
0.0
0.0
0.0
0.0
0.0
0.0
0.0
0.0
0.0
0.0
0.0
0.0
0.0
0.0
0.0
0.0
0.0
0.0
0.0
0.0
0.0
0.0
0.0
0.0
0.0
0.0
0.0
0.0
0.0
0.0
0.0
0.0
0.0
0.0
0.0
0.0
0.0
0.0
0.0
0.0
0.0
0.0
0.0
0.0
0.0
0.0
0.0
0.0
0.0
0.0
0.0
0.0
0.0
0.0
0.0
0.0
0.0
0.0
0.0
0.0
0.0
0.0
0.0
0.0
0.0
0.0
0.0
0.0
0.0
0.0
0.0
0.0
0.0
0.0
0.0
0.0
0.0
0.0
0.0
0.0
0.0
0.0
0.0
0.0
0.0
0.0
0.0
0.0
0.0
0.0
0.0
0.0
0.0
0.0
0.0
0.0
0.0
0.0
0.0
0.0
0.0
0.0
0.0
0.0
0.0
0.0
0.0
0.0
0.0
0.0
0.0
0.0
0.0
0.0
0.0
0.0
0.0
0.0
0.0
0.0
0.0
0.0
0.0
0.0
0.0
0.0
0.0
0.0
0.0
0.0
0.0
0.0
0.0
0.0
0.0
0.0
0.0
0.0
0.0
0.0
0.0
0.0
0.0
0.0
0.0
0.0
0.0
0.0
0.0
0.0
0.0
0.0
0.0
0.0
0.0
0.0
0.0
0.0
0.0
0.0
0.0
0.0
0.0
0.0
0.0
0.0
0.0
0.0
0.0
0.0
0.0
0.0
0.0
0.0
0.0
0.0
0.0
0.0
0.0
0.0
0.0
0.0
0.0
0.0
0.0
0.0
0.0
0.0
0.0
0.0
0.0
0.0
0.0
0.0
0.0
0.0
0.0
0.0
0.0
0.0
0.0
0.0
0.0
0.0
0.0
0.0
0.0
0.0
0.0
0.0
0.0
0.0
0.0
0.0
0.0
0.0
0.0
0.0
0.0
0.0
0.0
0.0
0.0
0.0
0.0
0.0
0.0
0.0
0.0
0.0
0.0
0.0
0.0
0.0
0.0
0.0
0.0
0.0
0.0
0.0
0.0
0.0
0.0
0.0
0.0
0.0
0.0
0.0
0.0
0.0
0.0
0.0
0.0
0.0
0.0
0.0
0.0
0.0
0.0
0.0
0.0
0.0
0.0
0.0
0.0
0.0
0.0
0.0
0.0
0.0
0.0
0.0
0.0
0.0
0.0
0.0
0.0
0.0
0.0
0.0
0.0
0.0
0.0
0.0
0.0
0.0
0.0
0.0
0.0
0.0
0.0
0.0
0.0
0.0
0.0
0.0
0.0
0.0
0.0
0.0
0.0
0.0
0.0
0.0
0.0
0.0
0.0
0.0
0.0
0.0
0.0
0.0
0.0
0.0
0.0
0.0
0.0
0.0
0.0
0.0
0.0
0.0
0.0
0.0
0.0
0.0
0.0
0.0
0.0
0.0
0.0
0.0
0.0
0.0
0.0
0.0
0.0
0.0
0.0
0.0
0.0
0.0
0.0
0.0
0.0
0.0
0.0
0.0
0.0
0.0
0.0
0.0
0.0
0.0
0.0
0.0
0.0
0.0
0.0
0.0
0.0
0.0
0.0
0.0
0.0
0.0
0.0
0.0
0.0
0.0
0.0
0.0
0.0
0.0
0.0
0.0
0.0
0.0
0.0
0.0
0.0
0.0
0.0
0.0
0.0
0.0
0.0
0.0
0.0
0.0
0.0
0.0
0.0
0.0
0.0
0.0
0.0
0.0
0.0
0.0
0.0
0.0
0.0
0.0
0.0
0.0
0.0
0.0
0.0
0.0
0.0
0.0
0.0
0.0
0.0
0.0
0.0
0.0
0.0
0.0
0.0
0.0
0.0
0.0
0.0
0.0
0.0
0.0
0.0
0.0
0.0
0.0
0.0
0.0
0.0
0.0
0.0
0.0
0.0
0.0
0.0
0.0
0.0
0.0
0.0
0.0
0.0
0.0
0.0
0.0
0.0
0.0
0.0
0.0
0.0
0.0
0.0
0.0
0.0
0.0
0.0
0.0
0.0
0.0
0.0
0.0
0.0
0.0
0.0
0.0
0.0
0.0
0.0
0.0
0.0
0.0
0.0
0.0
0.0
0.0
0.0
0.0
0.0
0.0
0.0
0.0
0.0
0.0
0.0
0.0
0.0
0.0
0.0
0.0
0.0
0.0
0.0
0.0
0.0
0.0
0.0
0.0
0.0
0.0
0.0
0.0
0.0
0.0
0.0
0.0
0.0
0.0
0.0
0.0
0.0
0.0
0.0
0.0
0.0
0.0
0.0
0.0
0.0
0.0
0.0
0.0
0.0
0.0
0.0
0.0
0.0
0.0
0.0
0.0
0.0
0.0
0.0
0.0
0.0
0.0
0.0
0.0
0.0
0.0
0.0
0.0
0.0
0.0
0.0
0.0
0.0
0.0
0.0
0.0
0.0
0.0
0.0
0.0
0.0
0.0
0.0
0.0
0.0
0.0
0.0
0.0
0.0
0.0
0.0
0.0
0.0
0.0
0.0
0.0
0.0
0.0
0.0
0.0
0.0
0.0
0.0
0.0
0.0
0.0
0.0
0.0
0.0
0.0
0.0
0.0
0.0
0.0
0.0
0.0
0.0
0.0
0.0
0.0
0.0
0.0
0.0
0.0
0.0
0.0
0.0
0.0
0.0
0.0
0.0
0.0
0.0
0.0
0.0
0.0
0.0
0.0
0.0
0.0
0.0
0.0
0.0
0.0
0.0
0.0
0.0
0.0
0.0
0.0
0.0
0.0
0.0
0.0
0.0
0.0
0.0
0.0
0.0
0.0
0.0
0.0
0.0
0.0
0.0
0.0
0.0
0.0
0.0
0.0
0.0
0.0
0.0
0.0
0.0
0.0
0.0
0.0
0.0
0.0
0.0
0.0
0.0
0.0
0.0
0.0
0.0
0.0
0.0
0.0
0.0
0.0
0.0
0.0
0.0
0.0
0.0
0.0
0.0
0.0
0.0
0.0
0.0
0.0
0.0
0.0
0.0
0.0
0.0
0.0
0.0
0.0
0.0
0.0
0.0
0.0
0.0
0.0
0.0
0.0
0.0
0.0
0.0
0.0
0.0
0.0
0.0
0.0
0.0
0.0
0.0
0.0
0.0
0.0
0.0
0.0
0.0
0.0
0.0
0.0
0.0
0.0
0.0
0.0
0.0
0.0
0.0
0.0
0.0
0.0
0.0
0.0
0.0
0.0
0.0
0.0
0.0
0.0
0.0
0.0
0.0
0.0
0.0
0.0
0.0
0.0
0.0
0.0
0.0
0.0
0.0
0.0
0.0
0.0
0.0
0.0
0.0
0.0
0.0
0.0
0.0
0.0
0.0
0.0
0.0
0.0
0.0
0.0
0.0
0.0
0.0
0.0
0.0
0.0
0.0
0.0
0.0
0.0
0.0
0.0
0.0
0.0
0.0
0.0
0.0
0.0
0.0
0.0
0.0
0.0
0.0
0.0
0.0
0.0
0.0
0.0
0.0
0.0
0.0
0.0
0.0
0.0
0.0
0.0
0.0
0.0
0.0
0.0
0.0
0.0
0.0
0.0
0.0
0.0
0.0
0.0
0.0
0.0
0.0
0.0
0.0
0.0
0.0
0.0
0.0
0.0
0.0
0.0
0.0
0.0
0.0
0.0
0.0
0.0
0.0
0.0
0.0
0.0
0.0
0.0
0.0
0.0
0.0
0.0
0.0
0.0
0.0
0.0
0.0
0.0
0.0
0.0
0.0
0.0
0.0
0.0
0.0
0.0
0.0
0.0
0.0
0.0
0.0
0.0
0.0
0.0
0.0
0.0
0.0
0.0
0.0
0.0
0.0
0.0
0.0
0.0
0.0
0.0
0.0
0.0
0.0
0.0
0.0
0.0
0.0
0.0
0.0
0.0
0.0
0.0
0.0
0.0
0.0
0.0
0.0
0.0
0.0
0.0
0.0
0.0
0.0
0.0
0.0
0.0
0.0
0.0
0.0
0.0
0.0
0.0
0.0
0.0
0.0
0.0
0.0
0.0
0.0
0.0
0.0
0.0
0.0
0.0
0.0
0.0
0.0
0.0
0.0
0.0
0.0
0.0
0.0
0.0
0.0
0.0
0.0
0.0
0.0
0.0
0.0
0.0
0.0
0.0
0.0
0.0
0.0
0.0
0.0
0.0
0.0
0.0
0.0
0.0
0.0
0.0
0.0
0.0
0.0
0.0
0.0
0.0
0.0
0.0
0.0
0.0
0.0
0.0
0.0
0.0
0.0
0.0
0.0
0.0
0.0
0.0
0.0
0.0
0.0
0.0
0.0
0.0
0.0
0.0
0.0
0.0
0.0
0.0
0.0
0.0
0.0
0.0
0.0
0.0
0.0
0.0
0.0
0.0
0.0
0.0
0.0
0.0
0.0
0.0
0.0
0.0
0.0
0.0
0.0
0.0
0.0
0.0
0.0
0.0
0.0
0.0
0.0
0.0
0.0
0.0
0.0
0.0
0.0
0.0
0.0
0.0
0.0
0.0
0.0
0.0
0.0
0.0
0.0
0.0
0.0
0.0
0.0
0.0
0.0
0.0
0.0
0.0
0.0
0.0
0.0
0.0
0.0
0.0
0.0
0.0
0.0
0.0
0.0
0.0
0.0
0.0
0.0
0.0
0.0
0.0
0.0
0.0
0.0
0.0
0.0
0.0
0.0
0.0
0.0
0.0
0.0
0.0
0.0
0.0
0.0
0.0
0.0
0.0
0.0
0.0
0.0
0.0
0.0
0.0
0.0
0.0
0.0
0.0
0.0
0.0
0.0
0.0
0.0
0.0
0.0
0.0
0.0
0.0
0.0
0.0
0.0
0.0
0.0
0.0
0.0
0.0
0.0
0.0
0.0
0.0
0.0
0.0
0.0
0.0
0.0
0.0
0.0
0.0
0.0
0.0
0.0
0.0
0.0
0.0
0.0
0.0
0.0
0.0
0.0
0.0
0.0
0.0
0.0
0.0
0.0
0.0
0.0
0.0
0.0
0.0
0.0
0.0
0.0
0.0
0.0
0.0
0.0
0.0
0.0
0.0
0.0
0.0
0.0
0.0
0.0
0.0
0.0
0.0
0.0
0.0
0.0
0.0
0.0
0.0
0.0
0.0
0.0
0.0
0.0
0.0
0.0
0.0
0.0
0.0
0.0
0.0
0.0
0.0
0.0
0.0
0.0
0.0
0.0
0.0
0.0
0.0
0.0
0.0
0.0
0.0
0.0
0.0
0.0
0.0
0.0
0.0
0.0
0.0
0.0
0.0
0.0
0.0
0.0
0.0
0.0
0.0
0.0
0.0
0.0
0.0
0.0
0.0
0.0
0.0
0.0
0.0
0.0
0.0
0.0
0.0
0.0
0.0
0.0
0.0
0.0
0.0
0.0
0.0
0.0
0.0
0.0
0.0
0.0
0.0
0.0
0.0
0.0
0.0
0.0
0.0
0.0
0.0
0.0
0.0
0.0
0.0
0.0
0.0
0.0
0.0
0.0
0.0
0.0
0.0
0.0
0.0
0.0
0.0
0.0
0.0
0.0
0.0
0.0
0.0
0.0
0.0
0.0
0.0
0.0
0.0
0.0
0.0
0.0
0.0
0.0
0.0
0.0
0.0
0.0
0.0
0.0
0.0
0.0
0.0
0.0
0.0
0.0
0.0
0.0
0.0
0.0
0.0
0.0
0.0
0.0
0.0
0.0
0.0
0.0
0.0
0.0
0.0
0.0
0.0
0.0
0.0
0.0
0.0
0.0
0.0
0.0
0.0
0.0
0.0
0.0
0.0
0.0
0.0
0.0
0.0
0.0
0.0
0.0
0.0
0.0
0.0
0.0
0.0
0.0
0.0
0.0
0.0
0.0
0.0
0.0
0.0
0.0
0.0
0.0
0.0
0.0
0.0
0.0
0.0
0.0
0.0
0.0
0.0
0.0
0.0
0.0
0.0
0.0
0.0
0.0
0.0
0.0
0.0
0.0
0.0
0.0
0.0
0.0
0.0
0.0
0.0
0.0
0.0
0.0
0.0
0.0
0.0
0.0
0.0
0.0
0.0
0.0
0.0
0.0
0.0
0.0
0.0
0.0
0.0
0.0
0.0
0.0
0.0
0.0
0.0
0.0
0.0
0.0
0.0
0.0
0.0
0.0
0.0
0.0
0.0
0.0
0.0
0.0
0.0
0.0
0.0
0.0
0.0
0.0
0.0
0.0
0.0
0.0
0.0
0.0
0.0
0.0
0.0
0.0
0.0
0.0
0.0
0.0
0.0
0.0
0.0
0.0
0.0
0.0
0.0
0.0
0.0
0.0
0.0
0.0
0.0
0.0
0.0
0.0
0.0
0.0
0.0
0.0
0.0
0.0
0.0
0.0
0.0
0.0
0.0
0.0
0.0
0.0
0.0
0.0
0.0
0.0
0.0
0.0
0.0
0.0
0.0
0.0
0.0
0.0
0.0
0.0
0.0
0.0
0.0
0.0
0.0
0.0
0.0
0.0
0.0
0.0
0.0
0.0
0.0
0.0
0.0
0.0
0.0
0.0
0.0
0.0
0.0
0.0
0.0
0.0
0.0
0.0
0.0
0.0
0.0
0.0
0.0
0.0
0.0
0.0
0.0
0.0
0.0
0.0
0.0
0.0
0.0
0.0
0.0
0.0
0.0
0.0
0.0
0.0
0.0
0.0
0.0
0.0
0.0
0.0
0.0
0.0
0.0
0.0
0.0
0.0
0.0
0.0
0.0
0.0
0.0
0.0
0.0
0.0
0.0
0.0
0.0
0.0
0.0
0.0
0.0
0.0
0.0
0.0
0.0
0.0
0.0
0.0
0.0
0.0
0.0
0.0
0.0
0.0
0.0
0.0
0.0
0.0
0.0
0.0
0.0
0.0
0.0
0.0
0.0
0.0
0.0
0.0
0.0
0.0
0.0
0.0
0.0
0.0
0.0
0.0
0.0
0.0
0.0
0.0
0.0
0.0
0.0
0.0
0.0
0.0
0.0
0.0
0.0
0.0
0.0
0.0
0.0
0.0
0.0
0.0
0.0
0.0
0.0
0.0
0.0
0.0
0.0
0.0
0.0
0.0
0.0
0.0
0.0
0.0
0.0
0.0
0.0
0.0
0.0
0.0
0.0
0.0
0.0
0.0
0.0
0.0
0.0
0.0
0.0
0.0
0.0
0.0
0.0
0.0
0.0
0.0
0.0
0.0
0.0
0.0
0.0
0.0
0.0
0.0
0.0
0.0
0.0
0.0
0.0
0.0
0.0
0.0
0.0
0.0
0.0
0.0
0.0
0.0
0.0
0.0
0.0
0.0
0.0
0.0
0.0
0.0
0.0
0.0
0.0
0.0
0.0
0.0
0.0
0.0
0.0
0.0
0.0
0.0
0.0
0.0
0.0
0.0
0.0
0.0
0.0
0.0
0.0
0.0
0.0
0.0
0.0
0.0
0.0
0.0
0.0
0.0
0.0
0.0
0.0
0.0
0.0
0.0
0.0
0.0
0.0
0.0
0.0
0.0
0.0
0.0
0.0
0.0
0.0
0.0
0.0
0.0
0.0
0.0
0.0
0.0
0.0
0.0
0.0
0.0
0.0
0.0
0.0
0.0
0.0
0.0
0.0
0.0
0.0
0.0
