1.0419652773008117
1.0403264030842174
1.0403264030842174
1.0402054832069216
1.0385058863722583
1.0378743712491252
1.03787413638335
1.0373062694797963
1.0371231754403885
1.0359496856313872
1.0359496856313872
1.035865967659872
1.0343878623494709
1.033975512119688
1.033975512119688
1.033975512119688
1.033975512119688
1.033422016489406
1.0244310107856636
1.0190258167806807
1.0161482317088548
1.0161482317088548
1.0161482317088548
1.0116231742984636
1.0115556242953778
1.0115556242953778
1.009211184957783
1.0091229023451658
1.0091229023451658
0.9884103739898287
0.9884103739898287
0.9856134510969842
0.9839433727259977
0.9837390461060224
0.9837390461060224
0.9828696674528858
0.9816202999329173
0.9678942857851021
0.9678942857851021
0.9239400518375966
0.8930098660973046
0.8930098660973046
0.8925525645075092
0.8925525645075092
0.8925525645075092
0.8925525645075092
0.890362768095734
0.8848765739183602
0.8848765739183602
0.8357824302980515
0.7949064231968249
0.7949064231968249
0.7949064231968249
0.793484527061891
0.770322698281105
0.7220739081848624
0.7220739081848624
0.7049970978513594
0.7049970978513594
0.7040465713243611
0.7040465713243611
0.7040465713243611
0.7040465713243611
0.7033352131486007
0.5389311695421803
0.5389311695421803
0.5385039951521093
0.5294287138933182
0.5238860716802128
0.522592680951206
0.522592680951206
0.522592680951206
0.522592680951206
0.522592680951206
0.522592680951206
0.522592680951206
0.500550178183063
0.4836815910426884
0.4836815910426884
0.4836815910426884
0.45954088230118384
0.45954048073289633
0.45939849285665824
0.45939849285665824
0.45939849285665824
0.45547793952855276
0.4406083220360566
0.44043313314591503
0.3918972202277433
0.3918972202277433
0.3918972202277433
0.38635857811402985
0.3858382168804677
0.3858382168804677
0.3858382168804677
0.37731271746733297
0.37731271746733297
0.37731271746733297
0.3738673229458259
0.37177495949325456
0.37177495949325456
0.37177495949325456
0.36782171532177066
0.3524445267823022
0.34350857025407944
0.33188895796423923
0.28593908944695356
0.25901456432810366
0.258861015598686
0.258861015598686
0.25710363667761793
0.2571026567759167
0.2054723539041563
0.2054723539041563
0.17832305251128466
0.17832305251128466
0.17832305251128466
0.17832305251128466
0.17832305251128466
0.17832305251128466
0.17440557288316139
0.17440557288316139
0.16795298832964445
0.16751836003668796
0.16722582582563972
0.16722582582563972
0.16530573688497596
0.16530573688497596
0.16530573688497596
0.1644153698590296
0.16406872672376915
0.16406872672376915
0.16406872672376915
0.16406872672376915
0.16395036154332054
0.16395036154332054
0.15904710632006547
0.15904710632006547
0.15904710632006547
0.15904710632006547
0.145843691398597
0.145843691398597
0.1411460323539101
0.1411460323539101
0.1411460323539101
0.1400505118080435
0.1382395986733368
0.1382395986733368
0.1382395986733368
0.12477714608136825
0.124652171529405
0.124652171529405
0.124652171529405
0.12465055528670999
0.12465055528670999
0.12462759033880633
0.12448136319786307
0.12448136319786307
0.12439011357626784
0.10413834748133521
0.09720179389514616
0.08815138742436868
0.08815138742436868
0.0881313350649836
0.0876217110697004
0.07275139282483178
0.06259047126981121
0.06256905201284013
0.05505615280945497
0.05482130261843787
0.05482130261843787
0.05482130261843787
0.054795917310680786
0.05479297779420289
0.05479297779420289
0.05326382767911664
0.04324131661512376
0.04324131661512376
0.04294291208147827
0.04294291208147827
0.04294291208147827
0.04294291208147827
0.04294291208147827
0.042749373775688215
0.042749373775688215
0.04265713712057051
0.042449817602119966
0.042449817602119966
0.04244963628390108
0.04159538704799415
0.03983926226628676
0.03983876592576363
0.03983876592576363
0.03983876592576363
0.0397657384682325
0.038559337601165256
0.038559337601165256
0.03847987912819606
0.02834342891580488
0.02829322687292557
0.02829322687292557
0.028286334960143877
0.027517183632783992
0.027517183632783992
0.02652284703548813
0.02652284703548813
0.026522483015820497
0.026327974055113668
0.025095520000325222
0.024936498644094862
0.024936285793282997
0.024936285793282997
0.024935393507303782
0.02490698377038214
0.02490698377038214
0.02468644191474323
0.024686339973636118
0.02468457505691868
0.02468457505691868
0.024182800855713116
0.024182800855713116
0.024182800855713116
0.024151325125041034
0.02409573388492725
0.02409573388492725
0.02408848441994349
0.02408848441994349
0.02408848441994349
0.02408848441994349
0.0239797330623569
0.023975507448693256
0.022912594527222274
0.022898245471668743
0.02289420548350707
0.022881059875582865
0.022881059875582865
0.022881059875582865
0.022881059875582865
0.022880776262942826
0.022880776262942826
0.022880776262942826
0.022880776262942826
0.022725644911533283
0.022724934635999672
0.01855200153208525
0.01855200153208525
0.018546883444661377
0.018543630551831725
0.018543630551831725
0.018543630551831725
0.018543630551831725
0.005593315180043135
0.0049375280692254275
0.004933804764640004
0.004917418952548713
0.004917418952548713
0.004917412731977322
0.004917412731977322
0.00491228622430695
0.00491228622430695
0.004629975693196786
0.004629975693196786
0.004629975693196786
0.004629975693196786
0.004629975693196786
0.004629712975746103
0.004629322906377964
0.004556616742385722
0.004555610540259547
0.004303029978656059
0.0042882617743429385
0.0042882617743429385
0.004276950686288972
0.0039979457993031264
0.003997236051760944
0.003997236051760944
0.003924210693005636
0.003920460208879706
0.003920312458758901
0.003920243729494843
0.003800850750111495
0.003422909136317487
0.0033122989792645496
0.0032070088050212275
0.0032070088050212275
0.0032070088050212275
0.0031392835284700382
0.0031392833190220237
0.0031392548272667353
0.0031392548272667353
0.0031392548272667353
0.0031392548272667353
0.0031392548272667353
0.0031392548272667353
0.003139244184708012
0.003139244184708012
0.0031390175340286763
0.0030882815839398114
0.0025105001298729723
0.002510474533871543
0.002510474321214984
0.002510474321214984
0.002510473951970904
0.002510473951970904
0.002510473951970904
0.002510473951970904
0.002510473951970904
0.002510473951970904
0.002236931663169295
0.0022361504645562746
0.0022361440418589007
0.0017621829731528926
0.0012903040310785485
0.0012903040310785485
0.0012834248762193523
0.0012834248762193523
0.0012834248762193523
0.0012834248762193523
0.0012834248762193523
0.0012809832414460987
0.000980758394347303
0.000980758394347303
0.000980758394347303
0.000980367553768402
0.0007829278844776466
0.0007829135759597206
0.0007648929275718697
0.0007648929275718697
0.0007648928119101672
0.0007648928119101672
0.0007648928119101672
0.0007647718816636839
0.0007647718816636839
0.0007647718816636839
0.0007647561207008158
0.0007550640047442325
0.0007550640047442325
0.0006853295828362915
0.0006370731806291108
0.0006370731806291108
0.0006312771064749256
0.0006312771064749256
0.0006312771064749256
0.0005767021145587359
0.0005767014685171823
0.0005767014685171823
0.0005756637511281637
0.0005275510473484735
0.0005269577699845707
0.0005269577699845707
0.0005269577699845707
0.0005269577699845707
0.0005269577699845707
0.0005269576324001823
0.00030359816405411966
0.00030350517269839283
0.000124365390326453
0.000124365390326453
0.000124365390326453
8.095140644315268e-05
8.095140644315268e-05
8.095140644315268e-05
8.095136588803786e-05
7.9537668330798e-05
7.952282467371674e-05
7.952282467371674e-05
7.952282467371674e-05
7.952282467371674e-05
7.952282467371674e-05
7.926622643605885e-05
7.919562609370878e-05
7.881713422686065e-05
7.881713422686065e-05
7.533769492784614e-05
7.52243546593423e-05
7.503772838224343e-05
7.503772838224343e-05
7.503772838224343e-05
7.496866565948057e-05
7.46518305888566e-05
7.46518305888566e-05
7.453739767870893e-05
7.31236407227609e-05
7.31236407227609e-05
7.312358439715005e-05
7.31223914346435e-05
7.31223914346435e-05
7.31050837526892e-05
7.30425677111235e-05
7.303213870268888e-05
7.303213870268888e-05
7.303213870268888e-05
7.303209505982178e-05
7.303209505982178e-05
7.303209505982178e-05
7.303005270353768e-05
7.282115178508519e-05
7.282115178508519e-05
7.282115178508519e-05
7.282115178508519e-05
7.281976617301567e-05
7.281351047183637e-05
7.28107045502302e-05
7.28107045502302e-05
7.28107045502302e-05
7.280867662884383e-05
7.280867662884383e-05
7.280866294201438e-05
7.240380826445403e-05
7.239864517594174e-05
7.239809066494907e-05
6.982673512423432e-05
6.982673512423432e-05
6.982673512423432e-05
6.982673512423432e-05
6.982673512423432e-05
6.982663907362241e-05
6.971204302474998e-05
6.971204302474998e-05
6.971204302474998e-05
6.971201010752548e-05
6.969303032522411e-05
6.969303032522411e-05
6.955663207519613e-05
6.955663207519613e-05
6.955663207519613e-05
6.955663207519613e-05
6.953839495948966e-05
6.953839495948966e-05
6.953839495948966e-05
6.951295708124139e-05
6.951295708124139e-05
6.951295708124139e-05
6.951295708124139e-05
6.951295708124139e-05
6.951295708124139e-05
6.925798242862768e-05
6.925367516374958e-05
6.925367516374958e-05
6.896674815615178e-05
6.896674815615178e-05
6.896595363159452e-05
6.896402416667335e-05
6.894472191676382e-05
6.886177657483561e-05
6.886177657483561e-05
6.886171608599945e-05
6.885651158072825e-05
6.885651158072825e-05
6.885614420415465e-05
6.885600356743016e-05
6.885600356743016e-05
6.885600356743016e-05
6.885600356743016e-05
6.475116715687346e-05
6.47320613906821e-05
6.47320613906821e-05
6.47320613906821e-05
6.47320613906821e-05
6.47320613906821e-05
6.47320613906821e-05
6.47320613906821e-05
6.47320613906821e-05
6.47320613906821e-05
6.47320613906821e-05
6.47320613906821e-05
5.129701532269326e-05
5.128225303319134e-05
5.127439603369588e-05
5.126720369097448e-05
5.126708640168509e-05
5.1243647110843504e-05
5.1243647110843504e-05
5.1243647110843504e-05
5.1243647110843504e-05
5.124364457720354e-05
5.124364457720354e-05
5.124364457720354e-05
5.1080643055145813e-05
5.10802741363614e-05
5.108014479338063e-05
5.108014479338063e-05
5.107685918881444e-05
5.107472445264882e-05
2.7617244774291727e-05
2.7614265227349222e-05
2.7534138913432038e-05
2.7465761086475915e-05
2.7461763593472632e-05
2.7461763593472632e-05
2.7461401387429696e-05
2.7460954782010383e-05
2.7460954782010383e-05
2.7460954782010383e-05
2.7457948354903117e-05
2.7457932286756304e-05
2.7457932286756304e-05
2.745673001236515e-05
2.745163165129849e-05
2.7445413838811383e-05
2.7445413838811383e-05
2.7442145877021318e-05
2.7441489712121125e-05
2.7363445987083068e-05
2.7363432193894255e-05
2.7363432193894255e-05
2.7362940072328534e-05
2.732035087549267e-05
2.7319563731920127e-05
2.7319563731920127e-05
2.7319563731920127e-05
2.7319510575218864e-05
2.731950902956637e-05
2.7301575075133755e-05
2.7301575075133755e-05
2.7301575075133755e-05
2.7301156874104393e-05
2.717684898068118e-05
2.717684898068118e-05
2.717658839457293e-05
2.717658839457293e-05
2.7176549590612886e-05
2.7176549466711997e-05
2.7176549126206595e-05
2.7176549126206595e-05
2.7176549126206595e-05
2.717651498984619e-05
2.717651498984619e-05
2.717651498984619e-05
2.717651498984619e-05
2.717651265893295e-05
2.7145169463560492e-05
2.7145169463560492e-05
2.7145169463560492e-05
1.1738670640637494e-05
1.1738670640637494e-05
1.1738670640637494e-05
1.1738670640637494e-05
1.173841457668967e-05
1.173841457668967e-05
1.173841457668967e-05
1.173841457668967e-05
1.173841457668967e-05
1.173751674432566e-05
1.173751674432566e-05
2.9088560652423823e-06
2.908854295546881e-06
2.908030730663924e-06
2.9080122250224605e-06
2.9080122250224605e-06
2.902581514141467e-06
2.9025088715828318e-06
2.9025088715828318e-06
2.9020503200527514e-06
2.896654793138609e-06
2.896654793138609e-06
2.8966546418152106e-06
2.8966282265008303e-06
2.8966282132891763e-06
2.896581322242575e-06
2.896581322242575e-06
2.896581322242575e-06
2.8693083575781486e-06
2.8693080419417427e-06
2.8692978121247492e-06
2.869045253706126e-06
2.8689691587979738e-06
2.8689691587979738e-06
2.8689691587979738e-06
2.8689691587979738e-06
2.8689691587979738e-06
2.8689691587979738e-06
2.8689691587979738e-06
2.8689691587979738e-06
2.8685730092403716e-06
2.868572706149486e-06
2.8685368559377977e-06
2.868533920286076e-06
2.868533920286076e-06
2.868533920286076e-06
2.868486833285111e-06
2.868486833285111e-06
2.868486833285111e-06
2.868486833285111e-06
2.868486833285111e-06
2.868486833285111e-06
2.868486833285111e-06
2.868486833285111e-06
9.481225692331563e-07
9.480887396273729e-07
9.480886294932489e-07
9.479489138097819e-07
6.220425982084166e-07
6.220425982084166e-07
6.220425973202381e-07
6.220425973202381e-07
6.22042234610376e-07
6.220422313907292e-07
1.7995372780799102e-07
1.799503235311306e-07
1.7993875578437013e-07
1.7993875578437013e-07
1.7944686081516892e-07
1.7944658781132716e-07
1.7944658781132716e-07
1.7944658781132716e-07
1.793772758107437e-07
1.7934394214158544e-07
1.7934394214158544e-07
1.7934394214158544e-07
1.7934394214158544e-07
1.7934394214158544e-07
1.7934390572627024e-07
1.793438676456205e-07
1.793438676456205e-07
1.793438676456205e-07
1.793438676456205e-07
1.793438676456205e-07
1.793433449526205e-07
1.793433449526205e-07
1.793433449526205e-07
1.793433449526205e-07
1.793433449526205e-07
1.793433449526205e-07
1.793433449526205e-07
1.7934090967841598e-07
1.6989548889956296e-07
1.6989455009497334e-07
1.6989455009497334e-07
1.6989454920679492e-07
1.6986504569604932e-07
1.6983086736921393e-07
1.6983086736921393e-07
1.6979757722079825e-07
1.6979757722079825e-07
1.6979736539024515e-07
1.6979736539024515e-07
1.6932149260462381e-07
1.6932149260462381e-07
1.693214780607022e-07
1.693213748099609e-07
1.693213748099609e-07
1.693213748099609e-07
1.628263972541788e-07
1.6279658976436906e-07
1.6279658976436906e-07
1.6279658976436906e-07
1.6279396097829135e-07
1.6279395764762228e-07
1.6279395764762228e-07
1.6279395675944386e-07
1.627939536508194e-07
1.627939536508194e-07
1.627939536508194e-07
1.6278179670869974e-07
1.6277879077986057e-07
1.624529273325237e-07
1.624529273325237e-07
1.624529233357208e-07
1.624451724246967e-07
1.624450868265015e-07
1.6244500500306458e-07
1.6244500500306458e-07
1.6060826979469311e-07
1.6060826979469311e-07
1.6060826979469311e-07
1.6060711260923455e-07
1.605963665385346e-07
1.605963665385346e-07
1.6059566942949743e-07
1.6059460017370242e-07
1.6059460017370242e-07
1.6059431784398726e-07
1.6059431784398726e-07
1.6059431784398726e-07
1.6059395613332583e-07
1.6059395613332583e-07
1.6059395546719202e-07
1.605906451151995e-07
1.605906451151995e-07
1.605906450041772e-07
1.6052412088463086e-07
5.545295211906165e-08
5.54487524784264e-08
5.54487524784264e-08
5.544512593491646e-08
5.544512593491646e-08
5.544512593491646e-08
5.544512593491646e-08
5.544512593491646e-08
5.5439529189627024e-08
5.5439529189627024e-08
5.543937753316186e-08
5.543879066927104e-08
5.543878700553506e-08
5.543869230351106e-08
5.543749059810921e-08
5.543741665725577e-08
5.543741665725577e-08
5.543735825952467e-08
5.543731851354039e-08
5.5415406596814876e-08
5.5415406596814876e-08
5.5415406596814876e-08
5.3483542372667614e-08
5.3483542372667614e-08
5.348353415701723e-08
5.348353415701723e-08
5.348353415701723e-08
5.348353415701723e-08
5.3483522166608566e-08
5.3483522166608566e-08
5.34834649901228e-08
5.348343945499323e-08
5.076151343708091e-08
5.076151343708091e-08
5.076151343708091e-08
5.076149423022258e-08
5.076149423022258e-08
5.0761489456263575e-08
5.072789432958302e-08
5.0727891776070066e-08
5.072778774817266e-08
5.072778097581221e-08
5.071608433215857e-08
5.0716083555002456e-08
5.0707274379391265e-08
5.0658497841027383e-08
5.0658488959243186e-08
5.0658488959243186e-08
5.0658488515153977e-08
5.065692831873747e-08
5.065692831873747e-08
5.0656928096692866e-08
5.0656928096692866e-08
5.0656928096692866e-08
5.065692731953675e-08
5.065692731953675e-08
5.0608840895804974e-08
5.0605428403294184e-08
5.060534524758964e-08
5.060533680989465e-08
5.0605336476827745e-08
5.0605336476827745e-08
5.0604136325738125e-08
5.060411445434454e-08
5.060411445434454e-08
5.049101858833893e-08
5.049101625687058e-08
5.049054097039374e-08
5.049054097039374e-08
5.049054097039374e-08
5.049054097039374e-08
5.0490502001565574e-08
5.049049278671447e-08
5.0480100988181675e-08
5.048010076613707e-08
5.048010065511477e-08
5.0479628477262395e-08
5.0479628477262395e-08
5.04529429345979e-08
5.04529429345979e-08
5.04529429345979e-08
5.045263828939994e-08
5.045263828939994e-08
5.045263828939994e-08
5.045263584690929e-08
5.045259909852717e-08
5.04525777822451e-08
5.0452575672821354e-08
5.0452575672821354e-08
5.0452575672821354e-08
5.0449427968501936e-08
5.0449427968501936e-08
5.0449427413390424e-08
5.0449427413390424e-08
5.0449427413390424e-08
5.0449427413390424e-08
5.0449427413390424e-08
5.044941653320478e-08
5.044941653320478e-08
9.86301706973336e-10
9.86301706973336e-10
9.863012628841261e-10
9.862975991481449e-10
9.862975991481449e-10
9.862975991481449e-10
9.862975991481449e-10
9.862975991481449e-10
9.862975991481449e-10
9.862975991481449e-10
9.862975991481449e-10
9.862974881258424e-10
9.815515067401748e-10
9.81550618561755e-10
9.815459556250516e-10
9.815331880602685e-10
9.815331880602685e-10
3.6721947704876357e-10
3.6721947704876357e-10
3.6721892193725125e-10
3.6721892193725125e-10
3.6721892193725125e-10
3.672170345581094e-10
3.671671855443037e-10
3.671671855443037e-10
3.6708835970955533e-10
3.6708802664264795e-10
3.6708802664264795e-10
3.6466851760508234e-10
3.6466851760508234e-10
3.6466851760508234e-10
3.6466851760508234e-10
3.6466851760508234e-10
2.650989427976924e-10
2.650989427976924e-10
2.650989427976924e-10
2.650989427976924e-10
2.650989427976924e-10
2.650983876861801e-10
2.650983876861801e-10
2.650983876861801e-10
2.650983876861801e-10
2.650983876861801e-10
2.650983876861801e-10
2.650983876861801e-10
2.650983876861801e-10
2.650983876861801e-10
2.650983876861801e-10
2.650983876861801e-10
2.650983876861801e-10
2.650983876861801e-10
2.6506208339327486e-10
2.6506208339327486e-10
2.6506208339327486e-10
2.6506208339327486e-10
2.6506208339327486e-10
2.6506208339327486e-10
2.616781236142174e-10
2.616781236142174e-10
2.616781236142174e-10
2.6167767952500753e-10
2.6167767952500753e-10
2.616566963098421e-10
2.616566963098421e-10
2.616566963098421e-10
2.616566963098421e-10
2.616564742652372e-10
2.616564742652372e-10
2.616561411983298e-10
2.5858071239781566e-10
2.5858071239781566e-10
2.574512825148645e-10
2.574512825148645e-10
2.574512825148645e-10
2.574512825148645e-10
2.574512825148645e-10
2.574512825148645e-10
2.574512825148645e-10
2.574512825148645e-10
2.574512825148645e-10
2.5745083842565464e-10
2.5742319387234147e-10
2.5742319387234147e-10
2.5742297182773655e-10
2.5742297182773655e-10
2.5742297182773655e-10
2.5742297182773655e-10
2.5742297182773655e-10
2.5742297182773655e-10
2.5742297182773655e-10
2.5742297182773655e-10
2.5742297182773655e-10
2.5742297182773655e-10
2.5580582097006754e-10
2.5580582097006754e-10
2.5580582097006754e-10
2.5580582097006754e-10
2.5580582097006754e-10
2.5580582097006754e-10
2.2835366930706869e-10
2.2835366930706869e-10
2.258603304383655e-10
2.258603304383655e-10
2.258603304383655e-10
2.258603304383655e-10
2.258603304383655e-10
2.258603304383655e-10
2.258603304383655e-10
2.258603304383655e-10
2.258603304383655e-10
2.258603304383655e-10
2.2583079850591048e-10
2.2583057646130555e-10
2.2583057646130555e-10
2.2583057646130555e-10
2.2583057646130555e-10
2.2583057646130555e-10
2.2582991032749078e-10
2.2582991032749078e-10
2.2582991032749078e-10
2.2582991032749078e-10
2.2582991032749078e-10
2.2582991032749078e-10
2.2582991032749078e-10
2.2582991032749078e-10
2.2582991032749078e-10
2.2582991032749078e-10
2.2582991032749078e-10
2.2582991032749078e-10
2.2582991032749078e-10
2.2582991032749078e-10
2.2582991032749078e-10
2.2582991032749078e-10
2.2582991032749078e-10
2.2580304293029485e-10
2.2512858244283507e-10
2.2512858244283507e-10
2.251284714205326e-10
2.251284714205326e-10
2.2448598535618203e-10
2.244852082000648e-10
2.244852082000648e-10
2.244852082000648e-10
2.244852082000648e-10
2.244852082000648e-10
2.2303259239464523e-10
2.2303259239464523e-10
2.2302959479247875e-10
2.2302959479247875e-10
2.2302959479247875e-10
2.2302959479247875e-10
2.2302959479247875e-10
2.2302959479247875e-10
2.2302959479247875e-10
2.2302959479247875e-10
2.2302959479247875e-10
2.2302959479247875e-10
2.2302926172557136e-10
2.2302926172557136e-10
2.230172713169054e-10
2.230172713169054e-10
2.230172713169054e-10
2.230172713169054e-10
2.230172713169054e-10
2.230172713169054e-10
2.230172713169054e-10
2.230172713169054e-10
2.230172713169054e-10
2.230172713169054e-10
2.230172713169054e-10
2.230172713169054e-10
2.230172713169054e-10
2.230172713169054e-10
2.230172713169054e-10
2.230172713169054e-10
2.230172713169054e-10
2.230172713169054e-10
2.230172713169054e-10
2.230172713169054e-10
2.230172713169054e-10
2.230172713169054e-10
2.230172713169054e-10
2.230172713169054e-10
2.230172713169054e-10
2.230172713169054e-10
2.230172713169054e-10
2.230172713169054e-10
2.230172713169054e-10
2.230172713169054e-10
2.230172713169054e-10
2.230172713169054e-10
2.230172713169054e-10
2.230172713169054e-10
2.2301693824999802e-10
2.2301682722769556e-10
2.2301682722769556e-10
2.2301682722769556e-10
2.2301682722769556e-10
2.2301682722769556e-10
2.2301682722769556e-10
2.2301682722769556e-10
2.2301682722769556e-10
2.2301682722769556e-10
2.2301682722769556e-10
2.2301682722769556e-10
2.2301649416078817e-10
2.23015494960066e-10
2.23015494960066e-10
2.23015494960066e-10
2.23015494960066e-10
2.23015494960066e-10
2.23015494960066e-10
2.23015494960066e-10
2.23015494960066e-10
2.23015494960066e-10
2.23015494960066e-10
2.23015494960066e-10
2.23015494960066e-10
2.23015494960066e-10
2.23015494960066e-10
2.23015494960066e-10
2.23015494960066e-10
2.23015494960066e-10
2.23015494960066e-10
2.23015494960066e-10
2.23015494960066e-10
2.23015494960066e-10
2.23015494960066e-10
2.23015494960066e-10
2.23015494960066e-10
2.23015494960066e-10
2.23015494960066e-10
2.23015494960066e-10
2.23015494960066e-10
2.23015494960066e-10
2.23015494960066e-10
2.23015494960066e-10
2.23015494960066e-10
2.23015494960066e-10
2.23015494960066e-10
2.2301505087085616e-10
2.2301505087085616e-10
2.2301505087085616e-10
2.2301505087085616e-10
2.2301505087085616e-10
2.230113871348749e-10
2.2301116509026997e-10
2.2301116509026997e-10
2.2295498780522394e-10
2.2295498780522394e-10
2.2295498780522394e-10
2.2295498780522394e-10
2.2295498780522394e-10
2.2295498780522394e-10
2.2295498780522394e-10
2.2295498780522394e-10
2.22954765760619e-10
2.2295465473831655e-10
2.2295465473831655e-10
2.2295465473831655e-10
2.2295465473831655e-10
2.2295465473831655e-10
2.2295465473831655e-10
2.2295465473831655e-10
2.2295465473831655e-10
2.2295465473831655e-10
2.2295465473831655e-10
2.2295465473831655e-10
2.2295465473831655e-10
2.2295465473831655e-10
2.2295432167140916e-10
2.2295432167140916e-10
2.2295432167140916e-10
2.2295432167140916e-10
2.2295432167140916e-10
2.2295432167140916e-10
2.2295432167140916e-10
2.2295432167140916e-10
2.229542106491067e-10
2.229542106491067e-10
2.229542106491067e-10
2.229542106491067e-10
2.229542106491067e-10
2.229542106491067e-10
2.229542106491067e-10
2.229542106491067e-10
2.229542106491067e-10
2.229542106491067e-10
2.229542106491067e-10
2.229542106491067e-10
2.229542106491067e-10
2.229542106491067e-10
2.229542106491067e-10
2.229542106491067e-10
2.229542106491067e-10
2.229542106491067e-10
2.229542106491067e-10
2.229542106491067e-10
2.229542106491067e-10
2.229542106491067e-10
2.229542106491067e-10
2.229542106491067e-10
2.229542106491067e-10
2.229542106491067e-10
2.229542106491067e-10
2.229542106491067e-10
2.229542106491067e-10
2.229542106491067e-10
2.229542106491067e-10
2.229542106491067e-10
2.229542106491067e-10
2.229542106491067e-10
2.229542106491067e-10
2.229542106491067e-10
2.229542106491067e-10
2.229542106491067e-10
2.229542106491067e-10
2.229542106491067e-10
2.229542106491067e-10
2.229542106491067e-10
2.229542106491067e-10
2.229542106491067e-10
2.229542106491067e-10
2.229542106491067e-10
2.229542106491067e-10
2.229542106491067e-10
2.229542106491067e-10
2.229542106491067e-10
2.229542106491067e-10
2.229542106491067e-10
2.229542106491067e-10
2.229542106491067e-10
2.229542106491067e-10
2.229542106491067e-10
2.229542106491067e-10
2.229542106491067e-10
2.229542106491067e-10
2.229542106491067e-10
2.229542106491067e-10
2.229542106491067e-10
2.229542106491067e-10
2.229542106491067e-10
2.229542106491067e-10
2.229542106491067e-10
2.229542106491067e-10
2.229542106491067e-10
2.229542106491067e-10
2.229542106491067e-10
2.229542106491067e-10
2.229542106491067e-10
2.229542106491067e-10
2.229542106491067e-10
2.229542106491067e-10
2.229542106491067e-10
2.229542106491067e-10
2.229542106491067e-10
2.229542106491067e-10
2.229542106491067e-10
2.229542106491067e-10
2.229542106491067e-10
2.229542106491067e-10
2.229542106491067e-10
2.229542106491067e-10
2.229542106491067e-10
2.229542106491067e-10
2.229542106491067e-10
2.229542106491067e-10
2.229542106491067e-10
2.229542106491067e-10
2.229542106491067e-10
2.229542106491067e-10
2.229542106491067e-10
2.229542106491067e-10
2.229542106491067e-10
2.229542106491067e-10
2.229542106491067e-10
2.229542106491067e-10
2.229542106491067e-10
2.229542106491067e-10
2.229542106491067e-10
2.229542106491067e-10
2.229542106491067e-10
2.229542106491067e-10
2.229542106491067e-10
2.229542106491067e-10
2.229542106491067e-10
2.229542106491067e-10
2.229542106491067e-10
2.229542106491067e-10
2.229542106491067e-10
2.229542106491067e-10
2.229542106491067e-10
2.229542106491067e-10
2.229542106491067e-10
2.229542106491067e-10
2.229542106491067e-10
2.229542106491067e-10
2.229542106491067e-10
2.229542106491067e-10
2.229542106491067e-10
2.229542106491067e-10
2.229542106491067e-10
2.229542106491067e-10
2.229542106491067e-10
2.229542106491067e-10
2.229542106491067e-10
2.229542106491067e-10
2.229542106491067e-10
2.229542106491067e-10
2.229542106491067e-10
2.229542106491067e-10
2.229542106491067e-10
2.229542106491067e-10
2.229542106491067e-10
2.229542106491067e-10
2.229542106491067e-10
2.229542106491067e-10
2.229542106491067e-10
2.229542106491067e-10
2.229542106491067e-10
2.229542106491067e-10
2.229542106491067e-10
2.229542106491067e-10
2.229542106491067e-10
2.229542106491067e-10
2.229542106491067e-10
2.229542106491067e-10
2.229542106491067e-10
2.229542106491067e-10
2.229542106491067e-10
2.229542106491067e-10
2.229542106491067e-10
2.229542106491067e-10
2.229542106491067e-10
2.229542106491067e-10
2.229542106491067e-10
2.229542106491067e-10
2.229542106491067e-10
2.229542106491067e-10
2.229542106491067e-10
2.229542106491067e-10
2.229542106491067e-10
2.229542106491067e-10
2.229542106491067e-10
2.229542106491067e-10
2.229542106491067e-10
2.229542106491067e-10
2.229542106491067e-10
2.229542106491067e-10
2.229542106491067e-10
2.229542106491067e-10
2.229542106491067e-10
2.229542106491067e-10
2.229542106491067e-10
2.229542106491067e-10
7.254519207577914e-11
7.254519207577914e-11
7.254519207577914e-11
7.254519207577914e-11
7.254519207577914e-11
7.254519207577914e-11
7.254519207577914e-11
7.254519207577914e-11
7.254519207577914e-11
7.254519207577914e-11
7.254519207577914e-11
7.254519207577914e-11
7.254519207577914e-11
7.254519207577914e-11
7.254519207577914e-11
7.254519207577914e-11
7.254519207577914e-11
7.254519207577914e-11
7.254519207577914e-11
7.254519207577914e-11
7.254519207577914e-11
7.254519207577914e-11
7.254519207577914e-11
7.254519207577914e-11
7.254519207577914e-11
7.254519207577914e-11
7.254519207577914e-11
7.254519207577914e-11
7.254519207577914e-11
7.254430389735944e-11
7.254430389735944e-11
7.254430389735944e-11
7.254430389735944e-11
7.254430389735944e-11
7.254430389735944e-11
7.254430389735944e-11
7.254430389735944e-11
7.254430389735944e-11
7.254430389735944e-11
7.254430389735944e-11
7.254385980814959e-11
7.254385980814959e-11
7.254385980814959e-11
7.254385980814959e-11
7.254385980814959e-11
7.254385980814959e-11
7.254385980814959e-11
7.254385980814959e-11
7.254385980814959e-11
7.254385980814959e-11
7.254385980814959e-11
7.254385980814959e-11
7.254385980814959e-11
7.254385980814959e-11
7.254385980814959e-11
4.289280042257815e-11
4.289280042257815e-11
4.289280042257815e-11
4.289280042257815e-11
4.289280042257815e-11
4.289280042257815e-11
4.289280042257815e-11
4.289280042257815e-11
4.289280042257815e-11
4.289280042257815e-11
4.289280042257815e-11
4.289280042257815e-11
4.289280042257815e-11
4.289280042257815e-11
4.289280042257815e-11
4.289280042257815e-11
4.289280042257815e-11
4.289280042257815e-11
4.289280042257815e-11
4.289280042257815e-11
4.289280042257815e-11
4.289280042257815e-11
4.289280042257815e-11
4.289280042257815e-11
4.289280042257815e-11
4.289280042257815e-11
4.289280042257815e-11
4.289280042257815e-11
4.289280042257815e-11
4.289280042257815e-11
4.289280042257815e-11
4.289280042257815e-11
4.289280042257815e-11
4.289280042257815e-11
4.289280042257815e-11
4.289280042257815e-11
4.289280042257815e-11
4.289280042257815e-11
4.289280042257815e-11
4.289280042257815e-11
4.289280042257815e-11
4.289280042257815e-11
4.289280042257815e-11
4.289280042257815e-11
4.289280042257815e-11
4.289280042257815e-11
4.289280042257815e-11
4.289280042257815e-11
4.289280042257815e-11
4.289280042257815e-11
4.289280042257815e-11
4.289280042257815e-11
4.289280042257815e-11
4.289280042257815e-11
4.289280042257815e-11
4.289280042257815e-11
4.289280042257815e-11
4.289280042257815e-11
4.289280042257815e-11
4.289280042257815e-11
4.289280042257815e-11
4.289280042257815e-11
4.289280042257815e-11
4.289280042257815e-11
4.289280042257815e-11
7.48312523057848e-12
7.483014208276018e-12
7.483014208276018e-12
7.483014208276018e-12
7.483014208276018e-12
7.483014208276018e-12
7.483014208276018e-12
7.483014208276018e-12
7.483014208276018e-12
7.483014208276018e-12
7.483014208276018e-12
7.483014208276018e-12
7.483014208276018e-12
7.483014208276018e-12
7.483014208276018e-12
7.483014208276018e-12
7.483014208276018e-12
7.483014208276018e-12
7.483014208276018e-12
7.483014208276018e-12
7.483014208276018e-12
7.483014208276018e-12
7.483014208276018e-12
7.483014208276018e-12
7.483014208276018e-12
7.483014208276018e-12
7.483014208276018e-12
7.483014208276018e-12
7.483014208276018e-12
7.483014208276018e-12
7.483014208276018e-12
7.483014208276018e-12
7.483014208276018e-12
7.483014208276018e-12
7.483014208276018e-12
7.483014208276018e-12
7.483014208276018e-12
1.5757395388504847e-12
4.8183679268731794e-14
4.8183679268731794e-14
4.8183679268731794e-14
4.8183679268731794e-14
4.8183679268731794e-14
4.807265696626928e-14
4.807265696626928e-14
4.807265696626928e-14
4.807265696626928e-14
4.807265696626928e-14
4.807265696626928e-14
4.807265696626928e-14
4.807265696626928e-14
4.807265696626928e-14
4.807265696626928e-14
4.807265696626928e-14
4.807265696626928e-14
4.807265696626928e-14
4.807265696626928e-14
4.807265696626928e-14
4.807265696626928e-14
4.807265696626928e-14
4.807265696626928e-14
4.807265696626928e-14
4.807265696626928e-14
4.807265696626928e-14
4.807265696626928e-14
4.807265696626928e-14
4.807265696626928e-14
4.807265696626928e-14
4.807265696626928e-14
4.807265696626928e-14
4.807265696626928e-14
4.807265696626928e-14
4.807265696626928e-14
4.807265696626928e-14
4.807265696626928e-14
4.807265696626928e-14
4.807265696626928e-14
4.807265696626928e-14
4.807265696626928e-14
4.807265696626928e-14
4.807265696626928e-14
4.807265696626928e-14
4.807265696626928e-14
4.807265696626928e-14
4.807265696626928e-14
4.807265696626928e-14
4.807265696626928e-14
4.807265696626928e-14
4.807265696626928e-14
4.807265696626928e-14
4.807265696626928e-14
4.807265696626928e-14
4.807265696626928e-14
4.807265696626928e-14
4.807265696626928e-14
4.807265696626928e-14
4.807265696626928e-14
4.807265696626928e-14
4.807265696626928e-14
4.807265696626928e-14
4.807265696626928e-14
4.807265696626928e-14
4.807265696626928e-14
4.807265696626928e-14
4.807265696626928e-14
4.807265696626928e-14
4.807265696626928e-14
4.807265696626928e-14
4.807265696626928e-14
4.807265696626928e-14
4.807265696626928e-14
4.807265696626928e-14
4.807265696626928e-14
4.807265696626928e-14
4.807265696626928e-14
4.807265696626928e-14
4.807265696626928e-14
4.807265696626928e-14
4.807265696626928e-14
4.807265696626928e-14
4.807265696626928e-14
4.807265696626928e-14
4.807265696626928e-14
4.807265696626928e-14
4.807265696626928e-14
4.807265696626928e-14
4.807265696626928e-14
4.807265696626928e-14
4.807265696626928e-14
4.807265696626928e-14
4.807265696626928e-14
4.807265696626928e-14
4.807265696626928e-14
4.807265696626928e-14
4.807265696626928e-14
4.807265696626928e-14
4.807265696626928e-14
4.807265696626928e-14
4.807265696626928e-14
4.807265696626928e-14
4.807265696626928e-14
4.807265696626928e-14
4.807265696626928e-14
4.807265696626928e-14
4.807265696626928e-14
4.807265696626928e-14
4.807265696626928e-14
4.807265696626928e-14
4.807265696626928e-14
4.807265696626928e-14
4.807265696626928e-14
4.807265696626928e-14
4.807265696626928e-14
4.807265696626928e-14
4.807265696626928e-14
4.807265696626928e-14
4.75175454539567e-14
4.75175454539567e-14
4.75175454539567e-14
4.75175454539567e-14
4.75175454539567e-14
4.75175454539567e-14
4.75175454539567e-14
4.75175454539567e-14
4.75175454539567e-14
4.75175454539567e-14
4.75175454539567e-14
4.75175454539567e-14
4.75175454539567e-14
4.75175454539567e-14
4.75175454539567e-14
4.75175454539567e-14
4.75175454539567e-14
4.75175454539567e-14
4.75175454539567e-14
4.75175454539567e-14
4.75175454539567e-14
4.75175454539567e-14
4.75175454539567e-14
4.75175454539567e-14
4.75175454539567e-14
4.75175454539567e-14
4.75175454539567e-14
4.75175454539567e-14
4.75175454539567e-14
4.75175454539567e-14
4.75175454539567e-14
4.75175454539567e-14
4.75175454539567e-14
4.75175454539567e-14
4.75175454539567e-14
4.75175454539567e-14
4.75175454539567e-14
4.75175454539567e-14
4.75175454539567e-14
4.75175454539567e-14
4.75175454539567e-14
4.75175454539567e-14
4.75175454539567e-14
4.75175454539567e-14
4.75175454539567e-14
4.75175454539567e-14
4.75175454539567e-14
4.75175454539567e-14
4.75175454539567e-14
4.75175454539567e-14
4.75175454539567e-14
4.75175454539567e-14
4.75175454539567e-14
4.75175454539567e-14
4.75175454539567e-14
4.75175454539567e-14
4.75175454539567e-14
4.75175454539567e-14
4.75175454539567e-14
4.75175454539567e-14
4.75175454539567e-14
4.75175454539567e-14
4.75175454539567e-14
4.75175454539567e-14
4.75175454539567e-14
4.75175454539567e-14
4.75175454539567e-14
4.75175454539567e-14
4.75175454539567e-14
4.75175454539567e-14
4.75175454539567e-14
4.75175454539567e-14
4.75175454539567e-14
4.75175454539567e-14
4.75175454539567e-14
4.75175454539567e-14
4.75175454539567e-14
4.75175454539567e-14
4.75175454539567e-14
4.75175454539567e-14
4.75175454539567e-14
4.75175454539567e-14
4.75175454539567e-14
4.75175454539567e-14
4.75175454539567e-14
4.75175454539567e-14
4.75175454539567e-14
4.75175454539567e-14
4.75175454539567e-14
4.75175454539567e-14
4.75175454539567e-14
4.75175454539567e-14
4.75175454539567e-14
4.75175454539567e-14
4.75175454539567e-14
4.75175454539567e-14
4.75175454539567e-14
4.75175454539567e-14
4.75175454539567e-14
4.75175454539567e-14
4.75175454539567e-14
4.75175454539567e-14
4.75175454539567e-14
4.75175454539567e-14
4.75175454539567e-14
4.75175454539567e-14
4.75175454539567e-14
4.75175454539567e-14
4.75175454539567e-14
4.75175454539567e-14
4.75175454539567e-14
4.75175454539567e-14
4.75175454539567e-14
4.75175454539567e-14
4.75175454539567e-14
4.75175454539567e-14
4.75175454539567e-14
4.75175454539567e-14
4.75175454539567e-14
4.75175454539567e-14
4.75175454539567e-14
4.75175454539567e-14
4.75175454539567e-14
4.75175454539567e-14
4.75175454539567e-14
4.75175454539567e-14
4.75175454539567e-14
4.75175454539567e-14
4.75175454539567e-14
4.75175454539567e-14
4.75175454539567e-14
4.75175454539567e-14
4.75175454539567e-14
4.75175454539567e-14
4.75175454539567e-14
4.75175454539567e-14
4.75175454539567e-14
4.75175454539567e-14
4.75175454539567e-14
4.75175454539567e-14
4.75175454539567e-14
4.75175454539567e-14
4.75175454539567e-14
4.75175454539567e-14
4.75175454539567e-14
4.75175454539567e-14
4.75175454539567e-14
4.75175454539567e-14
4.75175454539567e-14
4.75175454539567e-14
4.75175454539567e-14
4.75175454539567e-14
4.75175454539567e-14
4.75175454539567e-14
4.75175454539567e-14
4.75175454539567e-14
4.75175454539567e-14
4.75175454539567e-14
4.75175454539567e-14
4.75175454539567e-14
4.75175454539567e-14
4.75175454539567e-14
4.75175454539567e-14
4.75175454539567e-14
2.886579864025407e-14
2.886579864025407e-14
2.886579864025407e-14
2.886579864025407e-14
2.886579864025407e-14
2.886579864025407e-14
2.886579864025407e-14
2.886579864025407e-14
2.886579864025407e-14
2.7200464103316335e-14
2.7200464103316335e-14
2.7200464103316335e-14
2.7200464103316335e-14
2.7200464103316335e-14
2.7200464103316335e-14
2.7200464103316335e-14
2.7200464103316335e-14
2.7200464103316335e-14
2.7200464103316335e-14
2.7200464103316335e-14
2.7200464103316335e-14
2.7200464103316335e-14
2.7200464103316335e-14
2.7200464103316335e-14
2.7200464103316335e-14
2.7200464103316335e-14
2.7200464103316335e-14
2.7200464103316335e-14
2.7200464103316335e-14
2.7200464103316335e-14
2.7200464103316335e-14
2.7200464103316335e-14
2.7200464103316335e-14
2.7200464103316335e-14
2.7200464103316335e-14
2.7200464103316335e-14
2.7200464103316335e-14
2.7200464103316335e-14
2.7200464103316335e-14
2.7200464103316335e-14
2.7200464103316335e-14
2.7200464103316335e-14
2.7200464103316335e-14
2.7200464103316335e-14
2.7200464103316335e-14
2.7200464103316335e-14
2.7200464103316335e-14
2.7200464103316335e-14
2.7200464103316335e-14
2.7200464103316335e-14
2.7200464103316335e-14
2.7200464103316335e-14
2.7200464103316335e-14
2.7200464103316335e-14
2.7200464103316335e-14
2.7200464103316335e-14
2.7200464103316335e-14
6.5503158452884236e-15
6.5503158452884236e-15
6.5503158452884236e-15
6.5503158452884236e-15
6.5503158452884236e-15
6.5503158452884236e-15
6.5503158452884236e-15
6.5503158452884236e-15
6.5503158452884236e-15
6.5503158452884236e-15
6.5503158452884236e-15
6.5503158452884236e-15
6.5503158452884236e-15
6.5503158452884236e-15
6.5503158452884236e-15
6.5503158452884236e-15
1.7763568394002505e-15
1.7763568394002505e-15
1.7763568394002505e-15
1.7763568394002505e-15
1.7763568394002505e-15
1.7763568394002505e-15
1.7763568394002505e-15
1.7763568394002505e-15
1.7763568394002505e-15
1.7763568394002505e-15
1.7763568394002505e-15
1.7763568394002505e-15
1.7763568394002505e-15
1.7763568394002505e-15
1.7763568394002505e-15
1.7763568394002505e-15
1.7763568394002505e-15
1.7763568394002505e-15
1.7763568394002505e-15
1.7763568394002505e-15
1.7763568394002505e-15
1.7763568394002505e-15
1.7763568394002505e-15
1.7763568394002505e-15
1.7763568394002505e-15
1.7763568394002505e-15
1.7763568394002505e-15
1.7763568394002505e-15
1.7763568394002505e-15
1.7763568394002505e-15
1.7763568394002505e-15
1.7763568394002505e-15
1.7763568394002505e-15
1.7763568394002505e-15
1.7763568394002505e-15
1.7763568394002505e-15
1.7763568394002505e-15
1.7763568394002505e-15
1.7763568394002505e-15
1.7763568394002505e-15
1.7763568394002505e-15
1.7763568394002505e-15
1.7763568394002505e-15
1.7763568394002505e-15
1.7763568394002505e-15
1.7763568394002505e-15
1.7763568394002505e-15
1.7763568394002505e-15
1.7763568394002505e-15
1.7763568394002505e-15
1.7763568394002505e-15
1.7763568394002505e-15
1.7763568394002505e-15
1.7763568394002505e-15
1.7763568394002505e-15
1.7763568394002505e-15
1.7763568394002505e-15
1.7763568394002505e-15
1.7763568394002505e-15
1.7763568394002505e-15
1.7763568394002505e-15
1.7763568394002505e-15
1.7763568394002505e-15
1.7763568394002505e-15
1.7763568394002505e-15
1.7763568394002505e-15
1.7763568394002505e-15
1.7763568394002505e-15
1.7763568394002505e-15
1.7763568394002505e-15
1.7763568394002505e-15
1.7763568394002505e-15
1.7763568394002505e-15
1.7763568394002505e-15
1.7763568394002505e-15
1.7763568394002505e-15
0.0
0.0
0.0
0.0
0.0
0.0
0.0
0.0
0.0
0.0
0.0
0.0
0.0
0.0
0.0
0.0
0.0
0.0
0.0
0.0
0.0
0.0
0.0
0.0
0.0
0.0
0.0
0.0
0.0
0.0
0.0
0.0
0.0
0.0
0.0
0.0
0.0
0.0
0.0
0.0
0.0
0.0
0.0
0.0
0.0
0.0
0.0
0.0
0.0
0.0
0.0
0.0
0.0
0.0
0.0
0.0
0.0
0.0
0.0
0.0
0.0
0.0
0.0
0.0
0.0
0.0
0.0
0.0
0.0
0.0
0.0
0.0
0.0
0.0
0.0
0.0
0.0
0.0
0.0
0.0
0.0
0.0
0.0
0.0
0.0
0.0
0.0
0.0
0.0
0.0
0.0
0.0
0.0
0.0
0.0
0.0
0.0
0.0
0.0
0.0
0.0
0.0
0.0
0.0
0.0
0.0
0.0
0.0
0.0
0.0
0.0
0.0
0.0
0.0
0.0
0.0
0.0
0.0
0.0
0.0
0.0
0.0
0.0
0.0
0.0
0.0
0.0
0.0
0.0
0.0
0.0
0.0
0.0
0.0
0.0
0.0
0.0
0.0
0.0
0.0
0.0
0.0
0.0
0.0
0.0
0.0
0.0
0.0
0.0
0.0
0.0
0.0
0.0
0.0
0.0
0.0
0.0
0.0
0.0
0.0
0.0
0.0
0.0
0.0
0.0
0.0
0.0
0.0
0.0
0.0
0.0
0.0
0.0
0.0
0.0
0.0
0.0
0.0
0.0
0.0
0.0
0.0
0.0
0.0
0.0
0.0
0.0
0.0
0.0
0.0
0.0
0.0
0.0
0.0
0.0
0.0
0.0
0.0
0.0
0.0
0.0
0.0
0.0
0.0
0.0
0.0
0.0
0.0
0.0
0.0
0.0
0.0
0.0
0.0
0.0
0.0
0.0
0.0
0.0
0.0
0.0
0.0
0.0
0.0
0.0
0.0
0.0
0.0
0.0
0.0
0.0
0.0
0.0
0.0
0.0
0.0
0.0
0.0
0.0
0.0
0.0
0.0
0.0
0.0
0.0
0.0
0.0
0.0
0.0
0.0
0.0
0.0
0.0
0.0
0.0
0.0
0.0
0.0
0.0
0.0
0.0
0.0
0.0
0.0
0.0
0.0
0.0
0.0
0.0
0.0
0.0
0.0
0.0
0.0
0.0
0.0
0.0
0.0
0.0
0.0
0.0
0.0
0.0
0.0
0.0
0.0
0.0
0.0
0.0
0.0
0.0
0.0
0.0
0.0
0.0
0.0
0.0
0.0
0.0
0.0
0.0
0.0
0.0
0.0
0.0
0.0
0.0
0.0
0.0
0.0
0.0
0.0
0.0
0.0
0.0
0.0
0.0
0.0
0.0
0.0
0.0
0.0
0.0
0.0
0.0
0.0
0.0
0.0
0.0
0.0
0.0
0.0
0.0
0.0
0.0
0.0
0.0
0.0
0.0
0.0
0.0
0.0
0.0
0.0
0.0
0.0
0.0
0.0
0.0
0.0
0.0
0.0
0.0
0.0
0.0
0.0
0.0
0.0
0.0
0.0
0.0
0.0
0.0
0.0
0.0
0.0
0.0
0.0
0.0
0.0
0.0
0.0
0.0
0.0
0.0
0.0
0.0
0.0
0.0
0.0
0.0
0.0
0.0
0.0
0.0
0.0
0.0
0.0
0.0
0.0
0.0
0.0
0.0
0.0
0.0
0.0
0.0
0.0
0.0
0.0
0.0
0.0
0.0
0.0
0.0
0.0
0.0
0.0
0.0
0.0
0.0
0.0
0.0
0.0
0.0
0.0
0.0
0.0
0.0
0.0
0.0
0.0
0.0
0.0
0.0
0.0
0.0
0.0
0.0
0.0
0.0
0.0
0.0
0.0
0.0
0.0
0.0
0.0
0.0
0.0
0.0
0.0
0.0
0.0
0.0
0.0
0.0
0.0
0.0
0.0
0.0
0.0
0.0
0.0
0.0
0.0
0.0
0.0
0.0
0.0
0.0
0.0
0.0
0.0
0.0
0.0
0.0
0.0
0.0
0.0
0.0
0.0
0.0
0.0
0.0
0.0
0.0
0.0
0.0
0.0
0.0
0.0
0.0
0.0
0.0
0.0
0.0
0.0
0.0
0.0
0.0
0.0
0.0
0.0
0.0
0.0
0.0
0.0
0.0
0.0
0.0
0.0
0.0
0.0
0.0
0.0
0.0
0.0
0.0
0.0
0.0
0.0
0.0
0.0
0.0
0.0
0.0
0.0
0.0
0.0
0.0
0.0
0.0
0.0
0.0
0.0
0.0
0.0
0.0
0.0
0.0
0.0
0.0
0.0
0.0
0.0
0.0
0.0
0.0
0.0
0.0
0.0
0.0
0.0
0.0
0.0
0.0
0.0
0.0
0.0
0.0
0.0
0.0
0.0
0.0
0.0
0.0
0.0
0.0
0.0
0.0
0.0
0.0
0.0
0.0
0.0
0.0
0.0
0.0
0.0
0.0
0.0
0.0
0.0
0.0
0.0
0.0
0.0
0.0
0.0
0.0
0.0
0.0
0.0
0.0
0.0
0.0
0.0
0.0
0.0
0.0
0.0
0.0
0.0
0.0
0.0
0.0
0.0
0.0
0.0
0.0
0.0
0.0
0.0
0.0
0.0
0.0
0.0
0.0
0.0
0.0
0.0
0.0
0.0
0.0
0.0
0.0
0.0
0.0
0.0
0.0
0.0
0.0
0.0
0.0
0.0
0.0
0.0
0.0
0.0
0.0
0.0
0.0
0.0
0.0
0.0
0.0
0.0
0.0
0.0
0.0
0.0
0.0
0.0
0.0
0.0
0.0
0.0
0.0
0.0
0.0
0.0
0.0
0.0
0.0
0.0
0.0
0.0
0.0
0.0
0.0
0.0
0.0
0.0
0.0
0.0
0.0
0.0
0.0
0.0
0.0
0.0
0.0
0.0
0.0
0.0
0.0
0.0
0.0
0.0
0.0
0.0
0.0
0.0
0.0
0.0
0.0
0.0
0.0
0.0
0.0
0.0
0.0
0.0
0.0
0.0
0.0
0.0
0.0
0.0
0.0
0.0
0.0
0.0
0.0
0.0
0.0
0.0
0.0
0.0
0.0
0.0
0.0
0.0
0.0
0.0
0.0
0.0
0.0
0.0
0.0
0.0
0.0
0.0
0.0
0.0
0.0
0.0
0.0
0.0
0.0
0.0
0.0
0.0
0.0
0.0
0.0
0.0
0.0
0.0
0.0
0.0
0.0
0.0
0.0
0.0
0.0
0.0
0.0
0.0
0.0
0.0
0.0
0.0
0.0
0.0
0.0
0.0
0.0
0.0
0.0
0.0
0.0
0.0
0.0
0.0
0.0
0.0
0.0
0.0
0.0
0.0
0.0
0.0
0.0
0.0
0.0
0.0
0.0
0.0
0.0
0.0
0.0
0.0
0.0
0.0
0.0
0.0
0.0
0.0
0.0
0.0
0.0
0.0
0.0
0.0
0.0
0.0
0.0
0.0
0.0
0.0
0.0
0.0
0.0
0.0
0.0
0.0
0.0
0.0
0.0
0.0
0.0
0.0
0.0
0.0
0.0
0.0
0.0
0.0
0.0
0.0
0.0
0.0
0.0
0.0
0.0
0.0
0.0
0.0
0.0
0.0
0.0
0.0
0.0
0.0
0.0
0.0
0.0
0.0
0.0
0.0
0.0
0.0
0.0
0.0
0.0
0.0
0.0
0.0
0.0
0.0
0.0
0.0
0.0
0.0
0.0
0.0
0.0
0.0
0.0
0.0
0.0
0.0
0.0
0.0
0.0
0.0
0.0
0.0
0.0
0.0
0.0
0.0
0.0
0.0
0.0
0.0
0.0
0.0
0.0
0.0
0.0
0.0
0.0
0.0
0.0
0.0
0.0
0.0
0.0
0.0
0.0
0.0
0.0
0.0
0.0
0.0
0.0
0.0
0.0
0.0
0.0
0.0
0.0
0.0
0.0
0.0
0.0
0.0
0.0
0.0
0.0
0.0
0.0
0.0
0.0
0.0
0.0
0.0
0.0
0.0
0.0
0.0
0.0
0.0
0.0
0.0
0.0
0.0
0.0
0.0
0.0
0.0
0.0
0.0
0.0
0.0
0.0
0.0
0.0
0.0
0.0
0.0
0.0
0.0
0.0
0.0
0.0
0.0
0.0
0.0
0.0
0.0
0.0
0.0
0.0
0.0
0.0
0.0
0.0
0.0
0.0
0.0
0.0
0.0
0.0
0.0
0.0
0.0
0.0
0.0
0.0
0.0
0.0
0.0
0.0
0.0
0.0
0.0
0.0
0.0
0.0
0.0
0.0
0.0
0.0
0.0
0.0
0.0
0.0
0.0
0.0
0.0
0.0
0.0
0.0
0.0
0.0
0.0
0.0
0.0
0.0
0.0
0.0
0.0
0.0
0.0
0.0
0.0
0.0
0.0
0.0
0.0
0.0
0.0
0.0
0.0
0.0
0.0
0.0
0.0
0.0
0.0
0.0
0.0
0.0
0.0
0.0
0.0
0.0
0.0
0.0
0.0
0.0
0.0
0.0
0.0
0.0
0.0
0.0
0.0
0.0
0.0
0.0
0.0
0.0
0.0
0.0
0.0
0.0
0.0
0.0
0.0
0.0
0.0
0.0
0.0
0.0
0.0
0.0
0.0
0.0
0.0
0.0
0.0
0.0
0.0
0.0
0.0
0.0
0.0
0.0
0.0
0.0
0.0
0.0
0.0
0.0
0.0
0.0
0.0
0.0
0.0
0.0
0.0
0.0
0.0
0.0
0.0
0.0
0.0
0.0
0.0
0.0
0.0
0.0
0.0
0.0
0.0
0.0
0.0
0.0
0.0
0.0
0.0
0.0
0.0
0.0
0.0
0.0
0.0
0.0
0.0
0.0
0.0
0.0
0.0
0.0
0.0
0.0
0.0
0.0
0.0
0.0
0.0
0.0
0.0
0.0
0.0
0.0
0.0
0.0
0.0
0.0
0.0
0.0
0.0
0.0
0.0
0.0
0.0
0.0
0.0
0.0
0.0
0.0
0.0
0.0
0.0
0.0
0.0
0.0
0.0
0.0
0.0
0.0
0.0
0.0
0.0
0.0
0.0
0.0
0.0
0.0
0.0
0.0
0.0
0.0
0.0
0.0
0.0
0.0
0.0
0.0
0.0
0.0
0.0
0.0
0.0
0.0
0.0
0.0
0.0
0.0
0.0
0.0
0.0
0.0
0.0
0.0
0.0
0.0
0.0
0.0
0.0
0.0
0.0
0.0
0.0
0.0
0.0
0.0
0.0
0.0
0.0
0.0
0.0
0.0
0.0
0.0
0.0
0.0
0.0
0.0
0.0
0.0
0.0
0.0
0.0
0.0
0.0
0.0
0.0
0.0
0.0
0.0
0.0
0.0
0.0
0.0
0.0
0.0
0.0
0.0
0.0
0.0
0.0
0.0
0.0
0.0
0.0
0.0
0.0
0.0
0.0
0.0
0.0
0.0
0.0
0.0
0.0
0.0
0.0
0.0
0.0
0.0
0.0
0.0
0.0
0.0
0.0
0.0
0.0
0.0
0.0
0.0
0.0
0.0
0.0
0.0
0.0
0.0
0.0
0.0
0.0
0.0
0.0
0.0
0.0
0.0
0.0
0.0
0.0
0.0
0.0
0.0
0.0
0.0
0.0
0.0
0.0
0.0
0.0
0.0
0.0
0.0
0.0
0.0
0.0
0.0
0.0
0.0
0.0
0.0
0.0
0.0
0.0
0.0
0.0
0.0
0.0
0.0
0.0
0.0
0.0
0.0
0.0
0.0
0.0
0.0
0.0
0.0
0.0
0.0
0.0
0.0
0.0
0.0
0.0
0.0
0.0
0.0
0.0
0.0
0.0
0.0
0.0
0.0
0.0
0.0
0.0
0.0
0.0
0.0
0.0
0.0
0.0
0.0
0.0
0.0
0.0
0.0
0.0
0.0
0.0
0.0
0.0
0.0
0.0
0.0
0.0
0.0
0.0
0.0
0.0
0.0
0.0
0.0
0.0
0.0
0.0
0.0
0.0
0.0
0.0
0.0
0.0
0.0
0.0
0.0
0.0
0.0
0.0
0.0
0.0
0.0
0.0
0.0
0.0
0.0
0.0
0.0
0.0
0.0
0.0
0.0
0.0
0.0
0.0
0.0
0.0
0.0
0.0
0.0
0.0
0.0
0.0
0.0
0.0
0.0
0.0
0.0
0.0
0.0
0.0
0.0
0.0
0.0
0.0
0.0
0.0
0.0
0.0
0.0
0.0
0.0
0.0
0.0
0.0
0.0
0.0
0.0
0.0
0.0
0.0
0.0
0.0
0.0
0.0
0.0
0.0
0.0
0.0
0.0
0.0
0.0
0.0
0.0
0.0
0.0
0.0
0.0
0.0
0.0
0.0
0.0
0.0
0.0
0.0
0.0
0.0
0.0
0.0
0.0
0.0
0.0
0.0
0.0
0.0
0.0
0.0
0.0
0.0
0.0
0.0
0.0
0.0
0.0
0.0
0.0
0.0
0.0
0.0
0.0
0.0
0.0
0.0
0.0
0.0
0.0
0.0
0.0
0.0
0.0
0.0
0.0
0.0
0.0
0.0
0.0
0.0
0.0
0.0
0.0
0.0
0.0
0.0
0.0
0.0
0.0
0.0
0.0
0.0
0.0
0.0
0.0
0.0
0.0
0.0
0.0
0.0
0.0
0.0
0.0
0.0
0.0
0.0
0.0
0.0
0.0
0.0
0.0
0.0
0.0
0.0
0.0
0.0
0.0
0.0
0.0
0.0
0.0
0.0
0.0
0.0
0.0
0.0
0.0
0.0
0.0
0.0
0.0
0.0
0.0
0.0
0.0
0.0
0.0
0.0
0.0
0.0
0.0
0.0
0.0
0.0
0.0
0.0
0.0
0.0
0.0
0.0
0.0
0.0
0.0
0.0
0.0
0.0
0.0
0.0
0.0
0.0
0.0
0.0
0.0
0.0
0.0
0.0
0.0
0.0
0.0
0.0
0.0
0.0
0.0
0.0
0.0
0.0
0.0
0.0
0.0
0.0
0.0
0.0
0.0
0.0
0.0
0.0
0.0
0.0
0.0
0.0
0.0
0.0
0.0
0.0
0.0
0.0
0.0
0.0
0.0
0.0
0.0
0.0
0.0
0.0
0.0
0.0
0.0
0.0
0.0
0.0
0.0
0.0
0.0
0.0
0.0
0.0
0.0
0.0
0.0
0.0
0.0
0.0
0.0
0.0
0.0
0.0
0.0
0.0
0.0
0.0
0.0
0.0
0.0
0.0
0.0
0.0
0.0
0.0
0.0
0.0
0.0
0.0
0.0
0.0
0.0
0.0
0.0
0.0
0.0
0.0
0.0
0.0
0.0
0.0
0.0
0.0
0.0
0.0
0.0
0.0
0.0
0.0
0.0
0.0
0.0
0.0
0.0
0.0
0.0
0.0
0.0
0.0
0.0
0.0
0.0
0.0
0.0
0.0
0.0
0.0
0.0
0.0
0.0
0.0
0.0
0.0
0.0
0.0
0.0
0.0
0.0
0.0
0.0
0.0
0.0
0.0
0.0
0.0
0.0
0.0
0.0
0.0
0.0
0.0
0.0
0.0
0.0
0.0
0.0
0.0
0.0
0.0
0.0
0.0
0.0
0.0
0.0
0.0
0.0
0.0
0.0
0.0
0.0
0.0
0.0
0.0
0.0
0.0
0.0
0.0
0.0
0.0
0.0
0.0
0.0
0.0
0.0
0.0
0.0
0.0
0.0
0.0
0.0
0.0
0.0
0.0
0.0
0.0
0.0
0.0
0.0
0.0
0.0
0.0
0.0
0.0
0.0
0.0
0.0
0.0
0.0
0.0
0.0
0.0
0.0
0.0
0.0
0.0
0.0
0.0
0.0
0.0
0.0
0.0
0.0
0.0
0.0
0.0
0.0
0.0
0.0
0.0
0.0
0.0
0.0
0.0
0.0
0.0
0.0
0.0
0.0
0.0
0.0
0.0
0.0
0.0
0.0
0.0
0.0
0.0
0.0
0.0
0.0
0.0
0.0
0.0
0.0
0.0
0.0
0.0
0.0
0.0
0.0
0.0
0.0
0.0
0.0
0.0
0.0
0.0
0.0
0.0
0.0
0.0
0.0
0.0
0.0
0.0
0.0
0.0
0.0
0.0
0.0
0.0
0.0
0.0
0.0
0.0
0.0
0.0
0.0
0.0
0.0
0.0
0.0
0.0
0.0
0.0
0.0
0.0
0.0
0.0
0.0
0.0
0.0
0.0
0.0
0.0
0.0
0.0
0.0
0.0
0.0
0.0
0.0
0.0
0.0
0.0
0.0
0.0
0.0
0.0
0.0
0.0
0.0
0.0
0.0
0.0
0.0
0.0
0.0
0.0
0.0
0.0
0.0
0.0
0.0
0.0
0.0
0.0
0.0
0.0
0.0
0.0
0.0
0.0
0.0
0.0
0.0
0.0
0.0
0.0
0.0
0.0
0.0
0.0
0.0
0.0
0.0
0.0
0.0
0.0
0.0
0.0
0.0
0.0
0.0
0.0
0.0
0.0
0.0
0.0
0.0
0.0
0.0
0.0
0.0
0.0
0.0
0.0
0.0
0.0
0.0
0.0
0.0
0.0
0.0
0.0
0.0
0.0
0.0
0.0
0.0
0.0
0.0
0.0
0.0
0.0
0.0
0.0
0.0
0.0
0.0
0.0
0.0
0.0
0.0
0.0
0.0
0.0
0.0
0.0
0.0
0.0
0.0
0.0
0.0
0.0
0.0
0.0
0.0
0.0
0.0
0.0
0.0
0.0
0.0
0.0
0.0
0.0
0.0
0.0
0.0
0.0
0.0
0.0
0.0
0.0
0.0
0.0
0.0
0.0
0.0
0.0
0.0
0.0
0.0
0.0
0.0
0.0
0.0
0.0
0.0
0.0
0.0
0.0
0.0
0.0
0.0
0.0
0.0
0.0
0.0
0.0
0.0
0.0
0.0
0.0
0.0
0.0
0.0
0.0
0.0
0.0
0.0
0.0
0.0
0.0
0.0
0.0
0.0
0.0
0.0
0.0
0.0
0.0
0.0
0.0
0.0
0.0
0.0
0.0
0.0
0.0
0.0
0.0
0.0
0.0
0.0
0.0
0.0
0.0
0.0
0.0
0.0
0.0
0.0
0.0
0.0
0.0
0.0
0.0
0.0
0.0
0.0
0.0
0.0
0.0
0.0
0.0
0.0
0.0
0.0
0.0
0.0
0.0
0.0
0.0
0.0
0.0
0.0
0.0
0.0
0.0
0.0
0.0
0.0
0.0
0.0
0.0
0.0
0.0
0.0
0.0
0.0
0.0
0.0
0.0
0.0
0.0
0.0
0.0
0.0
0.0
0.0
0.0
0.0
0.0
0.0
0.0
0.0
0.0
0.0
0.0
0.0
0.0
0.0
0.0
0.0
0.0
0.0
0.0
0.0
0.0
0.0
0.0
0.0
0.0
0.0
0.0
0.0
0.0
0.0
0.0
0.0
0.0
0.0
0.0
0.0
0.0
0.0
0.0
0.0
0.0
0.0
0.0
0.0
0.0
0.0
0.0
0.0
0.0
0.0
0.0
0.0
0.0
0.0
0.0
0.0
0.0
0.0
0.0
0.0
0.0
0.0
0.0
0.0
0.0
0.0
0.0
0.0
0.0
0.0
0.0
0.0
0.0
0.0
0.0
0.0
0.0
0.0
0.0
0.0
0.0
0.0
0.0
0.0
0.0
0.0
0.0
0.0
0.0
0.0
0.0
0.0
0.0
0.0
0.0
0.0
0.0
0.0
0.0
0.0
0.0
0.0
0.0
0.0
0.0
0.0
0.0
0.0
0.0
0.0
0.0
0.0
0.0
0.0
0.0
0.0
0.0
0.0
0.0
0.0
0.0
0.0
0.0
0.0
0.0
0.0
0.0
0.0
0.0
0.0
0.0
0.0
0.0
0.0
0.0
0.0
0.0
0.0
0.0
0.0
0.0
0.0
0.0
0.0
0.0
0.0
0.0
0.0
0.0
0.0
0.0
0.0
0.0
0.0
0.0
0.0
0.0
0.0
0.0
0.0
0.0
0.0
0.0
0.0
0.0
0.0
0.0
0.0
0.0
0.0
0.0
0.0
0.0
0.0
0.0
0.0
0.0
0.0
0.0
0.0
0.0
0.0
0.0
0.0
0.0
0.0
0.0
0.0
0.0
0.0
0.0
0.0
0.0
0.0
0.0
0.0
0.0
0.0
0.0
0.0
0.0
0.0
0.0
0.0
0.0
0.0
0.0
0.0
0.0
0.0
0.0
0.0
0.0
0.0
0.0
0.0
0.0
0.0
0.0
0.0
0.0
0.0
0.0
0.0
0.0
0.0
0.0
0.0
0.0
0.0
0.0
0.0
0.0
0.0
0.0
0.0
0.0
0.0
0.0
0.0
0.0
0.0
0.0
0.0
0.0
0.0
0.0
0.0
0.0
0.0
0.0
0.0
0.0
0.0
0.0
0.0
0.0
0.0
0.0
0.0
0.0
0.0
0.0
0.0
0.0
0.0
0.0
0.0
0.0
0.0
0.0
0.0
0.0
0.0
0.0
0.0
0.0
0.0
0.0
0.0
0.0
0.0
0.0
0.0
0.0
0.0
0.0
0.0
0.0
0.0
0.0
0.0
0.0
0.0
0.0
0.0
0.0
0.0
0.0
0.0
0.0
0.0
0.0
0.0
0.0
0.0
0.0
0.0
0.0
0.0
0.0
0.0
0.0
0.0
0.0
0.0
0.0
0.0
0.0
0.0
0.0
0.0
0.0
0.0
0.0
0.0
0.0
0.0
0.0
0.0
0.0
0.0
0.0
0.0
0.0
0.0
0.0
0.0
0.0
0.0
0.0
0.0
0.0
0.0
0.0
0.0
0.0
0.0
0.0
0.0
0.0
0.0
0.0
0.0
0.0
0.0
0.0
0.0
0.0
0.0
0.0
0.0
0.0
0.0
0.0
0.0
0.0
0.0
0.0
0.0
0.0
0.0
0.0
0.0
0.0
0.0
0.0
0.0
0.0
0.0
0.0
0.0
0.0
0.0
0.0
0.0
0.0
0.0
0.0
0.0
0.0
0.0
0.0
0.0
0.0
0.0
0.0
0.0
0.0
0.0
0.0
0.0
0.0
0.0
0.0
0.0
0.0
0.0
0.0
0.0
0.0
0.0
0.0
0.0
0.0
0.0
0.0
0.0
0.0
0.0
0.0
0.0
0.0
0.0
0.0
0.0
0.0
0.0
0.0
0.0
0.0
0.0
0.0
0.0
0.0
0.0
0.0
0.0
0.0
0.0
0.0
0.0
0.0
0.0
0.0
0.0
0.0
0.0
0.0
0.0
0.0
0.0
0.0
0.0
0.0
0.0
0.0
0.0
0.0
0.0
0.0
0.0
0.0
0.0
0.0
0.0
0.0
0.0
0.0
0.0
0.0
0.0
0.0
0.0
0.0
0.0
0.0
0.0
0.0
0.0
0.0
0.0
0.0
0.0
0.0
0.0
0.0
0.0
0.0
0.0
0.0
0.0
0.0
0.0
0.0
0.0
0.0
0.0
0.0
0.0
0.0
0.0
0.0
0.0
0.0
0.0
0.0
0.0
0.0
0.0
0.0
0.0
0.0
0.0
0.0
0.0
0.0
0.0
0.0
0.0
0.0
0.0
0.0
0.0
0.0
0.0
0.0
0.0
0.0
0.0
0.0
0.0
0.0
0.0
0.0
0.0
0.0
0.0
0.0
0.0
0.0
0.0
0.0
0.0
0.0
0.0
0.0
0.0
0.0
0.0
0.0
0.0
0.0
0.0
0.0
0.0
0.0
0.0
0.0
0.0
0.0
0.0
0.0
0.0
0.0
0.0
0.0
0.0
0.0
0.0
0.0
0.0
0.0
0.0
0.0
0.0
0.0
0.0
0.0
0.0
0.0
0.0
0.0
0.0
0.0
0.0
0.0
0.0
0.0
0.0
0.0
0.0
0.0
0.0
0.0
0.0
0.0
0.0
0.0
0.0
0.0
0.0
0.0
0.0
0.0
0.0
0.0
0.0
0.0
0.0
0.0
0.0
0.0
0.0
0.0
0.0
0.0
0.0
0.0
0.0
0.0
0.0
0.0
0.0
0.0
0.0
0.0
0.0
0.0
0.0
0.0
0.0
0.0
0.0
0.0
0.0
0.0
0.0
0.0
0.0
0.0
0.0
0.0
0.0
0.0
0.0
0.0
0.0
0.0
0.0
0.0
0.0
0.0
0.0
0.0
0.0
0.0
0.0
0.0
0.0
0.0
0.0
0.0
0.0
0.0
0.0
0.0
0.0
0.0
0.0
0.0
0.0
0.0
0.0
0.0
0.0
0.0
0.0
0.0
0.0
0.0
0.0
0.0
0.0
0.0
0.0
0.0
0.0
0.0
0.0
0.0
0.0
0.0
0.0
0.0
0.0
0.0
0.0
0.0
0.0
0.0
0.0
0.0
0.0
0.0
0.0
0.0
0.0
0.0
0.0
0.0
0.0
0.0
0.0
0.0
0.0
0.0
0.0
0.0
0.0
0.0
0.0
0.0
0.0
0.0
0.0
0.0
0.0
0.0
0.0
0.0
0.0
0.0
0.0
0.0
0.0
0.0
0.0
0.0
0.0
0.0
0.0
0.0
0.0
0.0
0.0
0.0
0.0
0.0
0.0
0.0
0.0
0.0
0.0
0.0
0.0
0.0
0.0
0.0
0.0
0.0
0.0
0.0
0.0
0.0
0.0
0.0
0.0
0.0
0.0
0.0
0.0
0.0
0.0
0.0
0.0
0.0
0.0
0.0
0.0
0.0
0.0
0.0
0.0
0.0
0.0
0.0
0.0
0.0
0.0
0.0
0.0
0.0
0.0
0.0
0.0
0.0
0.0
0.0
0.0
0.0
0.0
0.0
0.0
0.0
0.0
0.0
0.0
0.0
0.0
0.0
0.0
0.0
0.0
0.0
0.0
0.0
0.0
0.0
0.0
0.0
0.0
0.0
0.0
0.0
0.0
0.0
0.0
0.0
0.0
0.0
0.0
0.0
0.0
0.0
0.0
0.0
0.0
0.0
0.0
0.0
0.0
0.0
0.0
0.0
0.0
0.0
0.0
0.0
0.0
0.0
0.0
0.0
0.0
0.0
0.0
0.0
0.0
0.0
0.0
0.0
0.0
0.0
0.0
0.0
0.0
0.0
0.0
0.0
0.0
0.0
0.0
0.0
0.0
0.0
0.0
0.0
0.0
0.0
0.0
0.0
0.0
0.0
0.0
0.0
0.0
0.0
0.0
0.0
0.0
0.0
0.0
0.0
0.0
0.0
0.0
0.0
0.0
0.0
0.0
0.0
0.0
0.0
0.0
0.0
0.0
0.0
0.0
0.0
0.0
0.0
0.0
0.0
0.0
0.0
0.0
0.0
0.0
0.0
0.0
0.0
0.0
0.0
0.0
0.0
0.0
0.0
0.0
0.0
0.0
0.0
0.0
0.0
0.0
0.0
0.0
0.0
0.0
0.0
0.0
0.0
0.0
0.0
0.0
0.0
0.0
0.0
0.0
0.0
0.0
0.0
0.0
0.0
0.0
0.0
0.0
0.0
0.0
0.0
0.0
0.0
0.0
0.0
0.0
0.0
0.0
0.0
0.0
0.0
0.0
0.0
0.0
0.0
0.0
0.0
0.0
0.0
0.0
0.0
0.0
0.0
0.0
0.0
0.0
0.0
0.0
0.0
0.0
0.0
0.0
0.0
0.0
0.0
0.0
0.0
0.0
0.0
0.0
0.0
0.0
0.0
0.0
0.0
0.0
0.0
0.0
0.0
0.0
0.0
0.0
0.0
0.0
0.0
0.0
0.0
0.0
0.0
0.0
0.0
0.0
0.0
0.0
0.0
0.0
0.0
0.0
0.0
0.0
0.0
0.0
0.0
0.0
0.0
0.0
0.0
0.0
0.0
0.0
0.0
0.0
0.0
0.0
0.0
0.0
0.0
0.0
0.0
0.0
0.0
0.0
0.0
0.0
0.0
0.0
0.0
0.0
0.0
0.0
0.0
0.0
0.0
0.0
0.0
0.0
0.0
0.0
0.0
0.0
0.0
0.0
0.0
0.0
0.0
0.0
0.0
0.0
0.0
0.0
0.0
0.0
0.0
0.0
0.0
0.0
0.0
0.0
0.0
0.0
0.0
0.0
0.0
0.0
0.0
0.0
0.0
0.0
0.0
0.0
0.0
0.0
0.0
0.0
0.0
0.0
0.0
0.0
0.0
0.0
0.0
0.0
0.0
0.0
0.0
0.0
0.0
0.0
0.0
0.0
0.0
0.0
0.0
0.0
0.0
0.0
0.0
0.0
0.0
0.0
0.0
0.0
0.0
0.0
0.0
0.0
0.0
0.0
0.0
0.0
0.0
0.0
0.0
0.0
0.0
0.0
0.0
0.0
0.0
0.0
0.0
0.0
0.0
0.0
0.0
0.0
0.0
0.0
0.0
0.0
0.0
0.0
0.0
0.0
0.0
0.0
0.0
0.0
0.0
0.0
0.0
0.0
0.0
0.0
0.0
0.0
0.0
0.0
0.0
0.0
0.0
0.0
0.0
0.0
0.0
0.0
0.0
0.0
0.0
0.0
0.0
0.0
0.0
0.0
0.0
0.0
0.0
0.0
0.0
0.0
0.0
0.0
0.0
0.0
0.0
0.0
0.0
0.0
0.0
0.0
0.0
0.0
0.0
0.0
0.0
0.0
0.0
0.0
0.0
0.0
0.0
0.0
0.0
0.0
0.0
0.0
0.0
0.0
0.0
0.0
0.0
0.0
0.0
0.0
0.0
0.0
0.0
0.0
0.0
0.0
0.0
0.0
0.0
0.0
0.0
0.0
0.0
0.0
0.0
0.0
0.0
0.0
0.0
0.0
0.0
0.0
0.0
0.0
0.0
0.0
0.0
0.0
0.0
0.0
0.0
0.0
0.0
0.0
0.0
0.0
0.0
0.0
0.0
0.0
0.0
0.0
0.0
0.0
0.0
0.0
0.0
0.0
0.0
0.0
0.0
0.0
0.0
0.0
0.0
0.0
0.0
0.0
0.0
0.0
0.0
0.0
0.0
0.0
0.0
0.0
0.0
0.0
0.0
0.0
0.0
0.0
0.0
0.0
0.0
0.0
0.0
0.0
0.0
0.0
0.0
0.0
0.0
0.0
0.0
0.0
0.0
0.0
0.0
0.0
0.0
0.0
0.0
0.0
0.0
0.0
0.0
0.0
0.0
0.0
0.0
0.0
0.0
0.0
0.0
0.0
0.0
0.0
0.0
0.0
0.0
0.0
0.0
0.0
0.0
0.0
0.0
0.0
0.0
0.0
0.0
0.0
0.0
0.0
0.0
0.0
0.0
0.0
0.0
0.0
0.0
0.0
0.0
0.0
0.0
0.0
0.0
0.0
0.0
0.0
0.0
0.0
0.0
0.0
0.0
0.0
0.0
0.0
0.0
0.0
0.0
0.0
0.0
0.0
0.0
0.0
0.0
0.0
0.0
0.0
0.0
0.0
0.0
0.0
0.0
0.0
0.0
0.0
0.0
0.0
0.0
0.0
0.0
0.0
0.0
0.0
0.0
0.0
0.0
0.0
0.0
0.0
0.0
0.0
0.0
0.0
0.0
0.0
0.0
0.0
0.0
0.0
0.0
0.0
0.0
0.0
0.0
0.0
0.0
0.0
0.0
0.0
0.0
0.0
0.0
0.0
0.0
0.0
0.0
0.0
0.0
0.0
0.0
0.0
0.0
0.0
0.0
0.0
0.0
0.0
0.0
0.0
0.0
0.0
0.0
0.0
0.0
0.0
0.0
0.0
0.0
0.0
0.0
0.0
0.0
0.0
0.0
0.0
0.0
0.0
0.0
0.0
0.0
0.0
0.0
0.0
0.0
0.0
0.0
0.0
0.0
0.0
0.0
0.0
0.0
0.0
0.0
0.0
0.0
0.0
0.0
0.0
0.0
0.0
0.0
0.0
0.0
0.0
0.0
0.0
0.0
0.0
0.0
0.0
0.0
0.0
0.0
0.0
0.0
0.0
0.0
0.0
0.0
0.0
0.0
0.0
0.0
0.0
0.0
0.0
0.0
0.0
0.0
0.0
0.0
0.0
0.0
0.0
0.0
0.0
0.0
0.0
0.0
0.0
0.0
0.0
0.0
0.0
0.0
0.0
0.0
0.0
0.0
0.0
0.0
0.0
0.0
0.0
0.0
0.0
0.0
0.0
0.0
0.0
0.0
0.0
0.0
0.0
0.0
0.0
0.0
0.0
0.0
0.0
0.0
0.0
0.0
0.0
0.0
0.0
0.0
0.0
0.0
0.0
0.0
0.0
0.0
0.0
0.0
0.0
0.0
0.0
0.0
0.0
0.0
0.0
0.0
0.0
0.0
0.0
0.0
0.0
0.0
0.0
0.0
0.0
0.0
0.0
0.0
0.0
0.0
0.0
0.0
0.0
0.0
0.0
0.0
0.0
0.0
0.0
0.0
0.0
0.0
0.0
0.0
0.0
0.0
0.0
0.0
0.0
0.0
0.0
0.0
0.0
0.0
0.0
0.0
0.0
0.0
0.0
0.0
0.0
0.0
0.0
0.0
0.0
0.0
0.0
0.0
0.0
0.0
0.0
0.0
0.0
0.0
0.0
0.0
0.0
0.0
0.0
0.0
0.0
0.0
0.0
0.0
0.0
0.0
0.0
0.0
0.0
0.0
0.0
0.0
0.0
0.0
0.0
0.0
0.0
0.0
0.0
0.0
0.0
0.0
0.0
0.0
0.0
0.0
0.0
0.0
0.0
0.0
0.0
0.0
0.0
0.0
0.0
0.0
0.0
0.0
0.0
0.0
0.0
0.0
0.0
0.0
0.0
0.0
0.0
0.0
0.0
0.0
0.0
0.0
0.0
0.0
0.0
0.0
0.0
0.0
0.0
0.0
0.0
0.0
0.0
0.0
0.0
0.0
0.0
0.0
0.0
0.0
0.0
0.0
0.0
0.0
0.0
0.0
0.0
0.0
0.0
0.0
0.0
0.0
0.0
0.0
0.0
0.0
0.0
0.0
0.0
0.0
0.0
0.0
0.0
0.0
0.0
0.0
0.0
0.0
0.0
0.0
0.0
0.0
0.0
0.0
0.0
0.0
0.0
0.0
0.0
0.0
0.0
0.0
0.0
0.0
0.0
0.0
0.0
0.0
0.0
0.0
0.0
0.0
0.0
0.0
0.0
0.0
0.0
0.0
0.0
0.0
0.0
0.0
0.0
0.0
0.0
0.0
0.0
0.0
0.0
0.0
0.0
0.0
0.0
0.0
0.0
0.0
0.0
0.0
0.0
0.0
0.0
0.0
0.0
0.0
0.0
0.0
0.0
0.0
0.0
0.0
0.0
0.0
0.0
0.0
0.0
0.0
0.0
0.0
0.0
0.0
0.0
0.0
0.0
0.0
0.0
0.0
0.0
0.0
0.0
0.0
0.0
0.0
0.0
0.0
0.0
0.0
0.0
0.0
0.0
0.0
0.0
0.0
0.0
0.0
0.0
0.0
0.0
0.0
0.0
0.0
0.0
0.0
0.0
0.0
0.0
0.0
0.0
0.0
0.0
0.0
0.0
0.0
0.0
0.0
0.0
0.0
0.0
0.0
0.0
0.0
0.0
0.0
0.0
0.0
0.0
0.0
0.0
0.0
0.0
0.0
0.0
0.0
0.0
0.0
0.0
0.0
0.0
0.0
0.0
0.0
0.0
0.0
0.0
0.0
0.0
0.0
0.0
0.0
0.0
0.0
0.0
0.0
0.0
0.0
0.0
0.0
0.0
0.0
0.0
0.0
0.0
0.0
0.0
0.0
0.0
0.0
0.0
0.0
0.0
0.0
0.0
0.0
0.0
0.0
0.0
0.0
0.0
0.0
0.0
0.0
0.0
0.0
0.0
0.0
0.0
0.0
0.0
0.0
0.0
0.0
0.0
0.0
0.0
0.0
0.0
0.0
0.0
0.0
0.0
0.0
0.0
0.0
0.0
0.0
0.0
0.0
0.0
0.0
0.0
0.0
0.0
0.0
0.0
0.0
0.0
0.0
0.0
0.0
0.0
0.0
0.0
0.0
0.0
0.0
0.0
0.0
0.0
0.0
0.0
0.0
0.0
0.0
0.0
0.0
0.0
0.0
0.0
0.0
0.0
0.0
0.0
0.0
0.0
0.0
0.0
0.0
0.0
0.0
0.0
0.0
0.0
0.0
0.0
0.0
0.0
0.0
0.0
0.0
0.0
0.0
0.0
0.0
0.0
0.0
0.0
0.0
0.0
0.0
0.0
0.0
0.0
0.0
0.0
0.0
0.0
0.0
0.0
0.0
0.0
0.0
0.0
0.0
0.0
0.0
0.0
0.0
0.0
0.0
0.0
0.0
0.0
0.0
0.0
0.0
0.0
0.0
0.0
0.0
0.0
0.0
0.0
0.0
0.0
0.0
0.0
0.0
0.0
0.0
0.0
0.0
0.0
0.0
0.0
0.0
0.0
0.0
0.0
0.0
0.0
0.0
0.0
0.0
0.0
0.0
0.0
0.0
0.0
0.0
0.0
0.0
0.0
0.0
0.0
0.0
0.0
0.0
0.0
0.0
0.0
0.0
0.0
0.0
0.0
0.0
0.0
0.0
0.0
0.0
0.0
0.0
0.0
0.0
0.0
0.0
0.0
0.0
0.0
0.0
0.0
0.0
0.0
0.0
0.0
0.0
0.0
0.0
0.0
0.0
0.0
0.0
0.0
0.0
0.0
0.0
0.0
0.0
0.0
0.0
0.0
0.0
0.0
0.0
0.0
0.0
0.0
0.0
0.0
0.0
0.0
0.0
0.0
0.0
0.0
0.0
0.0
0.0
0.0
0.0
0.0
0.0
0.0
0.0
0.0
0.0
0.0
0.0
0.0
0.0
0.0
0.0
0.0
0.0
0.0
0.0
0.0
0.0
0.0
0.0
0.0
0.0
0.0
0.0
0.0
0.0
0.0
0.0
0.0
0.0
0.0
0.0
0.0
0.0
0.0
0.0
0.0
0.0
0.0
0.0
0.0
0.0
0.0
0.0
0.0
0.0
0.0
0.0
0.0
0.0
0.0
0.0
0.0
0.0
0.0
0.0
0.0
0.0
0.0
0.0
0.0
0.0
0.0
0.0
0.0
0.0
0.0
0.0
0.0
0.0
0.0
0.0
0.0
0.0
0.0
0.0
0.0
0.0
0.0
0.0
0.0
0.0
0.0
0.0
0.0
0.0
0.0
0.0
0.0
0.0
0.0
0.0
0.0
0.0
0.0
0.0
0.0
0.0
0.0
0.0
0.0
0.0
0.0
0.0
0.0
0.0
0.0
0.0
0.0
0.0
0.0
0.0
0.0
0.0
0.0
0.0
0.0
0.0
0.0
0.0
0.0
0.0
0.0
0.0
0.0
0.0
0.0
0.0
0.0
0.0
0.0
0.0
0.0
0.0
0.0
0.0
0.0
0.0
0.0
0.0
0.0
0.0
0.0
0.0
0.0
0.0
0.0
0.0
0.0
0.0
0.0
0.0
0.0
0.0
0.0
0.0
0.0
0.0
0.0
0.0
0.0
0.0
0.0
0.0
0.0
0.0
0.0
0.0
0.0
0.0
0.0
0.0
0.0
0.0
0.0
0.0
0.0
0.0
0.0
0.0
0.0
0.0
0.0
0.0
0.0
0.0
0.0
0.0
0.0
0.0
0.0
0.0
0.0
0.0
0.0
0.0
0.0
0.0
0.0
0.0
0.0
0.0
0.0
0.0
0.0
0.0
0.0
0.0
0.0
0.0
0.0
0.0
0.0
0.0
0.0
0.0
0.0
0.0
0.0
0.0
0.0
0.0
0.0
0.0
0.0
0.0
0.0
0.0
0.0
0.0
0.0
0.0
0.0
0.0
0.0
0.0
0.0
0.0
0.0
0.0
0.0
0.0
0.0
0.0
0.0
0.0
0.0
0.0
0.0
0.0
0.0
0.0
0.0
0.0
0.0
0.0
0.0
0.0
0.0
0.0
0.0
0.0
0.0
0.0
0.0
0.0
0.0
0.0
0.0
0.0
0.0
0.0
0.0
0.0
0.0
0.0
0.0
0.0
0.0
0.0
0.0
0.0
0.0
0.0
0.0
0.0
0.0
0.0
0.0
0.0
0.0
0.0
0.0
0.0
0.0
0.0
0.0
0.0
0.0
0.0
0.0
0.0
0.0
0.0
0.0
0.0
0.0
0.0
0.0
0.0
0.0
0.0
0.0
0.0
0.0
0.0
0.0
0.0
0.0
0.0
0.0
0.0
0.0
0.0
0.0
0.0
0.0
0.0
0.0
0.0
0.0
0.0
0.0
0.0
0.0
0.0
0.0
0.0
0.0
0.0
0.0
0.0
0.0
0.0
0.0
0.0
0.0
0.0
0.0
0.0
0.0
0.0
0.0
0.0
0.0
0.0
0.0
0.0
0.0
0.0
0.0
0.0
0.0
0.0
0.0
0.0
0.0
0.0
0.0
0.0
0.0
0.0
0.0
0.0
0.0
0.0
0.0
0.0
0.0
0.0
0.0
0.0
0.0
0.0
0.0
0.0
0.0
0.0
0.0
0.0
0.0
0.0
0.0
0.0
0.0
0.0
0.0
0.0
0.0
0.0
0.0
0.0
0.0
0.0
0.0
0.0
0.0
0.0
0.0
0.0
0.0
0.0
0.0
0.0
0.0
0.0
0.0
0.0
0.0
0.0
0.0
0.0
0.0
0.0
0.0
0.0
0.0
0.0
0.0
0.0
0.0
0.0
0.0
0.0
0.0
0.0
0.0
0.0
0.0
0.0
0.0
0.0
0.0
0.0
0.0
0.0
0.0
0.0
0.0
0.0
0.0
0.0
0.0
0.0
0.0
0.0
0.0
0.0
0.0
0.0
0.0
0.0
0.0
0.0
0.0
0.0
0.0
0.0
0.0
0.0
0.0
0.0
0.0
0.0
0.0
0.0
0.0
0.0
0.0
0.0
0.0
0.0
0.0
0.0
0.0
0.0
0.0
0.0
0.0
0.0
0.0
0.0
0.0
0.0
0.0
0.0
0.0
0.0
0.0
0.0
0.0
0.0
0.0
0.0
0.0
0.0
0.0
0.0
0.0
0.0
0.0
0.0
0.0
0.0
0.0
0.0
0.0
0.0
0.0
0.0
0.0
0.0
0.0
0.0
0.0
0.0
0.0
0.0
0.0
0.0
0.0
0.0
0.0
0.0
0.0
0.0
0.0
0.0
0.0
0.0
0.0
0.0
0.0
0.0
0.0
0.0
0.0
0.0
0.0
0.0
0.0
0.0
0.0
0.0
0.0
0.0
0.0
0.0
0.0
0.0
0.0
0.0
0.0
0.0
0.0
0.0
0.0
0.0
0.0
0.0
0.0
0.0
0.0
0.0
0.0
0.0
0.0
0.0
0.0
0.0
0.0
0.0
0.0
0.0
0.0
0.0
0.0
0.0
0.0
0.0
0.0
0.0
0.0
0.0
0.0
0.0
0.0
0.0
0.0
0.0
0.0
0.0
0.0
0.0
0.0
0.0
0.0
0.0
0.0
0.0
0.0
0.0
0.0
0.0
0.0
0.0
0.0
0.0
0.0
0.0
0.0
0.0
0.0
0.0
0.0
0.0
0.0
0.0
0.0
0.0
0.0
0.0
0.0
0.0
0.0
0.0
0.0
0.0
0.0
0.0
0.0
0.0
0.0
0.0
0.0
0.0
0.0
0.0
0.0
0.0
0.0
0.0
0.0
0.0
0.0
0.0
0.0
0.0
0.0
0.0
0.0
0.0
0.0
0.0
0.0
0.0
0.0
0.0
0.0
0.0
0.0
0.0
0.0
0.0
0.0
0.0
0.0
0.0
0.0
0.0
0.0
0.0
0.0
0.0
0.0
0.0
0.0
0.0
0.0
0.0
0.0
0.0
0.0
0.0
0.0
0.0
0.0
0.0
0.0
0.0
0.0
0.0
0.0
0.0
0.0
0.0
0.0
0.0
0.0
0.0
0.0
0.0
0.0
0.0
0.0
0.0
0.0
0.0
0.0
0.0
0.0
0.0
0.0
0.0
0.0
0.0
0.0
0.0
0.0
0.0
0.0
0.0
0.0
0.0
0.0
0.0
0.0
0.0
0.0
0.0
0.0
0.0
0.0
0.0
0.0
0.0
0.0
0.0
0.0
0.0
0.0
0.0
0.0
0.0
0.0
0.0
0.0
0.0
0.0
0.0
0.0
0.0
0.0
0.0
0.0
0.0
0.0
0.0
0.0
0.0
0.0
0.0
0.0
0.0
0.0
0.0
0.0
0.0
0.0
0.0
0.0
0.0
0.0
0.0
0.0
0.0
0.0
0.0
0.0
0.0
0.0
0.0
0.0
0.0
0.0
0.0
0.0
0.0
0.0
0.0
0.0
0.0
0.0
0.0
0.0
0.0
0.0
0.0
0.0
0.0
0.0
0.0
0.0
0.0
0.0
0.0
0.0
0.0
0.0
0.0
0.0
0.0
0.0
0.0
0.0
0.0
0.0
0.0
0.0
0.0
0.0
0.0
0.0
0.0
0.0
0.0
0.0
0.0
0.0
0.0
0.0
0.0
0.0
0.0
0.0
0.0
0.0
0.0
0.0
0.0
0.0
0.0
0.0
0.0
0.0
0.0
0.0
0.0
0.0
0.0
0.0
0.0
0.0
0.0
0.0
0.0
0.0
0.0
0.0
0.0
0.0
0.0
0.0
0.0
0.0
0.0
0.0
0.0
0.0
0.0
0.0
0.0
0.0
0.0
0.0
0.0
0.0
0.0
0.0
0.0
0.0
0.0
0.0
0.0
0.0
0.0
0.0
0.0
0.0
0.0
0.0
0.0
0.0
0.0
0.0
0.0
0.0
0.0
0.0
0.0
0.0
0.0
0.0
0.0
0.0
0.0
0.0
0.0
0.0
0.0
0.0
0.0
0.0
0.0
0.0
0.0
0.0
0.0
0.0
0.0
0.0
0.0
0.0
0.0
0.0
0.0
0.0
0.0
0.0
0.0
0.0
0.0
0.0
0.0
0.0
0.0
0.0
0.0
0.0
0.0
0.0
0.0
0.0
0.0
0.0
0.0
0.0
0.0
0.0
0.0
0.0
0.0
0.0
0.0
0.0
0.0
0.0
0.0
0.0
0.0
0.0
0.0
0.0
0.0
0.0
0.0
0.0
0.0
0.0
0.0
0.0
0.0
0.0
0.0
0.0
0.0
0.0
0.0
0.0
0.0
0.0
0.0
0.0
0.0
0.0
0.0
0.0
0.0
0.0
0.0
0.0
0.0
0.0
0.0
0.0
0.0
0.0
0.0
0.0
0.0
0.0
0.0
0.0
0.0
0.0
0.0
0.0
0.0
0.0
0.0
0.0
0.0
0.0
0.0
0.0
0.0
0.0
0.0
0.0
0.0
0.0
0.0
0.0
0.0
0.0
0.0
0.0
0.0
0.0
0.0
0.0
0.0
0.0
0.0
0.0
0.0
0.0
0.0
0.0
0.0
0.0
0.0
0.0
0.0
0.0
0.0
0.0
0.0
0.0
0.0
0.0
0.0
0.0
0.0
0.0
0.0
0.0
0.0
0.0
0.0
0.0
0.0
0.0
0.0
0.0
0.0
0.0
0.0
0.0
0.0
0.0
0.0
0.0
0.0
0.0
0.0
0.0
0.0
0.0
0.0
0.0
0.0
0.0
0.0
0.0
0.0
0.0
0.0
0.0
0.0
0.0
0.0
0.0
0.0
0.0
0.0
0.0
0.0
0.0
0.0
0.0
0.0
0.0
0.0
0.0
0.0
0.0
0.0
0.0
0.0
0.0
0.0
0.0
0.0
0.0
0.0
0.0
0.0
0.0
0.0
0.0
0.0
0.0
0.0
0.0
0.0
0.0
0.0
0.0
0.0
0.0
0.0
0.0
0.0
0.0
0.0
0.0
0.0
0.0
0.0
0.0
0.0
0.0
0.0
0.0
0.0
0.0
0.0
0.0
0.0
0.0
0.0
0.0
0.0
0.0
0.0
0.0
0.0
0.0
0.0
0.0
0.0
0.0
0.0
0.0
0.0
0.0
0.0
0.0
0.0
0.0
0.0
0.0
0.0
0.0
0.0
0.0
0.0
0.0
0.0
0.0
0.0
0.0
0.0
0.0
0.0
0.0
0.0
0.0
0.0
0.0
0.0
0.0
0.0
0.0
0.0
0.0
0.0
0.0
0.0
0.0
0.0
0.0
0.0
0.0
0.0
0.0
0.0
0.0
0.0
0.0
0.0
0.0
0.0
0.0
0.0
0.0
0.0
0.0
0.0
0.0
0.0
0.0
0.0
0.0
0.0
0.0
0.0
0.0
0.0
0.0
0.0
0.0
0.0
0.0
0.0
0.0
0.0
0.0
0.0
0.0
0.0
0.0
0.0
0.0
0.0
0.0
0.0
0.0
0.0
0.0
0.0
0.0
0.0
0.0
0.0
0.0
0.0
0.0
0.0
0.0
0.0
0.0
0.0
0.0
0.0
0.0
0.0
0.0
0.0
0.0
0.0
0.0
0.0
0.0
0.0
0.0
0.0
0.0
0.0
0.0
0.0
0.0
0.0
0.0
0.0
0.0
0.0
0.0
0.0
0.0
0.0
0.0
0.0
0.0
0.0
0.0
0.0
0.0
0.0
0.0
0.0
0.0
0.0
0.0
0.0
0.0
0.0
0.0
0.0
0.0
0.0
0.0
0.0
0.0
0.0
0.0
0.0
0.0
0.0
0.0
0.0
0.0
0.0
0.0
0.0
0.0
0.0
0.0
0.0
0.0
0.0
0.0
0.0
0.0
0.0
0.0
0.0
0.0
0.0
0.0
0.0
0.0
0.0
0.0
0.0
0.0
0.0
0.0
0.0
0.0
0.0
0.0
0.0
0.0
0.0
0.0
0.0
0.0
0.0
0.0
0.0
0.0
0.0
0.0
0.0
0.0
0.0
0.0
0.0
0.0
0.0
0.0
0.0
0.0
0.0
0.0
0.0
0.0
0.0
0.0
0.0
0.0
0.0
0.0
0.0
0.0
0.0
0.0
0.0
0.0
0.0
0.0
0.0
0.0
0.0
0.0
0.0
0.0
0.0
0.0
0.0
0.0
0.0
0.0
0.0
0.0
0.0
0.0
0.0
0.0
0.0
0.0
0.0
0.0
0.0
0.0
0.0
0.0
0.0
0.0
0.0
0.0
0.0
0.0
0.0
0.0
0.0
0.0
0.0
0.0
0.0
0.0
0.0
0.0
0.0
0.0
0.0
0.0
0.0
0.0
0.0
0.0
0.0
0.0
0.0
0.0
0.0
0.0
0.0
0.0
0.0
0.0
0.0
0.0
0.0
0.0
0.0
0.0
0.0
0.0
0.0
0.0
0.0
0.0
0.0
0.0
0.0
0.0
0.0
0.0
0.0
0.0
0.0
0.0
0.0
0.0
0.0
0.0
0.0
0.0
0.0
0.0
0.0
0.0
0.0
0.0
0.0
0.0
0.0
0.0
0.0
0.0
0.0
0.0
0.0
0.0
0.0
0.0
0.0
0.0
0.0
0.0
0.0
0.0
0.0
0.0
0.0
0.0
0.0
0.0
0.0
0.0
0.0
0.0
0.0
0.0
0.0
0.0
0.0
0.0
0.0
0.0
0.0
0.0
0.0
0.0
0.0
0.0
0.0
0.0
0.0
0.0
0.0
0.0
0.0
0.0
0.0
0.0
0.0
0.0
0.0
0.0
0.0
0.0
0.0
0.0
0.0
0.0
0.0
0.0
0.0
0.0
0.0
0.0
0.0
0.0
0.0
0.0
0.0
0.0
0.0
0.0
0.0
0.0
0.0
0.0
0.0
0.0
0.0
0.0
0.0
0.0
0.0
0.0
0.0
0.0
0.0
0.0
0.0
0.0
0.0
0.0
0.0
0.0
0.0
0.0
0.0
0.0
0.0
0.0
0.0
0.0
0.0
0.0
0.0
0.0
0.0
0.0
0.0
0.0
0.0
0.0
0.0
0.0
0.0
0.0
0.0
0.0
0.0
0.0
0.0
0.0
0.0
0.0
0.0
0.0
0.0
0.0
0.0
0.0
0.0
0.0
0.0
0.0
0.0
0.0
0.0
0.0
0.0
0.0
0.0
0.0
0.0
0.0
0.0
0.0
0.0
0.0
0.0
0.0
0.0
0.0
0.0
0.0
0.0
0.0
0.0
0.0
0.0
0.0
0.0
0.0
0.0
0.0
0.0
0.0
0.0
0.0
0.0
0.0
0.0
0.0
0.0
0.0
0.0
0.0
0.0
0.0
0.0
0.0
0.0
0.0
0.0
0.0
0.0
0.0
0.0
0.0
0.0
0.0
0.0
0.0
0.0
0.0
0.0
0.0
0.0
0.0
0.0
0.0
0.0
0.0
0.0
0.0
0.0
0.0
0.0
0.0
0.0
0.0
0.0
0.0
0.0
0.0
0.0
0.0
0.0
0.0
0.0
0.0
0.0
0.0
0.0
0.0
0.0
0.0
0.0
0.0
0.0
0.0
0.0
0.0
0.0
0.0
0.0
0.0
0.0
0.0
0.0
0.0
0.0
0.0
0.0
0.0
0.0
0.0
0.0
0.0
0.0
0.0
0.0
0.0
0.0
0.0
0.0
0.0
0.0
0.0
0.0
0.0
0.0
0.0
0.0
0.0
0.0
0.0
0.0
0.0
0.0
0.0
0.0
0.0
0.0
0.0
0.0
0.0
0.0
0.0
0.0
0.0
0.0
0.0
0.0
0.0
0.0
0.0
0.0
0.0
0.0
0.0
0.0
0.0
0.0
0.0
0.0
0.0
0.0
0.0
0.0
0.0
0.0
0.0
0.0
0.0
0.0
0.0
0.0
0.0
0.0
0.0
0.0
0.0
0.0
0.0
0.0
0.0
0.0
0.0
0.0
0.0
0.0
0.0
0.0
0.0
0.0
0.0
0.0
0.0
0.0
0.0
0.0
0.0
0.0
0.0
0.0
0.0
0.0
0.0
0.0
0.0
0.0
0.0
0.0
0.0
0.0
0.0
0.0
0.0
0.0
0.0
0.0
0.0
0.0
0.0
0.0
0.0
0.0
0.0
0.0
0.0
0.0
0.0
0.0
0.0
0.0
0.0
0.0
0.0
0.0
0.0
0.0
0.0
0.0
0.0
0.0
0.0
0.0
0.0
0.0
0.0
0.0
0.0
0.0
0.0
0.0
0.0
0.0
0.0
0.0
0.0
0.0
0.0
0.0
0.0
0.0
0.0
0.0
0.0
0.0
0.0
0.0
0.0
0.0
0.0
0.0
0.0
0.0
0.0
0.0
0.0
0.0
0.0
0.0
0.0
0.0
0.0
0.0
0.0
0.0
0.0
0.0
0.0
0.0
0.0
0.0
0.0
0.0
0.0
0.0
0.0
0.0
0.0
0.0
0.0
0.0
0.0
0.0
0.0
0.0
0.0
0.0
0.0
0.0
0.0
0.0
0.0
0.0
0.0
0.0
0.0
0.0
0.0
0.0
0.0
0.0
0.0
0.0
0.0
0.0
0.0
0.0
0.0
0.0
0.0
0.0
0.0
0.0
0.0
0.0
0.0
0.0
0.0
0.0
0.0
0.0
0.0
0.0
0.0
0.0
0.0
0.0
0.0
0.0
0.0
0.0
0.0
0.0
0.0
0.0
0.0
0.0
0.0
0.0
0.0
0.0
0.0
0.0
0.0
0.0
0.0
0.0
0.0
0.0
0.0
0.0
0.0
0.0
0.0
0.0
0.0
0.0
0.0
0.0
0.0
0.0
0.0
0.0
0.0
0.0
0.0
0.0
0.0
0.0
0.0
0.0
0.0
0.0
0.0
0.0
0.0
0.0
0.0
0.0
0.0
0.0
0.0
0.0
0.0
0.0
0.0
0.0
0.0
0.0
0.0
0.0
0.0
0.0
0.0
0.0
0.0
0.0
0.0
0.0
0.0
0.0
0.0
0.0
0.0
0.0
0.0
0.0
0.0
0.0
0.0
0.0
0.0
0.0
0.0
0.0
0.0
0.0
0.0
0.0
0.0
0.0
0.0
0.0
0.0
0.0
0.0
0.0
0.0
0.0
0.0
0.0
0.0
0.0
0.0
0.0
0.0
0.0
0.0
0.0
0.0
0.0
0.0
0.0
0.0
0.0
0.0
0.0
0.0
0.0
0.0
0.0
0.0
0.0
0.0
0.0
0.0
0.0
0.0
0.0
0.0
0.0
0.0
0.0
0.0
0.0
0.0
0.0
0.0
0.0
0.0
0.0
0.0
0.0
0.0
0.0
0.0
0.0
0.0
0.0
0.0
0.0
0.0
0.0
0.0
0.0
0.0
0.0
0.0
0.0
0.0
0.0
0.0
0.0
0.0
0.0
0.0
0.0
0.0
0.0
0.0
0.0
0.0
0.0
0.0
0.0
0.0
0.0
0.0
0.0
0.0
0.0
0.0
0.0
0.0
0.0
0.0
0.0
0.0
0.0
0.0
0.0
0.0
0.0
0.0
0.0
0.0
0.0
0.0
0.0
0.0
0.0
0.0
0.0
0.0
0.0
0.0
0.0
0.0
0.0
0.0
0.0
0.0
0.0
0.0
0.0
0.0
0.0
0.0
0.0
0.0
0.0
0.0
0.0
0.0
0.0
0.0
0.0
0.0
0.0
0.0
0.0
0.0
0.0
0.0
0.0
0.0
0.0
0.0
0.0
0.0
0.0
0.0
0.0
0.0
0.0
0.0
0.0
0.0
0.0
0.0
0.0
0.0
0.0
0.0
0.0
0.0
0.0
0.0
0.0
0.0
0.0
0.0
0.0
0.0
0.0
0.0
0.0
0.0
0.0
0.0
0.0
0.0
0.0
0.0
0.0
0.0
0.0
0.0
0.0
0.0
0.0
0.0
0.0
0.0
0.0
0.0
0.0
0.0
0.0
0.0
0.0
0.0
0.0
0.0
0.0
0.0
0.0
0.0
0.0
0.0
0.0
0.0
0.0
0.0
0.0
0.0
0.0
0.0
0.0
0.0
0.0
0.0
0.0
0.0
0.0
0.0
0.0
0.0
0.0
0.0
0.0
0.0
0.0
0.0
0.0
0.0
0.0
0.0
0.0
0.0
0.0
0.0
0.0
0.0
0.0
0.0
0.0
0.0
0.0
0.0
0.0
0.0
0.0
0.0
0.0
0.0
0.0
0.0
0.0
0.0
0.0
0.0
0.0
0.0
0.0
0.0
0.0
0.0
0.0
0.0
0.0
0.0
0.0
0.0
0.0
0.0
0.0
0.0
0.0
0.0
0.0
0.0
0.0
0.0
0.0
0.0
0.0
0.0
0.0
0.0
0.0
0.0
0.0
0.0
0.0
0.0
0.0
0.0
0.0
0.0
0.0
0.0
0.0
0.0
0.0
0.0
0.0
0.0
0.0
0.0
0.0
0.0
0.0
0.0
0.0
0.0
0.0
0.0
0.0
0.0
0.0
0.0
0.0
0.0
0.0
0.0
0.0
0.0
0.0
0.0
0.0
0.0
0.0
0.0
0.0
0.0
0.0
0.0
0.0
0.0
0.0
0.0
0.0
0.0
0.0
0.0
0.0
0.0
0.0
0.0
0.0
0.0
0.0
0.0
0.0
0.0
0.0
0.0
0.0
0.0
0.0
0.0
0.0
0.0
0.0
0.0
0.0
0.0
0.0
0.0
0.0
0.0
0.0
0.0
0.0
0.0
0.0
0.0
0.0
0.0
0.0
0.0
0.0
0.0
0.0
0.0
0.0
0.0
0.0
0.0
0.0
0.0
0.0
0.0
0.0
0.0
0.0
0.0
0.0
0.0
0.0
0.0
0.0
0.0
0.0
0.0
0.0
0.0
0.0
0.0
0.0
0.0
0.0
0.0
0.0
0.0
0.0
0.0
0.0
0.0
0.0
0.0
0.0
0.0
0.0
0.0
0.0
0.0
0.0
0.0
0.0
0.0
0.0
0.0
0.0
0.0
0.0
0.0
0.0
0.0
0.0
0.0
0.0
0.0
0.0
0.0
0.0
0.0
0.0
0.0
0.0
0.0
0.0
0.0
0.0
0.0
0.0
0.0
0.0
0.0
0.0
0.0
0.0
0.0
0.0
0.0
0.0
0.0
0.0
0.0
0.0
0.0
0.0
0.0
0.0
0.0
0.0
0.0
0.0
0.0
0.0
0.0
0.0
0.0
0.0
0.0
0.0
0.0
0.0
0.0
0.0
0.0
0.0
0.0
0.0
0.0
0.0
0.0
0.0
0.0
0.0
0.0
0.0
0.0
0.0
0.0
0.0
0.0
0.0
0.0
0.0
0.0
0.0
0.0
0.0
0.0
0.0
0.0
0.0
0.0
0.0
0.0
0.0
0.0
0.0
0.0
0.0
0.0
0.0
0.0
0.0
0.0
0.0
0.0
0.0
0.0
0.0
0.0
0.0
0.0
0.0
0.0
0.0
0.0
0.0
0.0
0.0
0.0
0.0
0.0
0.0
0.0
0.0
0.0
0.0
0.0
0.0
0.0
0.0
0.0
0.0
0.0
0.0
0.0
0.0
0.0
0.0
0.0
0.0
0.0
0.0
0.0
0.0
0.0
0.0
0.0
0.0
0.0
0.0
0.0
0.0
0.0
0.0
0.0
0.0
0.0
0.0
0.0
0.0
0.0
0.0
0.0
0.0
0.0
0.0
0.0
0.0
0.0
0.0
0.0
0.0
0.0
0.0
0.0
0.0
0.0
0.0
0.0
0.0
0.0
0.0
0.0
0.0
0.0
0.0
0.0
0.0
0.0
0.0
0.0
0.0
0.0
0.0
0.0
0.0
0.0
0.0
0.0
0.0
0.0
0.0
0.0
0.0
0.0
0.0
0.0
0.0
0.0
0.0
0.0
0.0
0.0
0.0
0.0
0.0
0.0
0.0
0.0
0.0
0.0
0.0
0.0
0.0
0.0
0.0
0.0
0.0
0.0
0.0
0.0
0.0
0.0
0.0
0.0
0.0
0.0
0.0
0.0
0.0
0.0
0.0
0.0
0.0
0.0
0.0
0.0
0.0
0.0
0.0
0.0
0.0
0.0
0.0
0.0
0.0
0.0
0.0
0.0
0.0
0.0
0.0
0.0
0.0
0.0
0.0
0.0
0.0
0.0
0.0
0.0
0.0
0.0
0.0
0.0
0.0
0.0
0.0
0.0
0.0
0.0
0.0
0.0
0.0
0.0
0.0
0.0
0.0
0.0
0.0
0.0
0.0
0.0
0.0
0.0
0.0
0.0
0.0
0.0
0.0
0.0
0.0
0.0
0.0
0.0
0.0
0.0
0.0
0.0
0.0
0.0
0.0
0.0
0.0
0.0
0.0
0.0
0.0
0.0
0.0
0.0
0.0
0.0
0.0
0.0
0.0
0.0
0.0
0.0
0.0
0.0
0.0
0.0
0.0
0.0
0.0
0.0
0.0
0.0
0.0
0.0
0.0
0.0
0.0
0.0
0.0
0.0
0.0
0.0
0.0
0.0
0.0
0.0
0.0
0.0
0.0
0.0
0.0
0.0
0.0
0.0
0.0
0.0
0.0
0.0
0.0
0.0
0.0
0.0
0.0
0.0
0.0
0.0
0.0
0.0
0.0
0.0
0.0
0.0
0.0
0.0
0.0
0.0
0.0
0.0
0.0
0.0
0.0
0.0
0.0
0.0
0.0
0.0
0.0
0.0
0.0
0.0
0.0
0.0
0.0
0.0
0.0
0.0
0.0
0.0
0.0
0.0
0.0
0.0
0.0
0.0
0.0
0.0
0.0
0.0
0.0
0.0
0.0
0.0
0.0
0.0
0.0
0.0
0.0
0.0
0.0
0.0
0.0
0.0
0.0
0.0
0.0
0.0
0.0
0.0
0.0
0.0
0.0
0.0
0.0
0.0
0.0
0.0
0.0
0.0
0.0
0.0
0.0
0.0
0.0
0.0
0.0
0.0
0.0
0.0
0.0
0.0
0.0
0.0
0.0
0.0
0.0
0.0
0.0
0.0
0.0
0.0
0.0
0.0
0.0
0.0
0.0
0.0
0.0
0.0
0.0
0.0
0.0
0.0
0.0
0.0
0.0
0.0
0.0
0.0
0.0
0.0
0.0
0.0
0.0
0.0
0.0
0.0
0.0
0.0
0.0
0.0
0.0
0.0
0.0
0.0
0.0
0.0
0.0
0.0
0.0
0.0
0.0
0.0
0.0
0.0
0.0
0.0
0.0
0.0
0.0
0.0
0.0
0.0
0.0
0.0
0.0
0.0
0.0
0.0
0.0
0.0
0.0
0.0
0.0
0.0
0.0
0.0
0.0
0.0
0.0
0.0
0.0
0.0
0.0
0.0
0.0
0.0
0.0
0.0
0.0
0.0
0.0
0.0
0.0
0.0
0.0
0.0
0.0
0.0
0.0
0.0
0.0
0.0
0.0
0.0
0.0
0.0
0.0
0.0
0.0
0.0
0.0
0.0
0.0
0.0
0.0
0.0
0.0
0.0
0.0
0.0
0.0
0.0
0.0
0.0
0.0
0.0
0.0
0.0
0.0
0.0
0.0
0.0
0.0
0.0
0.0
0.0
0.0
0.0
0.0
0.0
0.0
0.0
0.0
0.0
0.0
0.0
0.0
0.0
0.0
0.0
0.0
0.0
0.0
0.0
0.0
0.0
0.0
0.0
0.0
0.0
0.0
0.0
0.0
0.0
0.0
0.0
0.0
0.0
0.0
0.0
0.0
0.0
0.0
0.0
0.0
0.0
0.0
0.0
0.0
0.0
0.0
0.0
0.0
0.0
0.0
0.0
0.0
0.0
0.0
0.0
0.0
0.0
0.0
0.0
0.0
0.0
0.0
0.0
0.0
0.0
0.0
0.0
0.0
0.0
0.0
0.0
0.0
0.0
0.0
0.0
0.0
0.0
0.0
0.0
0.0
0.0
0.0
0.0
0.0
0.0
0.0
0.0
0.0
0.0
0.0
0.0
0.0
0.0
0.0
0.0
0.0
0.0
0.0
0.0
0.0
0.0
0.0
0.0
0.0
0.0
0.0
0.0
0.0
0.0
0.0
0.0
0.0
0.0
0.0
0.0
0.0
0.0
0.0
0.0
0.0
0.0
0.0
0.0
0.0
0.0
0.0
0.0
0.0
0.0
0.0
0.0
0.0
0.0
0.0
0.0
0.0
0.0
0.0
0.0
0.0
0.0
0.0
0.0
0.0
0.0
0.0
0.0
0.0
0.0
0.0
0.0
0.0
0.0
0.0
0.0
0.0
0.0
0.0
0.0
0.0
0.0
0.0
0.0
0.0
0.0
0.0
0.0
0.0
0.0
0.0
0.0
0.0
0.0
0.0
0.0
0.0
0.0
0.0
0.0
0.0
0.0
0.0
0.0
0.0
0.0
0.0
0.0
0.0
0.0
0.0
0.0
0.0
0.0
0.0
0.0
0.0
0.0
0.0
0.0
0.0
0.0
0.0
0.0
0.0
0.0
0.0
0.0
0.0
0.0
0.0
0.0
0.0
0.0
0.0
0.0
0.0
0.0
0.0
0.0
0.0
0.0
0.0
0.0
0.0
0.0
0.0
0.0
0.0
0.0
0.0
0.0
0.0
0.0
0.0
0.0
0.0
0.0
0.0
0.0
0.0
0.0
0.0
0.0
0.0
0.0
0.0
0.0
0.0
0.0
0.0
0.0
0.0
0.0
0.0
0.0
0.0
0.0
0.0
0.0
0.0
0.0
0.0
0.0
0.0
0.0
0.0
0.0
0.0
0.0
0.0
0.0
0.0
0.0
0.0
0.0
0.0
0.0
0.0
0.0
0.0
0.0
0.0
0.0
0.0
0.0
0.0
0.0
0.0
0.0
0.0
0.0
0.0
0.0
0.0
0.0
0.0
0.0
0.0
0.0
0.0
0.0
0.0
0.0
0.0
0.0
0.0
0.0
0.0
0.0
0.0
0.0
0.0
0.0
0.0
0.0
0.0
0.0
0.0
0.0
0.0
0.0
0.0
0.0
0.0
0.0
0.0
0.0
0.0
0.0
0.0
0.0
0.0
0.0
0.0
0.0
0.0
0.0
0.0
0.0
0.0
0.0
0.0
0.0
0.0
0.0
0.0
0.0
0.0
0.0
0.0
0.0
0.0
0.0
0.0
0.0
0.0
0.0
0.0
0.0
0.0
0.0
0.0
0.0
0.0
0.0
0.0
0.0
0.0
0.0
0.0
0.0
0.0
0.0
0.0
0.0
0.0
0.0
0.0
0.0
0.0
0.0
0.0
0.0
0.0
0.0
0.0
0.0
0.0
0.0
0.0
0.0
0.0
0.0
0.0
0.0
0.0
0.0
0.0
0.0
0.0
0.0
0.0
0.0
0.0
0.0
0.0
0.0
0.0
0.0
0.0
0.0
0.0
0.0
0.0
0.0
0.0
0.0
0.0
0.0
0.0
0.0
0.0
0.0
0.0
0.0
0.0
0.0
0.0
0.0
0.0
0.0
0.0
0.0
0.0
0.0
0.0
0.0
0.0
0.0
0.0
0.0
0.0
0.0
0.0
0.0
0.0
0.0
0.0
0.0
0.0
0.0
0.0
0.0
0.0
0.0
0.0
0.0
0.0
0.0
0.0
0.0
0.0
0.0
0.0
0.0
0.0
0.0
0.0
0.0
0.0
0.0
0.0
0.0
0.0
0.0
0.0
0.0
0.0
0.0
0.0
0.0
0.0
0.0
0.0
0.0
0.0
0.0
0.0
0.0
0.0
0.0
0.0
0.0
0.0
0.0
0.0
0.0
0.0
0.0
0.0
0.0
0.0
0.0
0.0
0.0
0.0
0.0
0.0
0.0
0.0
0.0
0.0
0.0
0.0
0.0
0.0
0.0
0.0
0.0
0.0
0.0
0.0
0.0
0.0
0.0
0.0
0.0
0.0
0.0
0.0
0.0
0.0
0.0
0.0
0.0
0.0
0.0
0.0
0.0
0.0
0.0
0.0
0.0
0.0
0.0
0.0
0.0
0.0
0.0
0.0
0.0
0.0
0.0
0.0
0.0
0.0
0.0
0.0
0.0
0.0
0.0
0.0
0.0
0.0
0.0
0.0
0.0
0.0
0.0
0.0
0.0
0.0
0.0
0.0
0.0
0.0
0.0
0.0
0.0
0.0
0.0
0.0
0.0
0.0
0.0
0.0
0.0
0.0
0.0
0.0
0.0
0.0
0.0
0.0
0.0
0.0
0.0
0.0
0.0
0.0
0.0
0.0
0.0
0.0
0.0
0.0
0.0
0.0
0.0
0.0
0.0
0.0
0.0
0.0
0.0
0.0
0.0
0.0
0.0
0.0
0.0
0.0
0.0
0.0
0.0
0.0
0.0
0.0
0.0
0.0
0.0
0.0
0.0
0.0
0.0
0.0
0.0
0.0
0.0
0.0
0.0
0.0
0.0
0.0
0.0
0.0
0.0
0.0
0.0
0.0
0.0
0.0
0.0
0.0
0.0
0.0
0.0
0.0
0.0
0.0
0.0
0.0
0.0
0.0
0.0
0.0
0.0
0.0
0.0
0.0
0.0
0.0
0.0
0.0
0.0
0.0
0.0
0.0
0.0
0.0
0.0
0.0
0.0
0.0
0.0
0.0
0.0
0.0
0.0
0.0
0.0
0.0
0.0
0.0
0.0
0.0
0.0
0.0
0.0
0.0
0.0
0.0
0.0
0.0
0.0
0.0
0.0
0.0
0.0
0.0
0.0
0.0
0.0
0.0
0.0
0.0
0.0
0.0
0.0
0.0
0.0
0.0
0.0
0.0
0.0
0.0
0.0
0.0
0.0
0.0
0.0
0.0
0.0
0.0
0.0
0.0
0.0
0.0
0.0
0.0
0.0
0.0
0.0
0.0
0.0
0.0
0.0
0.0
0.0
0.0
0.0
0.0
0.0
0.0
0.0
0.0
0.0
0.0
0.0
0.0
0.0
0.0
0.0
0.0
0.0
0.0
0.0
0.0
0.0
0.0
0.0
0.0
0.0
0.0
0.0
0.0
0.0
0.0
0.0
0.0
0.0
0.0
0.0
0.0
0.0
0.0
0.0
0.0
0.0
0.0
0.0
0.0
0.0
0.0
0.0
0.0
0.0
0.0
0.0
0.0
0.0
0.0
