1.039713051215146
1.039713051215146
1.0396198110293202
1.0396198110293202
1.0396029553951849
1.0378118001780128
1.0345034188071154
1.0345034188071154
1.0345034188071154
1.0323182422506736
1.0303150451241714
1.0303150451241714
1.0294857151000352
1.0292394138183711
1.0287810402702742
1.0287810402702742
1.0287810402702742
1.0278636794028946
1.026993795681282
1.026691056528916
1.0249685736168397
1.0249685736168397
1.0247929596688055
1.0209830565586844
1.0209345672022012
1.0184662152733235
1.0148243298299464
1.0148243298299464
1.012390541711247
1.0123535273310895
1.0071573430467344
1.0036199171430213
1.000297076085738
1.0001543202759173
0.9901046200936043
0.9901046200936043
0.9784949884805582
0.9775225546514626
0.9774832497042631
0.9743352981138451
0.9743352981138451
0.9743352981138451
0.9696624152589504
0.9555259553525481
0.9336942126085672
0.9336942126085672
0.9333045663676771
0.9332582814134588
0.9332582814134588
0.9332582814134588
0.9325048319194504
0.9325048319194504
0.9302399706159833
0.9302399706159833
0.9295119813325142
0.9295119813325142
0.9295119813325142
0.9295119813325142
0.9271105245260614
0.9271105245260614
0.9271105245260614
0.9228358504783825
0.9214395456076212
0.8224209423229725
0.8216308954084113
0.8215873996588321
0.8214865753271691
0.8214865753271691
0.8212416854806391
0.8212416854806391
0.8210781592046584
0.8210781592046584
0.818995556429633
0.8101195641654073
0.8101195641654073
0.8099287927300314
0.7983268900946645
0.7903463381492235
0.7903463381492235
0.7289402301689202
0.726354877389191
0.6997294021459612
0.6988399480931218
0.6788562029543274
0.6745389766996575
0.6732427024965206
0.6680500117536337
0.6619442330448875
0.580760695552647
0.580760695552647
0.5572096201266423
0.5572096201266423
0.555635733462428
0.5305837792995759
0.5283551996739496
0.5170326446889411
0.5130122914769132
0.5006202102292292
0.5004834995392661
0.49373123807744446
0.4503602047961899
0.44450402084729435
0.4364069928049391
0.4069991754290957
0.39647387589305527
0.39440390000592185
0.39440390000592185
0.38924916309380786
0.38924916309380786
0.3525779370253115
0.35217856243523615
0.3504609433413107
0.3501818930888416
0.3501818930888416
0.3501818930888416
0.3501818930888416
0.34059097615535683
0.34059097615535683
0.32828110421715984
0.32768944183579596
0.3266987988159855
0.3206841500560934
0.32008977728108146
0.3066600153082403
0.3066600153082403
0.3066600153082403
0.29605805471983726
0.28477713782021996
0.28477713782021996
0.28477713782021996
0.28477713782021996
0.28477713782021996
0.28457011862315384
0.28457011862315384
0.28457011862315384
0.28358601888494206
0.24747293419397787
0.24747293419397787
0.2470369018062375
0.2469896321913373
0.2469766650322741
0.2469766650322741
0.2365300975766459
0.2365300975766459
0.23439639318178063
0.23439639318178063
0.19403881585422023
0.16147328424107754
0.16147328424107754
0.16147328424107754
0.1326480914443373
0.1326480914443373
0.1326480914443373
0.1326480914443373
0.13264278386707384
0.13256636691114942
0.13256636691114942
0.13243838618500714
0.13243838618500714
0.11549134442246867
0.10253636701026636
0.10253253276682672
0.10200238769803416
0.10188036466039874
0.09283217913967545
0.09260370312477217
0.09244630927405584
0.09244412230230181
0.09237336712919175
0.09237336712919175
0.09231419094941629
0.06394826283584543
0.06394826283584543
0.06385921960264018
0.06385921960264018
0.06380470680015371
0.06380470680015371
0.06380470680015371
0.06376623333378628
0.06304926346850503
0.06300622777685239
0.06300622777685239
0.06280833699845889
0.06128034964066542
0.06065560632498701
0.06065560632498701
0.06056536563555648
0.06056536563555648
0.060527466743471536
0.060527466743471536
0.060527466743471536
0.060031562218079815
0.059950290664691264
0.059950290664691264
0.04559255206844248
0.045580138858447916
0.04557541411199317
0.04436595646206121
0.044330661639767066
0.044330661639767066
0.04431082694128141
0.04431082694128141
0.04408746935029528
0.04408746935029528
0.04213151975186047
0.04213151975186047
0.04213151975186047
0.04213151975186047
0.04213151975186047
0.04213151975186047
0.04213151975186047
0.04213151975186047
0.04213151975186047
0.03597704170299465
0.03597512867358388
0.03597512867358388
0.0359511066715138
0.03499589644861312
0.03499589644861312
0.03499589644861312
0.03499333840613017
0.03211461445108266
0.026726638995432594
0.02668550016940241
0.02668550016940241
0.02049624690078322
0.02049624690078322
0.020496244585993417
0.02049621337897123
0.019868887759160958
0.019862176167112167
0.019825611688759626
0.019825611688759626
0.019529451116360175
0.01917680006896305
0.016049517059372187
0.01604651194854967
0.016044512277059053
0.016044512277059053
0.016044512277059053
0.013210818934278334
0.013210702379057637
0.013210702379057637
0.01320903162023801
0.01320903162023801
0.01318532887997359
0.013185321856133525
0.013185321856133525
0.013185081905411122
0.013173820249142265
0.013052195612783923
0.013052169378301781
0.012978123806104747
0.012978123806104747
0.012978123806104747
0.012978123806104747
0.012978123806104747
0.012978123806104747
0.01297630055058041
0.01297630055058041
0.01297630055058041
0.012975143583330184
0.012959652785819675
0.012959405259817536
0.012959069854014627
0.011653864160010241
0.0031986939793461344
0.0031957866837314386
0.0031954253545251055
0.0031954253545251055
0.0031954253545251055
0.0031953908270775377
0.0031612885989461548
0.0031610880533652352
0.0031610679397438
0.0031610394776413475
0.0031610394776413475
0.0030818700055271764
0.0030735499315968084
0.0030735499315968084
0.0030734872236369837
0.003073483571581437
0.0030734376125367557
0.003073409698809315
0.003073409698809315
0.001379717812359016
0.001379717812359016
0.001379717812359016
0.0012672527907288123
0.0012672527907288123
0.0012651158781213923
0.0012651158781213923
0.0012647129420469971
0.001261761748728163
0.001256079340003713
0.00125317293843763
0.00125317293843763
0.00125317293843763
0.00125317293843763
0.00125317293843763
0.00125317293843763
0.00125317293843763
0.0009108467426174327
0.0008385565615762758
0.0008385565615762758
0.0008361744567542129
0.0008361744567542129
0.000715909403518955
0.0007147380812223547
0.0007140030633527861
0.0007140030633527861
0.0007140030633527861
0.0007015283609895784
0.0006990071325431169
0.0006988510006286086
0.0006988510006286086
0.0006988487485832806
0.0006987965369344984
0.0006986365894094959
0.0006986365894094959
0.0006986365894094959
0.0006986259080541402
0.0006986259080541402
0.0006986259080541402
0.0006986259080541402
0.0006984148383363253
0.0006984148383363253
0.0006833227509106532
0.0006833227509106532
0.0006833227509106532
0.0006746228517319208
0.0006746228517319208
0.0006745617261617598
0.0006745539079057172
0.00040704118986545357
0.00040700797425052837
0.00040700797425052837
0.00040583759162649
0.00040583698612062236
0.00040583698612062236
0.00040583698612062236
0.00040583698612062236
0.00033475449276709757
0.00031898724430046155
0.00031898724430046155
0.00031898184005285657
0.0003189194715995658
0.0003185788611815843
0.0003185675339785199
0.00031856190764434356
0.00031856190764434356
0.0003183185113454501
0.0003183184676733841
0.0003183184676733841
4.775343541485455e-05
4.7318543280550074e-05
4.7219282537036555e-05
4.720422629889143e-05
2.617315699993128e-05
2.6173156164155387e-05
2.6173156164155387e-05
2.3004558248329587e-05
2.298250719423578e-05
2.298250719423578e-05
2.298250719423578e-05
2.298250719423578e-05
2.2976977701483214e-05
2.296620923003534e-05
2.296620923003534e-05
2.285511131960849e-05
2.2854125979243634e-05
2.2854125979243634e-05
2.283746759323968e-05
2.283746759323968e-05
2.283746759323968e-05
2.283746759323968e-05
2.283746759323968e-05
2.283546466674835e-05
2.283546466674835e-05
2.283546466674835e-05
2.283546466674835e-05
2.268714796094251e-05
2.268699179375222e-05
2.268699179375222e-05
2.268699179375222e-05
2.268699179375222e-05
2.268699179375222e-05
2.2681757288145477e-05
2.2681757288145477e-05
2.268155459184129e-05
2.268155459184129e-05
2.268155459184129e-05
2.268155459184129e-05
2.268151911333227e-05
2.2680463563351516e-05
2.2680463563351516e-05
2.2680463563351516e-05
2.266440138132264e-05
2.266440138132264e-05
2.257038968500602e-05
2.256913597376009e-05
2.256913597376009e-05
2.256913597376009e-05
2.256913597376009e-05
2.2517274070987803e-05
2.2517274070987803e-05
2.250545361570655e-05
1.816374550467348e-05
1.2725168552218946e-05
1.27165150044517e-05
1.2711488522665348e-05
1.2711488522665348e-05
1.270920276075227e-05
1.2708374461434246e-05
1.2707150852553362e-05
1.2497138455525025e-05
1.2497138455525025e-05
1.2497138455525025e-05
1.2497138455525025e-05
1.2496779845494466e-05
1.2496779845494466e-05
1.2494980514143883e-05
1.2494499801118941e-05
1.2494499801118941e-05
1.249274161696512e-05
1.2490206685034089e-05
1.2490206685034089e-05
1.2490206685034089e-05
1.2490144707721917e-05
1.2324600361601767e-05
1.1786913466704796e-05
1.1715863132755189e-05
1.1715863132755189e-05
1.1715863132755189e-05
1.1100515575734882e-05
1.108132316784971e-05
1.108132316784971e-05
1.108132316784971e-05
1.108132316784971e-05
1.108132316784971e-05
1.1080344936020836e-05
1.0949049633834917e-05
8.902801254984105e-06
8.902530516108342e-06
8.902519138431764e-06
8.901562851271194e-06
8.901562851271194e-06
3.4841895180104387e-06
3.481541501870744e-06
3.4808782287676365e-06
3.4808782287676365e-06
3.4781330591204807e-06
3.435462224143926e-06
3.434277428659982e-06
3.434277428659982e-06
3.434277428659982e-06
3.434277428659982e-06
3.383821520985819e-06
3.38379231867858e-06
3.383709635929044e-06
3.383709635929044e-06
3.383709635929044e-06
3.383703383041947e-06
3.383703383041947e-06
3.383703383041947e-06
2.2402691358669458e-06
2.2402691358669458e-06
2.2402691358669458e-06
2.2402691358669458e-06
2.2247162628774575e-06
2.2247162628774575e-06
2.2246865077901745e-06
2.0336648165475424e-06
2.0332458884331217e-06
2.0302204049027495e-06
2.0302175121056365e-06
2.0302173259212353e-06
2.0289562583375442e-06
1.8762726735621627e-06
1.8762726735621627e-06
1.8762726735621627e-06
1.876245341536631e-06
1.876245341536631e-06
1.8010615813190967e-06
1.8009775127891814e-06
1.8009775127891814e-06
1.8009775127891814e-06
1.8009774882532525e-06
1.8009774882532525e-06
1.8009774882532525e-06
1.8009774882532525e-06
1.8000849172361555e-06
1.8000849172361555e-06
1.8000849172361555e-06
1.8000849172361555e-06
1.799392336132577e-06
1.799392336132577e-06
1.7993921985759442e-06
1.6168662236859532e-06
1.6168662236859532e-06
1.6160403614184915e-06
1.6160403614184915e-06
1.6160033622369951e-06
1.6160033622369951e-06
1.6160033622369951e-06
1.6160033622369951e-06
1.607099440636972e-06
1.607099440636972e-06
1.606518060581763e-06
1.606518060581763e-06
1.6064645483870876e-06
1.6064633487911095e-06
1.6060944202367367e-06
1.6059976125637476e-06
1.6059976125637476e-06
1.6059956304825818e-06
1.6058137159991048e-06
1.5938890808309125e-06
1.5938890808309125e-06
1.5938890808309125e-06
1.5938890808309125e-06
1.5938890808309125e-06
1.5938890808309125e-06
1.5846546068676304e-06
1.5846546068676304e-06
1.5843999988662816e-06
1.5836459351659116e-06
1.5836459351659116e-06
1.5836459351659116e-06
1.5836452816886393e-06
1.5836452816886393e-06
1.5836452816886393e-06
1.582047427173272e-06
1.582047427173272e-06
1.582047427173272e-06
1.582047427173272e-06
1.582047427173272e-06
1.582047427173272e-06
1.58204634215231e-06
1.5820425934842675e-06
1.5820425934842675e-06
1.5576995121557857e-06
1.552664504744783e-06
1.5509722521844793e-06
1.5509718523931681e-06
1.5471088548046907e-06
1.5471088548046907e-06
1.5471088548046907e-06
1.5471088548046907e-06
1.5470938511397136e-06
1.5470938511397136e-06
1.5470880901924389e-06
1.5451059218740681e-06
1.5451059218740681e-06
1.5451059218740681e-06
1.5299672619928373e-06
1.5298984996636733e-06
1.5298984996636733e-06
1.5298984996636733e-06
1.5298474153047081e-06
1.529808815070588e-06
1.529808815070588e-06
1.5298086779580444e-06
1.529808545286393e-06
1.5246782161248973e-06
1.5246782161248973e-06
1.5246765274756768e-06
1.524672804786853e-06
1.524672804786853e-06
1.524672804786853e-06
1.524672804786853e-06
1.524672804786853e-06
1.5244864411956272e-06
1.5244768581945678e-06
1.077002779070746e-06
1.077002779070746e-06
1.077002779070746e-06
1.077002779070746e-06
1.0770025870021627e-06
9.994407280666806e-07
2.574509906372313e-07
2.5494782018853357e-07
2.5494763855604674e-07
2.5494763855604674e-07
2.2230064011807826e-07
2.2230064011807826e-07
2.2230064011807826e-07
2.2157353396501378e-07
1.8984179328551676e-07
1.8984174698921663e-07
1.8984174698921663e-07
1.8984174698921663e-07
1.898417409940123e-07
1.7521267259290596e-07
4.654237373280523e-08
4.654237373280523e-08
4.65395273430147e-08
4.639632211755895e-08
4.4845928304226845e-08
4.4845928304226845e-08
4.4845928304226845e-08
4.4845928304226845e-08
4.4845807511961766e-08
4.4845807511961766e-08
4.4845807511961766e-08
4.4845807511961766e-08
4.4845807511961766e-08
4.475881676402338e-08
4.475881676402338e-08
4.47587409357908e-08
3.890611788293086e-08
3.890611788293086e-08
3.881009558170945e-08
3.365006873146115e-08
3.3649153019510436e-08
3.353116961868352e-08
3.353116961868352e-08
3.353116961868352e-08
3.353116595494754e-08
3.353116595494754e-08
3.353116595494754e-08
3.3480778816041834e-08
3.3480767158700075e-08
3.348067256769838e-08
3.3432901447305596e-08
3.3432901447305596e-08
3.3432901447305596e-08
3.3432901447305596e-08
3.3432200785554755e-08
3.3432200785554755e-08
3.3432200785554755e-08
3.3432200785554755e-08
3.343220023044324e-08
3.3432189905369114e-08
3.3432189905369114e-08
3.2151173834371605e-08
3.1663264898895704e-08
3.1663264898895704e-08
3.1663188737596215e-08
1.4646008628105278e-08
1.4646008628105278e-08
1.46434352421565e-08
1.4642608681114666e-08
1.4641371448576024e-08
1.451360243098776e-08
1.451360243098776e-08
1.4513601653831643e-08
1.4513601653831643e-08
9.240004650301614e-09
9.239488396595164e-09
9.238252163257243e-09
9.238252163257243e-09
9.237280940155301e-09
9.23719789547306e-09
9.23719789547306e-09
9.23719789547306e-09
9.23461007662496e-09
9.23461007662496e-09
9.23461007662496e-09
9.23169307665006e-09
9.207626550100656e-09
9.20666731740738e-09
9.20666731740738e-09
7.59960838703222e-09
7.599596618668158e-09
7.599596618668158e-09
7.50601891752467e-09
7.506017252190134e-09
7.506017252190134e-09
7.50601258925343e-09
7.50601258925343e-09
7.505692067866221e-09
7.504589949469676e-09
7.504589949469676e-09
7.500359444634341e-09
7.483037856026442e-09
7.482890196364167e-09
7.471615548482191e-09
7.471615548482191e-09
7.471615548482191e-09
7.47116013499749e-09
7.47116013499749e-09
7.470993823588401e-09
7.46700556941704e-09
7.46700556941704e-09
7.46700556941704e-09
7.46700556941704e-09
7.467005458394738e-09
7.466927298693804e-09
7.466927298693804e-09
7.466926965626897e-09
7.466926743582292e-09
6.502981264588925e-09
6.502981264588925e-09
6.502970384403284e-09
6.502970384403284e-09
6.502970384403284e-09
5.614612996751589e-09
5.614612774706984e-09
3.972725370893215e-09
3.972717377287438e-09
3.845483487197043e-09
3.845483487197043e-09
3.845483487197043e-09
3.0309633691771865e-09
3.0309633691771865e-09
3.0309633691771865e-09
3.0309412757389964e-09
3.0309412757389964e-09
3.0309412757389964e-09
3.0309412757389964e-09
3.030805828529992e-09
3.0307341081226014e-09
3.0307341081226014e-09
9.764201669426598e-10
9.764201669426598e-10
9.764176134297031e-10
9.764176134297031e-10
9.764176134297031e-10
5.411483483541701e-10
5.411479042649603e-10
5.349446441371697e-10
5.349337639515284e-10
5.349244380781215e-10
5.34924327055819e-10
5.34924327055819e-10
5.34924327055819e-10
5.34924327055819e-10
2.547227984095457e-10
2.547225763649408e-10
2.5471413866995363e-10
2.5471413866995363e-10
2.5471413866995363e-10
2.5471413866995363e-10
2.5471413866995363e-10
2.5471413866995363e-10
2.4777890850202766e-10
1.9852852695123602e-10
1.9852852695123602e-10
1.9778378934631746e-10
1.977833452571076e-10
1.6592871521226016e-10
1.6592871521226016e-10
1.6592871521226016e-10
1.6571943817211832e-10
1.656952353101815e-10
1.656952353101815e-10
1.656952353101815e-10
1.6364642974053822e-10
1.606035304746456e-10
1.170216146206826e-10
1.170216146206826e-10
1.1700518331991816e-10
1.1696321688958733e-10
1.1696321688958733e-10
1.1673451094651455e-10
1.1341005912157698e-10
1.1280876233143999e-10
1.1280876233143999e-10
1.1280876233143999e-10
1.1256939824733081e-10
1.1256939824733081e-10
1.1256828802430618e-10
1.1256828802430618e-10
1.1256828802430618e-10
7.899958465173995e-11
7.89973642056907e-11
7.89973642056907e-11
7.899370046970944e-11
7.7571837842072e-11
7.756173481254791e-11
7.616740571592118e-11
7.616740571592118e-11
7.615452712883553e-11
7.615452712883553e-11
7.615452712883553e-11
7.605083229833554e-11
7.605083229833554e-11
7.60026486190668e-11
4.2685188716973244e-11
4.2685188716973244e-11
4.2685188716973244e-11
4.2685188716973244e-11
4.2685188716973244e-11
4.2685188716973244e-11
4.267319830830729e-11
4.26391144614513e-11
2.3557267248008884e-11
2.3054114173248763e-11
2.3054114173248763e-11
2.3054114173248763e-11
2.3054114173248763e-11
2.3054114173248763e-11
1.5444756584770403e-11
1.5431211863869976e-11
1.5046741630442284e-11
1.5035750422498495e-11
1.5035750422498495e-11
1.5035750422498495e-11
1.5035750422498495e-11
1.503197566421477e-11
1.503197566421477e-11
1.4955814364725484e-11
1.4955814364725484e-11
1.4955814364725484e-11
1.495570334242302e-11
1.495570334242302e-11
1.4944490089874307e-11
1.4944490089874307e-11
1.4944490089874307e-11
1.4944490089874307e-11
1.4944490089874307e-11
1.4944490089874307e-11
1.4944490089874307e-11
1.4932499681208355e-11
1.4932499681208355e-11
1.4932499681208355e-11
1.4932499681208355e-11
1.480160438660505e-11
1.480160438660505e-11
1.480160438660505e-11
1.480160438660505e-11
1.4800605185882887e-11
1.4800605185882887e-11
1.4800605185882887e-11
1.4800605185882887e-11
1.4800605185882887e-11
1.476940791889092e-11
1.476585520521212e-11
1.476496702679242e-11
1.476496702679242e-11
1.476496702679242e-11
1.476496702679242e-11
1.476496702679242e-11
1.476496702679242e-11
1.475963795627422e-11
1.475963795627422e-11
1.475963795627422e-11
1.475963795627422e-11
1.475963795627422e-11
1.475963795627422e-11
1.475963795627422e-11
1.475963795627422e-11
1.475963795627422e-11
1.475841671094713e-11
1.473898780801619e-11
1.473898780801619e-11
1.473898780801619e-11
1.4738654741108803e-11
1.473854371880634e-11
1.473854371880634e-11
1.473854371880634e-11
1.473854371880634e-11
1.473854371880634e-11
1.473854371880634e-11
1.473854371880634e-11
1.4737988607294028e-11
1.4737988607294028e-11
1.4737988607294028e-11
1.4737988607294028e-11
1.4737988607294028e-11
1.4737988607294028e-11
1.4737988607294028e-11
1.4737988607294028e-11
1.4737988607294028e-11
1.4737988607294028e-11
1.4737988607294028e-11
1.473765554038664e-11
1.473765554038664e-11
1.473765554038664e-11
9.643619236499035e-12
9.643619236499035e-12
9.643619236499035e-12
9.643619236499035e-12
9.643619236499035e-12
9.643619236499035e-12
9.64339719189411e-12
9.378497978218547e-12
9.378497978218547e-12
9.378386955916085e-12
9.378386955916085e-12
9.378386955916085e-12
9.378386955916085e-12
9.378386955916085e-12
9.378386955916085e-12
9.378386955916085e-12
9.377942866706235e-12
9.377942866706235e-12
9.377942866706235e-12
9.37461219763236e-12
9.37461219763236e-12
9.37461219763236e-12
9.374390153027434e-12
9.374390153027434e-12
9.374390153027434e-12
9.374390153027434e-12
9.374390153027434e-12
9.374390153027434e-12
9.374390153027434e-12
9.374390153027434e-12
9.374390153027434e-12
9.374390153027434e-12
9.374390153027434e-12
9.374390153027434e-12
9.374390153027434e-12
9.371614595465871e-12
9.371614595465871e-12
9.371614595465871e-12
9.371614595465871e-12
9.371614595465871e-12
9.371614595465871e-12
9.371614595465871e-12
9.371614595465871e-12
9.371614595465871e-12
9.371614595465871e-12
9.371614595465871e-12
9.371614595465871e-12
9.371614595465871e-12
9.371614595465871e-12
9.371614595465871e-12
9.371614595465871e-12
9.371614595465871e-12
9.371614595465871e-12
9.371614595465871e-12
9.371614595465871e-12
9.371614595465871e-12
9.371614595465871e-12
9.371614595465871e-12
9.371614595465871e-12
9.371614595465871e-12
9.371614595465871e-12
9.371614595465871e-12
9.371614595465871e-12
9.371614595465871e-12
9.371614595465871e-12
9.371614595465871e-12
9.371614595465871e-12
9.371614595465871e-12
9.371614595465871e-12
9.371614595465871e-12
9.371614595465871e-12
9.371614595465871e-12
9.371614595465871e-12
9.368839037904308e-12
9.368839037904308e-12
9.368616993299383e-12
9.368616993299383e-12
9.368616993299383e-12
9.368616993299383e-12
9.368616993299383e-12
9.367062681064908e-12
9.367062681064908e-12
9.36584143573782e-12
9.36584143573782e-12
9.36584143573782e-12
9.36584143573782e-12
9.36584143573782e-12
9.36584143573782e-12
9.36584143573782e-12
9.36584143573782e-12
9.36584143573782e-12
9.36584143573782e-12
9.36584143573782e-12
9.36584143573782e-12
9.36584143573782e-12
9.36584143573782e-12
9.36584143573782e-12
9.36584143573782e-12
9.36584143573782e-12
9.36584143573782e-12
9.36584143573782e-12
9.36584143573782e-12
9.36584143573782e-12
9.36584143573782e-12
9.36584143573782e-12
9.36584143573782e-12
9.36584143573782e-12
1.1847189895775045e-12
1.184607967275042e-12
1.184607967275042e-12
1.1844969449725795e-12
1.1844969449725795e-12
1.1844969449725795e-12
1.1844969449725795e-12
1.1844969449725795e-12
1.1844969449725795e-12
1.1844969449725795e-12
1.1844969449725795e-12
1.1844969449725795e-12
1.1844969449725795e-12
1.183941833460267e-12
1.183941833460267e-12
1.183941833460267e-12
1.183719788855342e-12
1.183719788855342e-12
1.183719788855342e-12
1.183719788855342e-12
1.183719788855342e-12
1.183719788855342e-12
1.183719788855342e-12
1.183719788855342e-12
1.183719788855342e-12
1.1778356068248286e-12
1.1778356068248286e-12
1.1778356068248286e-12
1.1716183578869277e-12
1.1716183578869277e-12
1.1716183578869277e-12
1.1716183578869277e-12
1.1716183578869277e-12
1.1693979118376774e-12
1.1693979118376774e-12
1.1693979118376774e-12
1.1693979118376774e-12
1.1693979118376774e-12
1.1693979118376774e-12
1.1693979118376774e-12
1.166733376578577e-12
1.166733376578577e-12
1.166733376578577e-12
1.1659562204613394e-12
1.1659562204613394e-12
1.1659562204613394e-12
1.1659562204613394e-12
1.1659562204613394e-12
1.1659562204613394e-12
1.1659562204613394e-12
1.1659562204613394e-12
1.1657341758564144e-12
1.1657341758564144e-12
1.1657341758564144e-12
1.1657341758564144e-12
1.1657341758564144e-12
1.1657341758564144e-12
1.1657341758564144e-12
1.1657341758564144e-12
1.1657341758564144e-12
1.1649570197391768e-12
1.1646239528317892e-12
1.1646239528317892e-12
1.1646239528317892e-12
1.1646239528317892e-12
1.1645129305293267e-12
1.1645129305293267e-12
1.1645129305293267e-12
1.1645129305293267e-12
1.1645129305293267e-12
1.1645129305293267e-12
1.1645129305293267e-12
1.1645129305293267e-12
1.1645129305293267e-12
1.1645129305293267e-12
1.1641798636219391e-12
1.1641798636219391e-12
1.1641798636219391e-12
1.1641798636219391e-12
1.1641798636219391e-12
1.1641798636219391e-12
1.1641798636219391e-12
1.1641798636219391e-12
1.1641798636219391e-12
1.1641798636219391e-12
1.1641798636219391e-12
1.1641798636219391e-12
1.1641798636219391e-12
1.1640688413194766e-12
1.1640688413194766e-12
1.1640688413194766e-12
1.1640688413194766e-12
1.1640688413194766e-12
1.1640688413194766e-12
1.1636247521096266e-12
1.1636247521096266e-12
1.1636247521096266e-12
1.1636247521096266e-12
1.1636247521096266e-12
1.1636247521096266e-12
1.1636247521096266e-12
1.1631806628997765e-12
1.1631806628997765e-12
1.5076828674409626e-13
1.5076828674409626e-13
1.5076828674409626e-13
1.5076828674409626e-13
1.5076828674409626e-13
1.5076828674409626e-13
1.5076828674409626e-13
1.5076828674409626e-13
1.5076828674409626e-13
1.5076828674409626e-13
1.5076828674409626e-13
1.5076828674409626e-13
1.5076828674409626e-13
1.5076828674409626e-13
1.5076828674409626e-13
1.5076828674409626e-13
1.5076828674409626e-13
1.5076828674409626e-13
1.5076828674409626e-13
1.5076828674409626e-13
1.5076828674409626e-13
1.5076828674409626e-13
1.5076828674409626e-13
1.5076828674409626e-13
1.5076828674409626e-13
1.5076828674409626e-13
1.5076828674409626e-13
1.5076828674409626e-13
1.5065726444163374e-13
1.5065726444163374e-13
1.5065726444163374e-13
1.5065726444163374e-13
1.5065726444163374e-13
1.5065726444163374e-13
1.5065726444163374e-13
1.5065726444163374e-13
1.5065726444163374e-13
1.5065726444163374e-13
1.5065726444163374e-13
1.5065726444163374e-13
1.5065726444163374e-13
1.5065726444163374e-13
1.5065726444163374e-13
1.5065726444163374e-13
1.5065726444163374e-13
1.5065726444163374e-13
1.5065726444163374e-13
1.5065726444163374e-13
1.5065726444163374e-13
1.5065726444163374e-13
1.5065726444163374e-13
1.5065726444163374e-13
1.5065726444163374e-13
1.5065726444163374e-13
1.5065726444163374e-13
1.5065726444163374e-13
1.5065726444163374e-13
1.5065726444163374e-13
1.5065726444163374e-13
1.5065726444163374e-13
1.5065726444163374e-13
1.5065726444163374e-13
1.5065726444163374e-13
1.5065726444163374e-13
1.5065726444163374e-13
1.5065726444163374e-13
1.5065726444163374e-13
1.5065726444163374e-13
1.5065726444163374e-13
1.5065726444163374e-13
1.5065726444163374e-13
1.5065726444163374e-13
1.5065726444163374e-13
1.5065726444163374e-13
1.5065726444163374e-13
1.5065726444163374e-13
1.5065726444163374e-13
1.5065726444163374e-13
1.5065726444163374e-13
1.5065726444163374e-13
1.5065726444163374e-13
1.5065726444163374e-13
1.5065726444163374e-13
1.5065726444163374e-13
1.5065726444163374e-13
1.5065726444163374e-13
1.5065726444163374e-13
1.5065726444163374e-13
1.5065726444163374e-13
1.5010215292932116e-13
1.5010215292932116e-13
1.5010215292932116e-13
1.5010215292932116e-13
1.5010215292932116e-13
1.5010215292932116e-13
1.5010215292932116e-13
1.4976908602193362e-13
1.4976908602193362e-13
1.4976908602193362e-13
1.4976908602193362e-13
1.4976908602193362e-13
1.4976908602193362e-13
1.4976908602193362e-13
1.4976908602193362e-13
1.4976908602193362e-13
1.4976908602193362e-13
1.4976908602193362e-13
1.4976908602193362e-13
1.4976908602193362e-13
1.4976908602193362e-13
1.4976908602193362e-13
1.4976908602193362e-13
1.4976908602193362e-13
1.4976908602193362e-13
1.4976908602193362e-13
1.4976908602193362e-13
1.4976908602193362e-13
1.4976908602193362e-13
1.4976908602193362e-13
1.4976908602193362e-13
1.4976908602193362e-13
1.4976908602193362e-13
1.4976908602193362e-13
1.4976908602193362e-13
1.4976908602193362e-13
1.4976908602193362e-13
1.4976908602193362e-13
1.4976908602193362e-13
1.4976908602193362e-13
1.4976908602193362e-13
1.4976908602193362e-13
1.4976908602193362e-13
1.4976908602193362e-13
1.4976908602193362e-13
1.4976908602193362e-13
1.4976908602193362e-13
1.4976908602193362e-13
1.4976908602193362e-13
1.4976908602193362e-13
1.4976908602193362e-13
1.4976908602193362e-13
1.4976908602193362e-13
1.4976908602193362e-13
1.4976908602193362e-13
1.4976908602193362e-13
1.4976908602193362e-13
1.4976908602193362e-13
1.4976908602193362e-13
1.4976908602193362e-13
1.4976908602193362e-13
1.4976908602193362e-13
1.4976908602193362e-13
1.4976908602193362e-13
1.4976908602193362e-13
1.4976908602193362e-13
1.4976908602193362e-13
1.4976908602193362e-13
1.4976908602193362e-13
1.4976908602193362e-13
1.4976908602193362e-13
1.4976908602193362e-13
1.4976908602193362e-13
1.4976908602193362e-13
1.4976908602193362e-13
1.4976908602193362e-13
1.4976908602193362e-13
1.4976908602193362e-13
1.4976908602193362e-13
1.4976908602193362e-13
1.4976908602193362e-13
1.4976908602193362e-13
1.4976908602193362e-13
1.4976908602193362e-13
1.4976908602193362e-13
1.4976908602193362e-13
1.4976908602193362e-13
1.4976908602193362e-13
1.4976908602193362e-13
1.4976908602193362e-13
1.4976908602193362e-13
1.4976908602193362e-13
1.4976908602193362e-13
1.4976908602193362e-13
1.4976908602193362e-13
1.4976908602193362e-13
1.4976908602193362e-13
1.4976908602193362e-13
1.4976908602193362e-13
1.4976908602193362e-13
1.4976908602193362e-13
1.4976908602193362e-13
1.4976908602193362e-13
1.4976908602193362e-13
1.4976908602193362e-13
1.4976908602193362e-13
1.4976908602193362e-13
1.4976908602193362e-13
1.4976908602193362e-13
1.4976908602193362e-13
1.4976908602193362e-13
1.4976908602193362e-13
1.0524914273446484e-13
1.0524914273446484e-13
1.0524914273446484e-13
1.0524914273446484e-13
1.0524914273446484e-13
1.0524914273446484e-13
1.0524914273446484e-13
1.0524914273446484e-13
1.0524914273446484e-13
1.0524914273446484e-13
1.0524914273446484e-13
1.0524914273446484e-13
1.0524914273446484e-13
1.0524914273446484e-13
1.0524914273446484e-13
1.0524914273446484e-13
1.0524914273446484e-13
1.0524914273446484e-13
1.0524914273446484e-13
1.0524914273446484e-13
1.0524914273446484e-13
1.0524914273446484e-13
1.0524914273446484e-13
1.0524914273446484e-13
1.0524914273446484e-13
1.0524914273446484e-13
1.0524914273446484e-13
1.0524914273446484e-13
1.0524914273446484e-13
1.0524914273446484e-13
1.0524914273446484e-13
1.0524914273446484e-13
1.0524914273446484e-13
1.0524914273446484e-13
1.0524914273446484e-13
1.0524914273446484e-13
1.0524914273446484e-13
1.0524914273446484e-13
1.0524914273446484e-13
1.0524914273446484e-13
1.0524914273446484e-13
1.0524914273446484e-13
1.0524914273446484e-13
1.0524914273446484e-13
1.0524914273446484e-13
1.0524914273446484e-13
1.0524914273446484e-13
1.0524914273446484e-13
1.0524914273446484e-13
1.0524914273446484e-13
1.0524914273446484e-13
1.0524914273446484e-13
1.0524914273446484e-13
1.0524914273446484e-13
1.0524914273446484e-13
1.0524914273446484e-13
1.0524914273446484e-13
1.0524914273446484e-13
1.0524914273446484e-13
1.0524914273446484e-13
1.0524914273446484e-13
1.0524914273446484e-13
1.0524914273446484e-13
1.0524914273446484e-13
1.0524914273446484e-13
1.0524914273446484e-13
1.0524914273446484e-13
1.0524914273446484e-13
1.0524914273446484e-13
1.0524914273446484e-13
1.0524914273446484e-13
1.0524914273446484e-13
1.0524914273446484e-13
1.0524914273446484e-13
1.0524914273446484e-13
1.0524914273446484e-13
1.0524914273446484e-13
1.0524914273446484e-13
1.0524914273446484e-13
1.0524914273446484e-13
1.0524914273446484e-13
1.0524914273446484e-13
1.0524914273446484e-13
1.0524914273446484e-13
1.0524914273446484e-13
1.0524914273446484e-13
1.0524914273446484e-13
1.0524914273446484e-13
1.0524914273446484e-13
1.0524914273446484e-13
1.0524914273446484e-13
1.0524914273446484e-13
1.0524914273446484e-13
1.0524914273446484e-13
1.0524914273446484e-13
1.0524914273446484e-13
1.0524914273446484e-13
1.0524914273446484e-13
1.0524914273446484e-13
1.0524914273446484e-13
1.0524914273446484e-13
1.0524914273446484e-13
1.0524914273446484e-13
1.0524914273446484e-13
1.0524914273446484e-13
1.0524914273446484e-13
1.0524914273446484e-13
1.0524914273446484e-13
1.0524914273446484e-13
1.0524914273446484e-13
1.0524914273446484e-13
1.0524914273446484e-13
1.0524914273446484e-13
1.0524914273446484e-13
1.0524914273446484e-13
1.0524914273446484e-13
1.0524914273446484e-13
1.0524914273446484e-13
1.0524914273446484e-13
1.0524914273446484e-13
1.0524914273446484e-13
1.0524914273446484e-13
1.0524914273446484e-13
1.0524914273446484e-13
1.0524914273446484e-13
1.0524914273446484e-13
1.0524914273446484e-13
1.0524914273446484e-13
1.0524914273446484e-13
1.0524914273446484e-13
1.0524914273446484e-13
1.0524914273446484e-13
1.0524914273446484e-13
1.0524914273446484e-13
1.0524914273446484e-13
1.0524914273446484e-13
1.0524914273446484e-13
1.0524914273446484e-13
1.0524914273446484e-13
1.0524914273446484e-13
1.0524914273446484e-13
1.0524914273446484e-13
1.0524914273446484e-13
1.0524914273446484e-13
1.0524914273446484e-13
1.0524914273446484e-13
1.0524914273446484e-13
1.0524914273446484e-13
1.0524914273446484e-13
1.0524914273446484e-13
1.0524914273446484e-13
1.0524914273446484e-13
1.0524914273446484e-13
1.0524914273446484e-13
1.0524914273446484e-13
1.0524914273446484e-13
1.0524914273446484e-13
1.0524914273446484e-13
1.0524914273446484e-13
1.0524914273446484e-13
1.0524914273446484e-13
1.0524914273446484e-13
1.0524914273446484e-13
1.0524914273446484e-13
1.0524914273446484e-13
1.0524914273446484e-13
1.0524914273446484e-13
1.0524914273446484e-13
1.0524914273446484e-13
1.0524914273446484e-13
1.0524914273446484e-13
1.0524914273446484e-13
1.0524914273446484e-13
1.0524914273446484e-13
1.0524914273446484e-13
1.0524914273446484e-13
1.0524914273446484e-13
1.0524914273446484e-13
1.0524914273446484e-13
1.0524914273446484e-13
1.0524914273446484e-13
1.0524914273446484e-13
1.0524914273446484e-13
1.0524914273446484e-13
1.0524914273446484e-13
1.0524914273446484e-13
1.0524914273446484e-13
1.0524914273446484e-13
1.0524914273446484e-13
1.0524914273446484e-13
1.0524914273446484e-13
1.0524914273446484e-13
1.0524914273446484e-13
1.0524914273446484e-13
1.0524914273446484e-13
1.0524914273446484e-13
1.0524914273446484e-13
1.0524914273446484e-13
1.0524914273446484e-13
1.0524914273446484e-13
1.0524914273446484e-13
1.0524914273446484e-13
1.0524914273446484e-13
1.0524914273446484e-13
1.0524914273446484e-13
1.0524914273446484e-13
1.0524914273446484e-13
1.0524914273446484e-13
1.0524914273446484e-13
1.0524914273446484e-13
1.0524914273446484e-13
1.0524914273446484e-13
1.0524914273446484e-13
1.0524914273446484e-13
1.0524914273446484e-13
1.0524914273446484e-13
1.0524914273446484e-13
1.0524914273446484e-13
1.0524914273446484e-13
1.0524914273446484e-13
1.0524914273446484e-13
1.0524914273446484e-13
1.0524914273446484e-13
1.0524914273446484e-13
1.0524914273446484e-13
1.0524914273446484e-13
1.0524914273446484e-13
1.0524914273446484e-13
1.0524914273446484e-13
1.0524914273446484e-13
1.0524914273446484e-13
1.0524914273446484e-13
1.0524914273446484e-13
1.0524914273446484e-13
1.0524914273446484e-13
4.440892098500626e-16
4.440892098500626e-16
4.440892098500626e-16
4.440892098500626e-16
4.440892098500626e-16
4.440892098500626e-16
4.440892098500626e-16
4.440892098500626e-16
4.440892098500626e-16
4.440892098500626e-16
4.440892098500626e-16
4.440892098500626e-16
4.440892098500626e-16
4.440892098500626e-16
4.440892098500626e-16
4.440892098500626e-16
4.440892098500626e-16
4.440892098500626e-16
4.440892098500626e-16
4.440892098500626e-16
4.440892098500626e-16
4.440892098500626e-16
4.440892098500626e-16
4.440892098500626e-16
4.440892098500626e-16
4.440892098500626e-16
4.440892098500626e-16
4.440892098500626e-16
4.440892098500626e-16
4.440892098500626e-16
4.440892098500626e-16
4.440892098500626e-16
4.440892098500626e-16
4.440892098500626e-16
4.440892098500626e-16
4.440892098500626e-16
4.440892098500626e-16
4.440892098500626e-16
4.440892098500626e-16
4.440892098500626e-16
4.440892098500626e-16
4.440892098500626e-16
4.440892098500626e-16
4.440892098500626e-16
4.440892098500626e-16
4.440892098500626e-16
4.440892098500626e-16
4.440892098500626e-16
4.440892098500626e-16
4.440892098500626e-16
4.440892098500626e-16
4.440892098500626e-16
4.440892098500626e-16
4.440892098500626e-16
4.440892098500626e-16
4.440892098500626e-16
4.440892098500626e-16
4.440892098500626e-16
4.440892098500626e-16
4.440892098500626e-16
4.440892098500626e-16
4.440892098500626e-16
4.440892098500626e-16
4.440892098500626e-16
4.440892098500626e-16
4.440892098500626e-16
4.440892098500626e-16
4.440892098500626e-16
4.440892098500626e-16
4.440892098500626e-16
4.440892098500626e-16
4.440892098500626e-16
4.440892098500626e-16
4.440892098500626e-16
4.440892098500626e-16
4.440892098500626e-16
4.440892098500626e-16
4.440892098500626e-16
4.440892098500626e-16
4.440892098500626e-16
4.440892098500626e-16
4.440892098500626e-16
4.440892098500626e-16
4.440892098500626e-16
4.440892098500626e-16
4.440892098500626e-16
4.440892098500626e-16
4.440892098500626e-16
4.440892098500626e-16
4.440892098500626e-16
4.440892098500626e-16
4.440892098500626e-16
4.440892098500626e-16
4.440892098500626e-16
4.440892098500626e-16
4.440892098500626e-16
4.440892098500626e-16
4.440892098500626e-16
4.440892098500626e-16
4.440892098500626e-16
4.440892098500626e-16
4.440892098500626e-16
4.440892098500626e-16
4.440892098500626e-16
4.440892098500626e-16
4.440892098500626e-16
4.440892098500626e-16
4.440892098500626e-16
4.440892098500626e-16
4.440892098500626e-16
4.440892098500626e-16
4.440892098500626e-16
4.440892098500626e-16
4.440892098500626e-16
4.440892098500626e-16
4.440892098500626e-16
4.440892098500626e-16
4.440892098500626e-16
4.440892098500626e-16
4.440892098500626e-16
4.440892098500626e-16
4.440892098500626e-16
4.440892098500626e-16
4.440892098500626e-16
4.440892098500626e-16
4.440892098500626e-16
4.440892098500626e-16
4.440892098500626e-16
4.440892098500626e-16
4.440892098500626e-16
4.440892098500626e-16
4.440892098500626e-16
4.440892098500626e-16
4.440892098500626e-16
4.440892098500626e-16
4.440892098500626e-16
4.440892098500626e-16
4.440892098500626e-16
4.440892098500626e-16
4.440892098500626e-16
4.440892098500626e-16
3.3306690738754696e-16
3.3306690738754696e-16
3.3306690738754696e-16
3.3306690738754696e-16
3.3306690738754696e-16
3.3306690738754696e-16
3.3306690738754696e-16
3.3306690738754696e-16
3.3306690738754696e-16
3.3306690738754696e-16
3.3306690738754696e-16
3.3306690738754696e-16
1.1102230246251565e-16
1.1102230246251565e-16
1.1102230246251565e-16
1.1102230246251565e-16
1.1102230246251565e-16
1.1102230246251565e-16
1.1102230246251565e-16
1.1102230246251565e-16
1.1102230246251565e-16
1.1102230246251565e-16
1.1102230246251565e-16
1.1102230246251565e-16
1.1102230246251565e-16
1.1102230246251565e-16
1.1102230246251565e-16
1.1102230246251565e-16
1.1102230246251565e-16
1.1102230246251565e-16
1.1102230246251565e-16
1.1102230246251565e-16
1.1102230246251565e-16
1.1102230246251565e-16
1.1102230246251565e-16
1.1102230246251565e-16
1.1102230246251565e-16
1.1102230246251565e-16
1.1102230246251565e-16
1.1102230246251565e-16
1.1102230246251565e-16
1.1102230246251565e-16
1.1102230246251565e-16
1.1102230246251565e-16
1.1102230246251565e-16
1.1102230246251565e-16
1.1102230246251565e-16
1.1102230246251565e-16
1.1102230246251565e-16
1.1102230246251565e-16
1.1102230246251565e-16
1.1102230246251565e-16
1.1102230246251565e-16
1.1102230246251565e-16
1.1102230246251565e-16
1.1102230246251565e-16
1.1102230246251565e-16
1.1102230246251565e-16
1.1102230246251565e-16
1.1102230246251565e-16
1.1102230246251565e-16
1.1102230246251565e-16
1.1102230246251565e-16
1.1102230246251565e-16
1.1102230246251565e-16
1.1102230246251565e-16
1.1102230246251565e-16
1.1102230246251565e-16
1.1102230246251565e-16
1.1102230246251565e-16
1.1102230246251565e-16
1.1102230246251565e-16
1.1102230246251565e-16
1.1102230246251565e-16
1.1102230246251565e-16
1.1102230246251565e-16
1.1102230246251565e-16
1.1102230246251565e-16
1.1102230246251565e-16
1.1102230246251565e-16
1.1102230246251565e-16
1.1102230246251565e-16
1.1102230246251565e-16
1.1102230246251565e-16
1.1102230246251565e-16
1.1102230246251565e-16
1.1102230246251565e-16
1.1102230246251565e-16
1.1102230246251565e-16
1.1102230246251565e-16
1.1102230246251565e-16
1.1102230246251565e-16
1.1102230246251565e-16
1.1102230246251565e-16
1.1102230246251565e-16
1.1102230246251565e-16
1.1102230246251565e-16
1.1102230246251565e-16
1.1102230246251565e-16
1.1102230246251565e-16
1.1102230246251565e-16
1.1102230246251565e-16
1.1102230246251565e-16
1.1102230246251565e-16
1.1102230246251565e-16
1.1102230246251565e-16
1.1102230246251565e-16
1.1102230246251565e-16
1.1102230246251565e-16
1.1102230246251565e-16
1.1102230246251565e-16
1.1102230246251565e-16
1.1102230246251565e-16
1.1102230246251565e-16
1.1102230246251565e-16
1.1102230246251565e-16
1.1102230246251565e-16
1.1102230246251565e-16
1.1102230246251565e-16
1.1102230246251565e-16
1.1102230246251565e-16
1.1102230246251565e-16
1.1102230246251565e-16
1.1102230246251565e-16
1.1102230246251565e-16
1.1102230246251565e-16
1.1102230246251565e-16
1.1102230246251565e-16
1.1102230246251565e-16
1.1102230246251565e-16
1.1102230246251565e-16
1.1102230246251565e-16
1.1102230246251565e-16
1.1102230246251565e-16
1.1102230246251565e-16
1.1102230246251565e-16
1.1102230246251565e-16
1.1102230246251565e-16
1.1102230246251565e-16
1.1102230246251565e-16
1.1102230246251565e-16
1.1102230246251565e-16
1.1102230246251565e-16
1.1102230246251565e-16
1.1102230246251565e-16
1.1102230246251565e-16
1.1102230246251565e-16
1.1102230246251565e-16
1.1102230246251565e-16
1.1102230246251565e-16
1.1102230246251565e-16
1.1102230246251565e-16
1.1102230246251565e-16
1.1102230246251565e-16
1.1102230246251565e-16
1.1102230246251565e-16
1.1102230246251565e-16
1.1102230246251565e-16
1.1102230246251565e-16
1.1102230246251565e-16
1.1102230246251565e-16
1.1102230246251565e-16
1.1102230246251565e-16
1.1102230246251565e-16
1.1102230246251565e-16
1.1102230246251565e-16
1.1102230246251565e-16
1.1102230246251565e-16
1.1102230246251565e-16
1.1102230246251565e-16
1.1102230246251565e-16
1.1102230246251565e-16
1.1102230246251565e-16
1.1102230246251565e-16
1.1102230246251565e-16
1.1102230246251565e-16
1.1102230246251565e-16
1.1102230246251565e-16
1.1102230246251565e-16
1.1102230246251565e-16
1.1102230246251565e-16
1.1102230246251565e-16
1.1102230246251565e-16
1.1102230246251565e-16
1.1102230246251565e-16
1.1102230246251565e-16
1.1102230246251565e-16
1.1102230246251565e-16
1.1102230246251565e-16
1.1102230246251565e-16
1.1102230246251565e-16
1.1102230246251565e-16
1.1102230246251565e-16
1.1102230246251565e-16
1.1102230246251565e-16
1.1102230246251565e-16
1.1102230246251565e-16
1.1102230246251565e-16
1.1102230246251565e-16
1.1102230246251565e-16
1.1102230246251565e-16
1.1102230246251565e-16
1.1102230246251565e-16
1.1102230246251565e-16
1.1102230246251565e-16
1.1102230246251565e-16
1.1102230246251565e-16
1.1102230246251565e-16
1.1102230246251565e-16
1.1102230246251565e-16
1.1102230246251565e-16
1.1102230246251565e-16
1.1102230246251565e-16
1.1102230246251565e-16
1.1102230246251565e-16
1.1102230246251565e-16
1.1102230246251565e-16
1.1102230246251565e-16
1.1102230246251565e-16
1.1102230246251565e-16
1.1102230246251565e-16
1.1102230246251565e-16
1.1102230246251565e-16
1.1102230246251565e-16
1.1102230246251565e-16
1.1102230246251565e-16
1.1102230246251565e-16
1.1102230246251565e-16
1.1102230246251565e-16
1.1102230246251565e-16
1.1102230246251565e-16
1.1102230246251565e-16
1.1102230246251565e-16
1.1102230246251565e-16
1.1102230246251565e-16
1.1102230246251565e-16
1.1102230246251565e-16
1.1102230246251565e-16
1.1102230246251565e-16
1.1102230246251565e-16
1.1102230246251565e-16
1.1102230246251565e-16
1.1102230246251565e-16
1.1102230246251565e-16
1.1102230246251565e-16
1.1102230246251565e-16
1.1102230246251565e-16
1.1102230246251565e-16
1.1102230246251565e-16
1.1102230246251565e-16
1.1102230246251565e-16
1.1102230246251565e-16
1.1102230246251565e-16
1.1102230246251565e-16
1.1102230246251565e-16
1.1102230246251565e-16
1.1102230246251565e-16
1.1102230246251565e-16
1.1102230246251565e-16
1.1102230246251565e-16
1.1102230246251565e-16
1.1102230246251565e-16
1.1102230246251565e-16
1.1102230246251565e-16
1.1102230246251565e-16
1.1102230246251565e-16
1.1102230246251565e-16
1.1102230246251565e-16
1.1102230246251565e-16
1.1102230246251565e-16
1.1102230246251565e-16
1.1102230246251565e-16
1.1102230246251565e-16
1.1102230246251565e-16
1.1102230246251565e-16
1.1102230246251565e-16
1.1102230246251565e-16
1.1102230246251565e-16
1.1102230246251565e-16
1.1102230246251565e-16
1.1102230246251565e-16
1.1102230246251565e-16
1.1102230246251565e-16
1.1102230246251565e-16
1.1102230246251565e-16
1.1102230246251565e-16
1.1102230246251565e-16
1.1102230246251565e-16
1.1102230246251565e-16
1.1102230246251565e-16
1.1102230246251565e-16
1.1102230246251565e-16
1.1102230246251565e-16
1.1102230246251565e-16
1.1102230246251565e-16
1.1102230246251565e-16
1.1102230246251565e-16
1.1102230246251565e-16
1.1102230246251565e-16
1.1102230246251565e-16
1.1102230246251565e-16
1.1102230246251565e-16
1.1102230246251565e-16
1.1102230246251565e-16
1.1102230246251565e-16
1.1102230246251565e-16
1.1102230246251565e-16
1.1102230246251565e-16
1.1102230246251565e-16
1.1102230246251565e-16
1.1102230246251565e-16
1.1102230246251565e-16
1.1102230246251565e-16
1.1102230246251565e-16
1.1102230246251565e-16
1.1102230246251565e-16
1.1102230246251565e-16
1.1102230246251565e-16
1.1102230246251565e-16
1.1102230246251565e-16
1.1102230246251565e-16
1.1102230246251565e-16
1.1102230246251565e-16
1.1102230246251565e-16
1.1102230246251565e-16
1.1102230246251565e-16
1.1102230246251565e-16
1.1102230246251565e-16
1.1102230246251565e-16
1.1102230246251565e-16
1.1102230246251565e-16
1.1102230246251565e-16
1.1102230246251565e-16
1.1102230246251565e-16
1.1102230246251565e-16
1.1102230246251565e-16
1.1102230246251565e-16
1.1102230246251565e-16
1.1102230246251565e-16
1.1102230246251565e-16
1.1102230246251565e-16
1.1102230246251565e-16
1.1102230246251565e-16
1.1102230246251565e-16
1.1102230246251565e-16
1.1102230246251565e-16
1.1102230246251565e-16
1.1102230246251565e-16
1.1102230246251565e-16
1.1102230246251565e-16
1.1102230246251565e-16
1.1102230246251565e-16
1.1102230246251565e-16
1.1102230246251565e-16
1.1102230246251565e-16
1.1102230246251565e-16
1.1102230246251565e-16
1.1102230246251565e-16
1.1102230246251565e-16
1.1102230246251565e-16
1.1102230246251565e-16
1.1102230246251565e-16
1.1102230246251565e-16
1.1102230246251565e-16
1.1102230246251565e-16
1.1102230246251565e-16
1.1102230246251565e-16
1.1102230246251565e-16
1.1102230246251565e-16
1.1102230246251565e-16
1.1102230246251565e-16
1.1102230246251565e-16
1.1102230246251565e-16
1.1102230246251565e-16
1.1102230246251565e-16
1.1102230246251565e-16
1.1102230246251565e-16
1.1102230246251565e-16
1.1102230246251565e-16
1.1102230246251565e-16
1.1102230246251565e-16
1.1102230246251565e-16
1.1102230246251565e-16
1.1102230246251565e-16
1.1102230246251565e-16
1.1102230246251565e-16
1.1102230246251565e-16
1.1102230246251565e-16
1.1102230246251565e-16
1.1102230246251565e-16
1.1102230246251565e-16
1.1102230246251565e-16
1.1102230246251565e-16
1.1102230246251565e-16
1.1102230246251565e-16
1.1102230246251565e-16
1.1102230246251565e-16
1.1102230246251565e-16
1.1102230246251565e-16
1.1102230246251565e-16
1.1102230246251565e-16
1.1102230246251565e-16
1.1102230246251565e-16
1.1102230246251565e-16
1.1102230246251565e-16
1.1102230246251565e-16
1.1102230246251565e-16
1.1102230246251565e-16
1.1102230246251565e-16
1.1102230246251565e-16
1.1102230246251565e-16
1.1102230246251565e-16
1.1102230246251565e-16
1.1102230246251565e-16
1.1102230246251565e-16
1.1102230246251565e-16
1.1102230246251565e-16
1.1102230246251565e-16
1.1102230246251565e-16
1.1102230246251565e-16
1.1102230246251565e-16
1.1102230246251565e-16
1.1102230246251565e-16
1.1102230246251565e-16
1.1102230246251565e-16
1.1102230246251565e-16
1.1102230246251565e-16
1.1102230246251565e-16
1.1102230246251565e-16
1.1102230246251565e-16
1.1102230246251565e-16
1.1102230246251565e-16
1.1102230246251565e-16
1.1102230246251565e-16
1.1102230246251565e-16
1.1102230246251565e-16
1.1102230246251565e-16
1.1102230246251565e-16
1.1102230246251565e-16
1.1102230246251565e-16
1.1102230246251565e-16
1.1102230246251565e-16
1.1102230246251565e-16
1.1102230246251565e-16
1.1102230246251565e-16
1.1102230246251565e-16
1.1102230246251565e-16
1.1102230246251565e-16
1.1102230246251565e-16
1.1102230246251565e-16
1.1102230246251565e-16
1.1102230246251565e-16
1.1102230246251565e-16
1.1102230246251565e-16
1.1102230246251565e-16
1.1102230246251565e-16
1.1102230246251565e-16
1.1102230246251565e-16
1.1102230246251565e-16
1.1102230246251565e-16
1.1102230246251565e-16
1.1102230246251565e-16
1.1102230246251565e-16
1.1102230246251565e-16
1.1102230246251565e-16
1.1102230246251565e-16
1.1102230246251565e-16
1.1102230246251565e-16
1.1102230246251565e-16
1.1102230246251565e-16
1.1102230246251565e-16
1.1102230246251565e-16
1.1102230246251565e-16
1.1102230246251565e-16
1.1102230246251565e-16
1.1102230246251565e-16
1.1102230246251565e-16
1.1102230246251565e-16
1.1102230246251565e-16
1.1102230246251565e-16
1.1102230246251565e-16
1.1102230246251565e-16
1.1102230246251565e-16
1.1102230246251565e-16
1.1102230246251565e-16
1.1102230246251565e-16
1.1102230246251565e-16
1.1102230246251565e-16
1.1102230246251565e-16
1.1102230246251565e-16
1.1102230246251565e-16
1.1102230246251565e-16
1.1102230246251565e-16
1.1102230246251565e-16
1.1102230246251565e-16
1.1102230246251565e-16
1.1102230246251565e-16
1.1102230246251565e-16
1.1102230246251565e-16
0.0
0.0
0.0
0.0
0.0
0.0
0.0
0.0
0.0
0.0
0.0
0.0
0.0
0.0
0.0
0.0
0.0
0.0
0.0
0.0
0.0
0.0
0.0
0.0
0.0
0.0
0.0
0.0
0.0
0.0
0.0
0.0
0.0
0.0
0.0
0.0
0.0
0.0
0.0
0.0
0.0
0.0
0.0
0.0
0.0
0.0
0.0
0.0
0.0
0.0
0.0
0.0
0.0
0.0
0.0
0.0
0.0
0.0
0.0
0.0
0.0
0.0
0.0
0.0
0.0
0.0
0.0
0.0
0.0
0.0
0.0
0.0
0.0
0.0
0.0
0.0
0.0
0.0
0.0
0.0
0.0
0.0
0.0
0.0
0.0
0.0
0.0
0.0
0.0
0.0
0.0
0.0
0.0
0.0
0.0
0.0
0.0
0.0
0.0
0.0
0.0
0.0
0.0
0.0
0.0
0.0
0.0
0.0
0.0
0.0
0.0
0.0
0.0
0.0
0.0
0.0
0.0
0.0
0.0
0.0
0.0
0.0
0.0
0.0
0.0
0.0
0.0
0.0
0.0
0.0
0.0
0.0
0.0
0.0
0.0
0.0
0.0
0.0
0.0
0.0
0.0
0.0
0.0
0.0
0.0
0.0
0.0
0.0
0.0
0.0
0.0
0.0
0.0
0.0
0.0
0.0
0.0
0.0
0.0
0.0
0.0
0.0
0.0
0.0
0.0
0.0
0.0
0.0
0.0
0.0
0.0
0.0
0.0
0.0
0.0
0.0
0.0
0.0
0.0
0.0
0.0
0.0
0.0
0.0
0.0
0.0
0.0
0.0
0.0
0.0
0.0
0.0
0.0
0.0
0.0
0.0
0.0
0.0
0.0
0.0
0.0
0.0
0.0
0.0
0.0
0.0
0.0
0.0
0.0
0.0
0.0
0.0
0.0
0.0
0.0
0.0
0.0
0.0
0.0
0.0
0.0
0.0
0.0
0.0
0.0
0.0
0.0
0.0
0.0
0.0
0.0
0.0
0.0
0.0
0.0
0.0
0.0
0.0
0.0
0.0
0.0
0.0
0.0
0.0
0.0
0.0
0.0
0.0
0.0
0.0
0.0
0.0
0.0
0.0
0.0
0.0
0.0
0.0
0.0
0.0
0.0
0.0
0.0
0.0
0.0
0.0
0.0
0.0
0.0
0.0
0.0
0.0
0.0
0.0
0.0
0.0
0.0
0.0
0.0
0.0
0.0
0.0
0.0
0.0
0.0
0.0
0.0
0.0
0.0
0.0
0.0
0.0
0.0
0.0
0.0
0.0
0.0
0.0
0.0
0.0
0.0
0.0
0.0
0.0
0.0
0.0
0.0
0.0
0.0
0.0
0.0
0.0
0.0
0.0
0.0
0.0
0.0
0.0
0.0
0.0
0.0
0.0
0.0
0.0
0.0
0.0
0.0
0.0
0.0
0.0
0.0
0.0
0.0
0.0
0.0
0.0
0.0
0.0
0.0
0.0
0.0
0.0
0.0
0.0
0.0
0.0
0.0
0.0
0.0
0.0
0.0
0.0
0.0
0.0
0.0
0.0
0.0
0.0
0.0
0.0
0.0
0.0
0.0
0.0
0.0
0.0
0.0
0.0
0.0
0.0
0.0
0.0
0.0
0.0
0.0
0.0
0.0
0.0
0.0
0.0
0.0
0.0
0.0
0.0
0.0
0.0
0.0
0.0
0.0
0.0
0.0
0.0
0.0
0.0
0.0
0.0
0.0
0.0
0.0
0.0
0.0
0.0
0.0
0.0
0.0
0.0
0.0
0.0
0.0
0.0
0.0
0.0
0.0
0.0
0.0
0.0
0.0
0.0
0.0
0.0
0.0
0.0
0.0
0.0
0.0
0.0
0.0
0.0
0.0
0.0
0.0
0.0
0.0
0.0
0.0
0.0
0.0
0.0
0.0
0.0
0.0
0.0
0.0
0.0
0.0
0.0
0.0
0.0
0.0
0.0
0.0
0.0
0.0
0.0
0.0
0.0
0.0
0.0
0.0
0.0
0.0
0.0
0.0
0.0
0.0
0.0
0.0
0.0
0.0
0.0
0.0
0.0
0.0
0.0
0.0
0.0
0.0
0.0
0.0
0.0
0.0
0.0
0.0
0.0
0.0
0.0
0.0
0.0
0.0
0.0
0.0
0.0
0.0
0.0
0.0
0.0
0.0
0.0
0.0
0.0
0.0
0.0
0.0
0.0
0.0
0.0
0.0
0.0
0.0
0.0
0.0
0.0
0.0
0.0
0.0
0.0
0.0
0.0
0.0
0.0
0.0
0.0
0.0
0.0
0.0
0.0
0.0
0.0
0.0
0.0
0.0
0.0
0.0
0.0
0.0
0.0
0.0
0.0
0.0
0.0
0.0
0.0
0.0
0.0
0.0
0.0
0.0
0.0
0.0
0.0
0.0
0.0
0.0
0.0
0.0
0.0
0.0
0.0
0.0
0.0
0.0
0.0
0.0
0.0
0.0
0.0
0.0
0.0
0.0
0.0
0.0
0.0
0.0
0.0
0.0
0.0
0.0
0.0
0.0
0.0
0.0
0.0
0.0
0.0
0.0
0.0
0.0
0.0
0.0
0.0
0.0
0.0
0.0
0.0
0.0
0.0
0.0
0.0
0.0
0.0
0.0
0.0
0.0
0.0
0.0
0.0
0.0
0.0
0.0
0.0
0.0
0.0
0.0
0.0
0.0
0.0
0.0
0.0
0.0
0.0
0.0
0.0
0.0
0.0
0.0
0.0
0.0
0.0
0.0
0.0
0.0
0.0
0.0
0.0
0.0
0.0
0.0
0.0
0.0
0.0
0.0
0.0
0.0
0.0
0.0
0.0
0.0
0.0
0.0
0.0
0.0
0.0
0.0
0.0
0.0
0.0
0.0
0.0
0.0
0.0
0.0
0.0
0.0
0.0
0.0
0.0
0.0
0.0
0.0
0.0
0.0
0.0
0.0
0.0
0.0
0.0
0.0
0.0
0.0
0.0
0.0
0.0
0.0
0.0
0.0
0.0
0.0
0.0
0.0
0.0
0.0
0.0
0.0
0.0
0.0
0.0
0.0
0.0
0.0
0.0
0.0
0.0
0.0
0.0
0.0
0.0
0.0
0.0
0.0
0.0
0.0
0.0
0.0
0.0
0.0
0.0
0.0
0.0
0.0
0.0
0.0
0.0
0.0
0.0
0.0
0.0
0.0
0.0
0.0
0.0
0.0
0.0
0.0
0.0
0.0
0.0
0.0
0.0
0.0
0.0
0.0
0.0
0.0
0.0
0.0
0.0
0.0
0.0
0.0
0.0
0.0
0.0
0.0
0.0
0.0
0.0
0.0
0.0
0.0
0.0
0.0
0.0
0.0
0.0
0.0
0.0
0.0
0.0
0.0
0.0
0.0
0.0
0.0
0.0
0.0
0.0
0.0
0.0
0.0
0.0
0.0
0.0
0.0
0.0
0.0
0.0
0.0
0.0
0.0
0.0
0.0
0.0
0.0
0.0
0.0
0.0
0.0
0.0
0.0
0.0
0.0
0.0
0.0
0.0
0.0
0.0
0.0
0.0
0.0
0.0
0.0
0.0
0.0
0.0
0.0
0.0
0.0
0.0
0.0
0.0
0.0
0.0
0.0
0.0
0.0
0.0
0.0
0.0
0.0
0.0
0.0
0.0
0.0
0.0
0.0
0.0
0.0
0.0
0.0
0.0
0.0
0.0
0.0
0.0
0.0
0.0
0.0
0.0
0.0
0.0
0.0
0.0
0.0
0.0
0.0
0.0
0.0
0.0
0.0
0.0
0.0
0.0
0.0
0.0
0.0
0.0
0.0
0.0
0.0
0.0
0.0
0.0
0.0
0.0
0.0
0.0
0.0
0.0
0.0
0.0
0.0
0.0
0.0
0.0
0.0
0.0
0.0
0.0
0.0
0.0
0.0
0.0
0.0
0.0
0.0
0.0
0.0
0.0
0.0
0.0
0.0
0.0
0.0
0.0
0.0
0.0
0.0
0.0
0.0
0.0
0.0
0.0
0.0
0.0
0.0
0.0
0.0
0.0
0.0
0.0
0.0
0.0
0.0
0.0
0.0
0.0
0.0
0.0
0.0
0.0
0.0
0.0
0.0
0.0
0.0
0.0
0.0
0.0
0.0
0.0
0.0
0.0
0.0
0.0
0.0
0.0
0.0
0.0
0.0
0.0
0.0
0.0
0.0
0.0
0.0
0.0
0.0
0.0
0.0
0.0
0.0
0.0
0.0
0.0
0.0
0.0
0.0
0.0
0.0
0.0
0.0
0.0
0.0
0.0
0.0
0.0
0.0
0.0
0.0
0.0
0.0
0.0
0.0
0.0
0.0
0.0
0.0
0.0
0.0
0.0
0.0
0.0
0.0
0.0
0.0
0.0
0.0
0.0
0.0
0.0
0.0
0.0
0.0
0.0
0.0
0.0
0.0
0.0
0.0
0.0
0.0
0.0
0.0
0.0
0.0
0.0
0.0
0.0
0.0
0.0
0.0
0.0
0.0
0.0
0.0
0.0
0.0
0.0
0.0
0.0
0.0
0.0
0.0
0.0
0.0
0.0
0.0
0.0
0.0
0.0
0.0
0.0
0.0
0.0
0.0
0.0
0.0
0.0
0.0
0.0
0.0
0.0
0.0
0.0
0.0
0.0
0.0
0.0
0.0
0.0
0.0
0.0
0.0
0.0
0.0
0.0
0.0
0.0
0.0
0.0
0.0
0.0
0.0
0.0
0.0
0.0
0.0
0.0
0.0
0.0
0.0
0.0
0.0
0.0
0.0
0.0
0.0
0.0
0.0
0.0
0.0
0.0
0.0
0.0
0.0
0.0
0.0
0.0
0.0
0.0
0.0
0.0
0.0
0.0
0.0
0.0
0.0
0.0
0.0
0.0
0.0
0.0
0.0
0.0
0.0
0.0
0.0
0.0
0.0
0.0
0.0
0.0
0.0
0.0
0.0
0.0
0.0
0.0
0.0
0.0
0.0
0.0
0.0
0.0
0.0
0.0
0.0
0.0
0.0
0.0
0.0
0.0
0.0
0.0
0.0
0.0
0.0
0.0
0.0
0.0
0.0
0.0
0.0
0.0
0.0
0.0
0.0
0.0
0.0
0.0
0.0
0.0
0.0
0.0
0.0
0.0
0.0
0.0
0.0
0.0
0.0
0.0
0.0
0.0
0.0
0.0
0.0
0.0
0.0
0.0
0.0
0.0
0.0
0.0
0.0
0.0
0.0
0.0
0.0
0.0
0.0
0.0
0.0
0.0
0.0
0.0
0.0
0.0
0.0
0.0
0.0
0.0
0.0
0.0
0.0
0.0
0.0
0.0
0.0
0.0
0.0
0.0
0.0
0.0
0.0
0.0
0.0
0.0
0.0
0.0
0.0
0.0
0.0
0.0
0.0
0.0
0.0
0.0
0.0
0.0
0.0
0.0
0.0
0.0
0.0
0.0
0.0
0.0
0.0
0.0
0.0
0.0
0.0
0.0
0.0
0.0
0.0
0.0
0.0
0.0
0.0
0.0
0.0
0.0
0.0
0.0
0.0
0.0
0.0
0.0
0.0
0.0
0.0
0.0
0.0
0.0
0.0
0.0
0.0
0.0
0.0
0.0
0.0
0.0
0.0
0.0
0.0
0.0
0.0
0.0
0.0
0.0
0.0
0.0
0.0
0.0
0.0
0.0
0.0
0.0
0.0
0.0
0.0
0.0
0.0
0.0
0.0
0.0
0.0
0.0
0.0
0.0
0.0
0.0
0.0
0.0
0.0
0.0
0.0
0.0
0.0
0.0
0.0
0.0
0.0
0.0
0.0
0.0
0.0
0.0
0.0
0.0
0.0
0.0
0.0
0.0
0.0
0.0
0.0
0.0
0.0
0.0
0.0
0.0
0.0
0.0
0.0
0.0
0.0
0.0
0.0
0.0
0.0
0.0
0.0
0.0
0.0
0.0
0.0
0.0
0.0
0.0
0.0
0.0
0.0
0.0
0.0
0.0
0.0
0.0
0.0
0.0
0.0
0.0
0.0
0.0
0.0
0.0
0.0
0.0
0.0
0.0
0.0
0.0
0.0
0.0
0.0
0.0
0.0
0.0
0.0
0.0
0.0
0.0
0.0
0.0
0.0
0.0
0.0
0.0
0.0
0.0
0.0
0.0
0.0
0.0
0.0
0.0
0.0
0.0
0.0
0.0
0.0
0.0
0.0
0.0
0.0
0.0
0.0
0.0
0.0
0.0
0.0
0.0
0.0
0.0
0.0
0.0
0.0
0.0
0.0
0.0
0.0
0.0
0.0
0.0
0.0
0.0
0.0
0.0
0.0
0.0
0.0
0.0
0.0
0.0
0.0
0.0
0.0
0.0
0.0
0.0
0.0
0.0
0.0
0.0
0.0
0.0
0.0
0.0
0.0
0.0
0.0
0.0
0.0
0.0
0.0
0.0
0.0
0.0
0.0
0.0
0.0
0.0
0.0
0.0
0.0
0.0
0.0
0.0
0.0
0.0
0.0
0.0
0.0
0.0
0.0
0.0
0.0
0.0
0.0
0.0
0.0
0.0
0.0
0.0
0.0
0.0
0.0
0.0
0.0
0.0
0.0
0.0
0.0
0.0
0.0
0.0
0.0
0.0
0.0
0.0
0.0
0.0
0.0
0.0
0.0
0.0
0.0
0.0
0.0
0.0
0.0
0.0
0.0
0.0
0.0
0.0
0.0
0.0
0.0
0.0
0.0
0.0
0.0
0.0
0.0
0.0
0.0
0.0
0.0
0.0
0.0
0.0
0.0
0.0
0.0
0.0
0.0
0.0
0.0
0.0
0.0
0.0
0.0
0.0
0.0
0.0
0.0
0.0
0.0
0.0
0.0
0.0
0.0
0.0
0.0
0.0
0.0
0.0
0.0
0.0
0.0
0.0
0.0
0.0
0.0
0.0
0.0
0.0
0.0
0.0
0.0
0.0
0.0
0.0
0.0
0.0
0.0
0.0
0.0
0.0
0.0
0.0
0.0
0.0
0.0
0.0
0.0
0.0
0.0
0.0
0.0
0.0
0.0
0.0
0.0
0.0
0.0
0.0
0.0
0.0
0.0
0.0
0.0
0.0
0.0
0.0
0.0
0.0
0.0
0.0
0.0
0.0
0.0
0.0
0.0
0.0
0.0
0.0
0.0
0.0
0.0
0.0
0.0
0.0
0.0
0.0
0.0
0.0
0.0
0.0
0.0
0.0
0.0
0.0
0.0
0.0
0.0
0.0
0.0
0.0
0.0
0.0
0.0
0.0
0.0
0.0
0.0
0.0
0.0
0.0
0.0
0.0
0.0
0.0
0.0
0.0
0.0
0.0
0.0
0.0
0.0
0.0
0.0
0.0
0.0
0.0
0.0
0.0
0.0
0.0
0.0
0.0
0.0
0.0
0.0
0.0
0.0
0.0
0.0
0.0
0.0
0.0
0.0
0.0
0.0
0.0
0.0
0.0
0.0
0.0
0.0
0.0
0.0
0.0
0.0
0.0
0.0
0.0
0.0
0.0
0.0
0.0
0.0
0.0
0.0
0.0
0.0
0.0
0.0
0.0
0.0
0.0
0.0
0.0
0.0
0.0
0.0
0.0
0.0
0.0
0.0
0.0
0.0
0.0
0.0
0.0
0.0
0.0
0.0
0.0
0.0
0.0
0.0
0.0
0.0
0.0
0.0
0.0
0.0
0.0
0.0
0.0
0.0
0.0
0.0
0.0
0.0
0.0
0.0
0.0
0.0
0.0
0.0
0.0
0.0
0.0
0.0
0.0
0.0
0.0
0.0
0.0
0.0
0.0
0.0
0.0
0.0
0.0
0.0
0.0
0.0
0.0
0.0
0.0
0.0
0.0
0.0
0.0
0.0
0.0
0.0
0.0
0.0
0.0
0.0
0.0
0.0
0.0
0.0
0.0
0.0
0.0
0.0
0.0
0.0
0.0
0.0
0.0
0.0
0.0
0.0
0.0
0.0
0.0
0.0
0.0
0.0
0.0
0.0
0.0
0.0
0.0
0.0
0.0
0.0
0.0
0.0
0.0
0.0
0.0
0.0
0.0
0.0
0.0
0.0
0.0
0.0
0.0
0.0
0.0
0.0
0.0
0.0
0.0
0.0
0.0
0.0
0.0
0.0
0.0
0.0
0.0
0.0
0.0
0.0
0.0
0.0
0.0
0.0
0.0
0.0
0.0
0.0
0.0
0.0
0.0
0.0
0.0
0.0
0.0
0.0
0.0
0.0
0.0
0.0
0.0
0.0
0.0
0.0
0.0
0.0
0.0
0.0
0.0
0.0
0.0
0.0
0.0
0.0
0.0
0.0
0.0
0.0
0.0
0.0
0.0
0.0
0.0
0.0
0.0
0.0
0.0
0.0
0.0
0.0
0.0
0.0
0.0
0.0
0.0
0.0
0.0
0.0
0.0
0.0
0.0
0.0
0.0
0.0
0.0
0.0
0.0
0.0
0.0
0.0
0.0
0.0
0.0
0.0
0.0
0.0
0.0
0.0
0.0
0.0
0.0
0.0
0.0
0.0
0.0
0.0
0.0
0.0
0.0
0.0
0.0
0.0
0.0
0.0
0.0
0.0
0.0
0.0
0.0
0.0
0.0
0.0
0.0
0.0
0.0
0.0
0.0
0.0
0.0
0.0
0.0
0.0
0.0
0.0
0.0
0.0
0.0
0.0
0.0
0.0
0.0
0.0
0.0
0.0
0.0
0.0
0.0
0.0
0.0
0.0
0.0
0.0
0.0
0.0
0.0
0.0
0.0
0.0
0.0
0.0
0.0
0.0
0.0
0.0
0.0
0.0
0.0
0.0
0.0
0.0
0.0
0.0
0.0
0.0
0.0
0.0
0.0
0.0
0.0
0.0
0.0
0.0
0.0
0.0
0.0
0.0
0.0
0.0
0.0
0.0
0.0
0.0
0.0
0.0
0.0
0.0
0.0
0.0
0.0
0.0
0.0
0.0
0.0
0.0
0.0
0.0
0.0
0.0
0.0
0.0
0.0
0.0
0.0
0.0
0.0
0.0
0.0
0.0
0.0
0.0
0.0
0.0
0.0
0.0
0.0
0.0
0.0
0.0
0.0
0.0
0.0
0.0
0.0
0.0
0.0
0.0
0.0
0.0
0.0
0.0
0.0
0.0
0.0
0.0
0.0
0.0
0.0
0.0
0.0
0.0
0.0
0.0
0.0
0.0
0.0
0.0
0.0
0.0
0.0
0.0
0.0
0.0
0.0
0.0
0.0
0.0
0.0
0.0
0.0
0.0
0.0
0.0
0.0
0.0
0.0
0.0
0.0
0.0
0.0
0.0
0.0
0.0
0.0
0.0
0.0
0.0
0.0
0.0
0.0
0.0
0.0
0.0
0.0
0.0
0.0
0.0
0.0
0.0
0.0
0.0
0.0
0.0
0.0
0.0
0.0
0.0
0.0
0.0
0.0
0.0
0.0
0.0
0.0
0.0
0.0
0.0
0.0
0.0
0.0
0.0
0.0
0.0
0.0
0.0
0.0
0.0
0.0
0.0
0.0
0.0
0.0
0.0
0.0
0.0
0.0
0.0
0.0
0.0
0.0
0.0
0.0
0.0
0.0
0.0
0.0
0.0
0.0
0.0
0.0
0.0
0.0
0.0
0.0
0.0
0.0
0.0
0.0
0.0
0.0
0.0
0.0
0.0
0.0
0.0
0.0
0.0
0.0
0.0
0.0
0.0
0.0
0.0
0.0
0.0
0.0
0.0
0.0
0.0
0.0
0.0
0.0
0.0
0.0
0.0
0.0
0.0
0.0
0.0
0.0
0.0
0.0
0.0
0.0
0.0
0.0
0.0
0.0
0.0
0.0
0.0
0.0
0.0
0.0
0.0
0.0
0.0
0.0
0.0
0.0
0.0
0.0
0.0
0.0
0.0
0.0
0.0
0.0
0.0
0.0
0.0
0.0
0.0
0.0
0.0
0.0
0.0
0.0
0.0
0.0
0.0
0.0
0.0
0.0
0.0
0.0
0.0
0.0
0.0
0.0
0.0
0.0
0.0
0.0
0.0
0.0
0.0
0.0
0.0
0.0
0.0
0.0
0.0
0.0
0.0
0.0
0.0
0.0
0.0
0.0
0.0
0.0
0.0
0.0
0.0
0.0
0.0
0.0
0.0
0.0
0.0
0.0
0.0
0.0
0.0
0.0
0.0
0.0
0.0
0.0
0.0
0.0
0.0
0.0
0.0
0.0
0.0
0.0
0.0
0.0
0.0
0.0
0.0
0.0
0.0
0.0
0.0
0.0
0.0
0.0
0.0
0.0
0.0
0.0
0.0
0.0
0.0
0.0
0.0
0.0
0.0
0.0
0.0
0.0
0.0
0.0
0.0
0.0
0.0
0.0
0.0
0.0
0.0
0.0
0.0
0.0
0.0
0.0
0.0
0.0
0.0
0.0
0.0
0.0
0.0
0.0
0.0
0.0
0.0
0.0
0.0
0.0
0.0
0.0
0.0
0.0
0.0
0.0
0.0
0.0
0.0
0.0
0.0
0.0
0.0
0.0
0.0
0.0
0.0
0.0
0.0
0.0
0.0
0.0
0.0
0.0
0.0
0.0
0.0
0.0
0.0
0.0
0.0
0.0
0.0
0.0
0.0
0.0
0.0
0.0
0.0
0.0
0.0
0.0
0.0
0.0
0.0
0.0
0.0
0.0
0.0
0.0
0.0
0.0
0.0
0.0
0.0
0.0
0.0
0.0
0.0
0.0
0.0
0.0
0.0
0.0
0.0
0.0
0.0
0.0
0.0
0.0
0.0
0.0
0.0
0.0
0.0
0.0
0.0
0.0
0.0
0.0
0.0
0.0
0.0
0.0
0.0
0.0
0.0
0.0
0.0
0.0
0.0
0.0
0.0
0.0
0.0
0.0
0.0
0.0
0.0
0.0
0.0
0.0
0.0
0.0
0.0
0.0
0.0
0.0
0.0
0.0
0.0
0.0
0.0
0.0
0.0
0.0
0.0
0.0
0.0
0.0
0.0
0.0
0.0
0.0
0.0
0.0
0.0
0.0
0.0
0.0
0.0
0.0
0.0
0.0
0.0
0.0
0.0
0.0
0.0
0.0
0.0
0.0
0.0
0.0
0.0
0.0
0.0
0.0
0.0
0.0
0.0
0.0
0.0
0.0
0.0
0.0
0.0
0.0
0.0
0.0
0.0
0.0
0.0
0.0
0.0
0.0
0.0
0.0
0.0
0.0
0.0
0.0
0.0
0.0
0.0
0.0
0.0
0.0
0.0
0.0
0.0
0.0
0.0
0.0
0.0
0.0
0.0
0.0
0.0
0.0
0.0
0.0
0.0
0.0
0.0
0.0
0.0
0.0
0.0
0.0
0.0
0.0
0.0
0.0
0.0
0.0
0.0
0.0
0.0
0.0
0.0
0.0
0.0
0.0
0.0
0.0
0.0
0.0
0.0
0.0
0.0
0.0
0.0
0.0
0.0
0.0
0.0
0.0
0.0
0.0
0.0
0.0
0.0
0.0
0.0
0.0
0.0
0.0
0.0
0.0
0.0
0.0
0.0
0.0
0.0
0.0
0.0
0.0
0.0
0.0
0.0
0.0
0.0
0.0
0.0
0.0
0.0
0.0
0.0
0.0
0.0
0.0
0.0
0.0
0.0
0.0
0.0
0.0
0.0
0.0
0.0
0.0
0.0
0.0
0.0
0.0
0.0
0.0
0.0
0.0
0.0
0.0
0.0
0.0
0.0
0.0
0.0
0.0
0.0
0.0
0.0
0.0
0.0
0.0
0.0
0.0
0.0
0.0
0.0
0.0
0.0
0.0
0.0
0.0
0.0
0.0
0.0
0.0
0.0
0.0
0.0
0.0
0.0
0.0
0.0
0.0
0.0
0.0
0.0
0.0
0.0
0.0
0.0
0.0
0.0
0.0
0.0
0.0
0.0
0.0
0.0
0.0
0.0
0.0
0.0
0.0
0.0
0.0
0.0
0.0
0.0
0.0
0.0
0.0
0.0
0.0
0.0
0.0
0.0
0.0
0.0
0.0
0.0
0.0
0.0
0.0
0.0
0.0
0.0
0.0
0.0
0.0
0.0
0.0
0.0
0.0
0.0
0.0
0.0
0.0
0.0
0.0
0.0
0.0
0.0
0.0
0.0
0.0
0.0
0.0
0.0
0.0
0.0
0.0
0.0
0.0
0.0
0.0
0.0
0.0
0.0
0.0
0.0
0.0
0.0
0.0
0.0
0.0
0.0
0.0
0.0
0.0
0.0
0.0
0.0
0.0
0.0
0.0
0.0
0.0
0.0
0.0
0.0
0.0
0.0
0.0
0.0
0.0
0.0
0.0
0.0
0.0
0.0
0.0
0.0
0.0
0.0
0.0
0.0
0.0
0.0
0.0
0.0
0.0
0.0
0.0
0.0
0.0
0.0
0.0
0.0
0.0
0.0
0.0
0.0
0.0
0.0
0.0
0.0
0.0
0.0
0.0
0.0
0.0
0.0
0.0
0.0
0.0
0.0
0.0
0.0
0.0
0.0
0.0
0.0
0.0
0.0
0.0
0.0
0.0
0.0
0.0
0.0
0.0
0.0
0.0
0.0
0.0
0.0
0.0
0.0
0.0
0.0
0.0
0.0
0.0
0.0
0.0
0.0
0.0
0.0
0.0
0.0
0.0
0.0
0.0
0.0
0.0
0.0
0.0
0.0
0.0
0.0
0.0
0.0
0.0
0.0
0.0
0.0
0.0
0.0
0.0
0.0
0.0
0.0
0.0
0.0
0.0
0.0
0.0
0.0
0.0
0.0
0.0
0.0
0.0
0.0
0.0
0.0
0.0
0.0
0.0
0.0
0.0
0.0
0.0
0.0
0.0
0.0
0.0
0.0
0.0
0.0
0.0
0.0
0.0
0.0
0.0
0.0
0.0
0.0
0.0
0.0
0.0
0.0
0.0
0.0
0.0
0.0
0.0
0.0
0.0
0.0
0.0
0.0
0.0
0.0
0.0
0.0
0.0
0.0
0.0
0.0
0.0
0.0
0.0
0.0
0.0
0.0
0.0
0.0
0.0
0.0
0.0
0.0
0.0
0.0
0.0
0.0
0.0
0.0
0.0
0.0
0.0
0.0
0.0
0.0
0.0
0.0
0.0
0.0
0.0
0.0
0.0
0.0
0.0
0.0
0.0
0.0
0.0
0.0
0.0
0.0
0.0
0.0
0.0
0.0
0.0
0.0
0.0
0.0
0.0
0.0
0.0
0.0
0.0
0.0
0.0
0.0
0.0
0.0
0.0
0.0
0.0
0.0
0.0
0.0
0.0
0.0
0.0
0.0
0.0
0.0
0.0
0.0
0.0
0.0
0.0
0.0
0.0
0.0
0.0
0.0
0.0
0.0
0.0
0.0
0.0
0.0
0.0
0.0
0.0
0.0
0.0
0.0
0.0
0.0
0.0
0.0
0.0
0.0
0.0
0.0
0.0
0.0
0.0
0.0
0.0
0.0
0.0
0.0
0.0
0.0
0.0
0.0
0.0
0.0
0.0
0.0
0.0
0.0
0.0
0.0
0.0
0.0
0.0
0.0
0.0
0.0
0.0
0.0
0.0
0.0
0.0
0.0
0.0
0.0
0.0
0.0
0.0
0.0
0.0
0.0
0.0
0.0
0.0
0.0
0.0
0.0
0.0
0.0
0.0
0.0
0.0
0.0
0.0
0.0
0.0
0.0
0.0
0.0
0.0
0.0
0.0
0.0
0.0
0.0
0.0
0.0
0.0
0.0
0.0
0.0
0.0
0.0
0.0
0.0
0.0
0.0
0.0
0.0
0.0
0.0
0.0
0.0
0.0
0.0
0.0
0.0
0.0
0.0
0.0
0.0
0.0
0.0
0.0
0.0
0.0
0.0
0.0
0.0
0.0
0.0
0.0
0.0
0.0
0.0
0.0
0.0
0.0
0.0
0.0
0.0
0.0
0.0
0.0
0.0
0.0
0.0
0.0
0.0
0.0
0.0
0.0
0.0
0.0
0.0
0.0
0.0
0.0
0.0
0.0
0.0
0.0
0.0
0.0
0.0
0.0
0.0
0.0
0.0
0.0
0.0
0.0
0.0
0.0
0.0
0.0
0.0
0.0
0.0
0.0
0.0
0.0
0.0
0.0
0.0
0.0
0.0
0.0
0.0
0.0
0.0
0.0
0.0
0.0
0.0
0.0
0.0
0.0
0.0
0.0
0.0
0.0
0.0
0.0
0.0
0.0
0.0
0.0
0.0
0.0
0.0
0.0
0.0
0.0
0.0
0.0
0.0
0.0
0.0
0.0
0.0
0.0
0.0
0.0
0.0
0.0
0.0
0.0
0.0
0.0
0.0
0.0
0.0
0.0
0.0
0.0
0.0
0.0
0.0
0.0
0.0
0.0
0.0
0.0
0.0
0.0
0.0
0.0
0.0
0.0
0.0
0.0
0.0
0.0
0.0
0.0
0.0
0.0
0.0
0.0
0.0
0.0
0.0
0.0
0.0
0.0
0.0
0.0
0.0
0.0
0.0
0.0
0.0
0.0
0.0
0.0
0.0
0.0
0.0
0.0
0.0
0.0
0.0
0.0
0.0
0.0
0.0
0.0
0.0
0.0
0.0
0.0
0.0
0.0
0.0
0.0
0.0
0.0
0.0
0.0
0.0
0.0
0.0
0.0
0.0
0.0
0.0
0.0
0.0
0.0
0.0
0.0
0.0
0.0
0.0
0.0
0.0
0.0
0.0
0.0
0.0
0.0
0.0
0.0
0.0
0.0
0.0
0.0
0.0
0.0
0.0
0.0
0.0
0.0
0.0
0.0
0.0
0.0
0.0
0.0
0.0
0.0
0.0
0.0
0.0
0.0
0.0
0.0
0.0
0.0
0.0
0.0
0.0
0.0
0.0
0.0
0.0
0.0
0.0
0.0
0.0
0.0
0.0
0.0
0.0
0.0
0.0
0.0
0.0
0.0
0.0
0.0
0.0
0.0
0.0
0.0
0.0
0.0
0.0
0.0
0.0
0.0
0.0
0.0
0.0
0.0
0.0
0.0
0.0
0.0
0.0
0.0
0.0
0.0
0.0
0.0
0.0
0.0
0.0
0.0
0.0
0.0
0.0
0.0
0.0
0.0
0.0
0.0
0.0
0.0
0.0
0.0
0.0
0.0
0.0
0.0
0.0
0.0
0.0
0.0
0.0
0.0
0.0
0.0
0.0
0.0
0.0
0.0
0.0
0.0
0.0
0.0
0.0
0.0
0.0
0.0
0.0
0.0
0.0
0.0
0.0
0.0
0.0
0.0
0.0
0.0
0.0
0.0
0.0
0.0
0.0
0.0
0.0
0.0
0.0
0.0
0.0
0.0
0.0
0.0
0.0
0.0
0.0
0.0
0.0
0.0
0.0
0.0
0.0
0.0
0.0
0.0
0.0
0.0
0.0
0.0
0.0
0.0
0.0
0.0
0.0
0.0
0.0
0.0
0.0
0.0
0.0
0.0
0.0
0.0
0.0
0.0
0.0
0.0
0.0
0.0
0.0
0.0
0.0
0.0
0.0
0.0
0.0
0.0
0.0
0.0
0.0
0.0
0.0
0.0
0.0
0.0
0.0
0.0
0.0
0.0
0.0
0.0
0.0
0.0
0.0
0.0
0.0
0.0
0.0
0.0
0.0
0.0
0.0
0.0
0.0
0.0
0.0
0.0
0.0
0.0
0.0
0.0
0.0
0.0
0.0
0.0
0.0
0.0
0.0
0.0
0.0
0.0
0.0
0.0
0.0
0.0
0.0
0.0
0.0
0.0
0.0
0.0
0.0
0.0
0.0
0.0
0.0
0.0
0.0
0.0
0.0
0.0
0.0
0.0
0.0
0.0
0.0
0.0
0.0
0.0
0.0
0.0
0.0
0.0
0.0
0.0
0.0
0.0
0.0
0.0
0.0
0.0
0.0
0.0
0.0
0.0
0.0
0.0
0.0
0.0
0.0
0.0
0.0
0.0
0.0
0.0
0.0
0.0
0.0
0.0
0.0
0.0
0.0
0.0
0.0
0.0
0.0
0.0
0.0
0.0
0.0
0.0
0.0
0.0
0.0
0.0
0.0
0.0
0.0
0.0
0.0
0.0
0.0
0.0
0.0
0.0
0.0
0.0
0.0
0.0
0.0
0.0
0.0
0.0
0.0
0.0
0.0
0.0
0.0
0.0
0.0
0.0
0.0
0.0
0.0
0.0
0.0
0.0
0.0
0.0
0.0
0.0
0.0
0.0
0.0
0.0
0.0
0.0
0.0
0.0
0.0
0.0
0.0
0.0
0.0
0.0
0.0
0.0
0.0
0.0
0.0
0.0
0.0
0.0
0.0
0.0
0.0
0.0
0.0
0.0
0.0
0.0
0.0
0.0
0.0
0.0
0.0
0.0
0.0
0.0
0.0
0.0
0.0
0.0
0.0
0.0
0.0
0.0
0.0
0.0
0.0
0.0
0.0
0.0
0.0
0.0
0.0
0.0
0.0
0.0
0.0
0.0
0.0
0.0
0.0
0.0
0.0
0.0
0.0
0.0
0.0
0.0
0.0
0.0
0.0
0.0
0.0
0.0
0.0
0.0
0.0
0.0
0.0
0.0
0.0
0.0
0.0
0.0
0.0
0.0
0.0
0.0
0.0
0.0
0.0
0.0
0.0
0.0
0.0
0.0
0.0
0.0
0.0
0.0
0.0
0.0
0.0
0.0
0.0
0.0
0.0
0.0
0.0
0.0
0.0
0.0
0.0
0.0
0.0
0.0
0.0
0.0
0.0
0.0
0.0
0.0
0.0
0.0
0.0
0.0
0.0
0.0
0.0
0.0
0.0
0.0
0.0
0.0
0.0
0.0
0.0
0.0
0.0
0.0
0.0
0.0
0.0
0.0
0.0
0.0
0.0
0.0
0.0
0.0
0.0
0.0
0.0
0.0
0.0
0.0
0.0
0.0
0.0
0.0
0.0
0.0
0.0
0.0
0.0
0.0
0.0
0.0
0.0
0.0
0.0
0.0
0.0
0.0
0.0
0.0
0.0
0.0
0.0
0.0
0.0
0.0
0.0
0.0
0.0
0.0
0.0
0.0
0.0
0.0
0.0
0.0
0.0
0.0
0.0
0.0
0.0
0.0
0.0
0.0
0.0
0.0
0.0
0.0
0.0
0.0
0.0
0.0
0.0
0.0
0.0
0.0
0.0
0.0
0.0
0.0
0.0
0.0
0.0
0.0
0.0
0.0
0.0
0.0
0.0
0.0
0.0
0.0
0.0
0.0
0.0
0.0
0.0
0.0
0.0
0.0
0.0
0.0
0.0
0.0
0.0
0.0
0.0
0.0
0.0
0.0
0.0
0.0
0.0
0.0
0.0
0.0
0.0
0.0
0.0
0.0
0.0
0.0
0.0
0.0
0.0
0.0
0.0
0.0
0.0
0.0
0.0
0.0
0.0
0.0
0.0
0.0
0.0
0.0
0.0
0.0
0.0
0.0
0.0
0.0
0.0
0.0
0.0
0.0
0.0
0.0
0.0
0.0
0.0
0.0
0.0
0.0
0.0
0.0
0.0
0.0
0.0
0.0
0.0
0.0
0.0
0.0
0.0
0.0
0.0
0.0
0.0
0.0
0.0
0.0
0.0
0.0
0.0
0.0
0.0
0.0
0.0
0.0
0.0
0.0
0.0
0.0
0.0
0.0
0.0
0.0
0.0
0.0
0.0
0.0
0.0
0.0
0.0
0.0
0.0
0.0
0.0
0.0
0.0
0.0
0.0
0.0
0.0
0.0
0.0
0.0
0.0
0.0
0.0
0.0
0.0
0.0
0.0
0.0
0.0
0.0
0.0
0.0
0.0
0.0
0.0
0.0
0.0
0.0
0.0
0.0
0.0
0.0
0.0
0.0
0.0
0.0
0.0
0.0
0.0
0.0
0.0
0.0
0.0
0.0
0.0
0.0
0.0
0.0
0.0
0.0
0.0
0.0
0.0
0.0
0.0
0.0
0.0
0.0
0.0
0.0
0.0
0.0
0.0
0.0
0.0
0.0
0.0
0.0
0.0
0.0
0.0
0.0
0.0
0.0
0.0
0.0
0.0
0.0
0.0
0.0
0.0
0.0
0.0
0.0
0.0
0.0
0.0
0.0
0.0
0.0
0.0
0.0
0.0
0.0
0.0
0.0
0.0
0.0
0.0
0.0
0.0
0.0
0.0
0.0
0.0
0.0
0.0
0.0
0.0
0.0
0.0
0.0
0.0
0.0
0.0
0.0
0.0
0.0
0.0
0.0
0.0
0.0
0.0
0.0
0.0
0.0
0.0
0.0
0.0
0.0
0.0
0.0
0.0
0.0
0.0
0.0
0.0
0.0
0.0
0.0
0.0
0.0
0.0
0.0
0.0
0.0
0.0
0.0
0.0
0.0
0.0
0.0
0.0
0.0
0.0
0.0
0.0
0.0
0.0
0.0
0.0
0.0
0.0
0.0
0.0
0.0
0.0
0.0
0.0
0.0
0.0
0.0
0.0
0.0
0.0
0.0
0.0
0.0
0.0
0.0
0.0
0.0
0.0
0.0
0.0
0.0
0.0
0.0
0.0
0.0
0.0
0.0
0.0
0.0
0.0
0.0
0.0
0.0
0.0
0.0
0.0
0.0
0.0
0.0
0.0
0.0
0.0
0.0
0.0
0.0
0.0
0.0
0.0
0.0
0.0
0.0
0.0
0.0
0.0
0.0
0.0
0.0
0.0
0.0
0.0
0.0
0.0
0.0
0.0
0.0
0.0
0.0
0.0
0.0
0.0
0.0
0.0
0.0
0.0
0.0
0.0
0.0
0.0
0.0
0.0
0.0
0.0
0.0
0.0
0.0
0.0
0.0
0.0
0.0
0.0
0.0
0.0
0.0
0.0
0.0
0.0
0.0
0.0
0.0
0.0
0.0
0.0
0.0
0.0
0.0
0.0
0.0
0.0
0.0
0.0
0.0
0.0
0.0
0.0
0.0
0.0
0.0
0.0
0.0
0.0
0.0
0.0
0.0
0.0
0.0
0.0
0.0
0.0
0.0
0.0
0.0
0.0
0.0
0.0
0.0
0.0
0.0
0.0
0.0
0.0
0.0
0.0
0.0
0.0
0.0
0.0
0.0
0.0
0.0
0.0
0.0
0.0
0.0
0.0
0.0
0.0
0.0
0.0
0.0
0.0
0.0
0.0
0.0
0.0
0.0
0.0
0.0
0.0
0.0
0.0
0.0
0.0
0.0
0.0
0.0
0.0
0.0
0.0
0.0
0.0
0.0
0.0
0.0
0.0
0.0
0.0
0.0
0.0
0.0
0.0
0.0
0.0
0.0
0.0
0.0
0.0
0.0
0.0
0.0
0.0
0.0
0.0
0.0
0.0
0.0
0.0
0.0
0.0
0.0
0.0
0.0
0.0
0.0
0.0
0.0
0.0
0.0
0.0
0.0
0.0
0.0
0.0
0.0
0.0
0.0
0.0
0.0
0.0
0.0
0.0
0.0
0.0
0.0
0.0
0.0
0.0
0.0
0.0
0.0
0.0
0.0
0.0
0.0
0.0
0.0
0.0
0.0
0.0
0.0
0.0
0.0
0.0
0.0
0.0
0.0
0.0
0.0
0.0
0.0
0.0
0.0
0.0
0.0
0.0
0.0
0.0
0.0
0.0
0.0
0.0
0.0
0.0
0.0
0.0
0.0
0.0
0.0
0.0
0.0
0.0
0.0
0.0
0.0
0.0
0.0
0.0
0.0
0.0
0.0
0.0
0.0
0.0
0.0
0.0
0.0
0.0
0.0
0.0
0.0
0.0
0.0
0.0
0.0
0.0
0.0
0.0
0.0
0.0
0.0
0.0
0.0
0.0
0.0
0.0
0.0
0.0
0.0
0.0
0.0
0.0
0.0
0.0
0.0
0.0
0.0
0.0
0.0
0.0
0.0
0.0
0.0
0.0
0.0
0.0
0.0
0.0
0.0
0.0
0.0
0.0
0.0
0.0
0.0
0.0
0.0
0.0
0.0
0.0
0.0
0.0
0.0
0.0
0.0
0.0
0.0
0.0
0.0
0.0
0.0
0.0
0.0
0.0
0.0
0.0
0.0
0.0
0.0
0.0
0.0
0.0
0.0
0.0
0.0
0.0
0.0
0.0
0.0
0.0
0.0
0.0
0.0
0.0
0.0
0.0
0.0
0.0
0.0
0.0
0.0
0.0
0.0
0.0
0.0
0.0
0.0
0.0
0.0
0.0
0.0
0.0
0.0
0.0
0.0
0.0
0.0
0.0
0.0
0.0
0.0
0.0
0.0
0.0
0.0
0.0
0.0
0.0
0.0
0.0
0.0
0.0
0.0
0.0
0.0
0.0
0.0
0.0
0.0
0.0
0.0
0.0
0.0
0.0
0.0
0.0
0.0
0.0
0.0
0.0
0.0
0.0
0.0
0.0
0.0
0.0
0.0
0.0
0.0
0.0
0.0
0.0
0.0
0.0
0.0
0.0
0.0
0.0
0.0
0.0
0.0
0.0
0.0
0.0
0.0
0.0
0.0
0.0
0.0
0.0
0.0
0.0
0.0
0.0
0.0
0.0
0.0
0.0
0.0
0.0
0.0
0.0
0.0
0.0
0.0
0.0
0.0
0.0
0.0
0.0
0.0
0.0
0.0
0.0
0.0
0.0
0.0
0.0
0.0
0.0
0.0
0.0
0.0
0.0
0.0
0.0
0.0
0.0
0.0
0.0
0.0
0.0
0.0
0.0
0.0
0.0
0.0
0.0
0.0
0.0
0.0
0.0
0.0
0.0
0.0
0.0
0.0
0.0
0.0
0.0
0.0
0.0
0.0
0.0
0.0
0.0
0.0
0.0
0.0
0.0
0.0
0.0
0.0
0.0
0.0
0.0
0.0
0.0
0.0
0.0
0.0
0.0
0.0
0.0
0.0
0.0
0.0
0.0
0.0
0.0
0.0
0.0
0.0
0.0
0.0
0.0
0.0
0.0
0.0
0.0
0.0
0.0
0.0
0.0
0.0
0.0
0.0
0.0
0.0
0.0
0.0
0.0
0.0
0.0
0.0
0.0
0.0
0.0
0.0
0.0
0.0
0.0
0.0
0.0
0.0
0.0
0.0
0.0
0.0
0.0
0.0
0.0
0.0
0.0
0.0
0.0
0.0
0.0
0.0
0.0
0.0
0.0
0.0
0.0
0.0
0.0
0.0
0.0
0.0
0.0
0.0
0.0
0.0
0.0
0.0
0.0
0.0
0.0
0.0
0.0
0.0
0.0
0.0
0.0
0.0
0.0
0.0
0.0
0.0
0.0
0.0
0.0
0.0
0.0
0.0
0.0
0.0
0.0
0.0
0.0
0.0
0.0
0.0
0.0
0.0
0.0
0.0
0.0
0.0
0.0
0.0
0.0
0.0
0.0
0.0
0.0
0.0
0.0
0.0
0.0
0.0
0.0
0.0
0.0
0.0
0.0
0.0
0.0
0.0
0.0
0.0
0.0
0.0
0.0
0.0
0.0
0.0
0.0
0.0
0.0
0.0
0.0
0.0
0.0
0.0
0.0
0.0
0.0
0.0
0.0
0.0
0.0
0.0
0.0
0.0
0.0
0.0
0.0
0.0
0.0
0.0
0.0
0.0
0.0
0.0
0.0
0.0
0.0
0.0
0.0
0.0
0.0
0.0
0.0
0.0
0.0
0.0
0.0
0.0
0.0
0.0
0.0
0.0
0.0
0.0
0.0
0.0
0.0
0.0
0.0
0.0
0.0
0.0
0.0
0.0
0.0
0.0
0.0
0.0
0.0
0.0
0.0
0.0
0.0
0.0
0.0
0.0
0.0
0.0
0.0
0.0
0.0
0.0
0.0
0.0
0.0
0.0
0.0
0.0
0.0
0.0
0.0
0.0
0.0
0.0
0.0
0.0
0.0
0.0
0.0
0.0
0.0
0.0
0.0
0.0
0.0
0.0
0.0
0.0
0.0
0.0
0.0
0.0
0.0
0.0
0.0
0.0
0.0
0.0
0.0
0.0
0.0
0.0
0.0
0.0
0.0
0.0
0.0
0.0
0.0
0.0
0.0
0.0
0.0
0.0
0.0
0.0
0.0
0.0
0.0
0.0
0.0
0.0
0.0
0.0
0.0
0.0
0.0
0.0
0.0
0.0
0.0
0.0
0.0
0.0
0.0
0.0
0.0
0.0
0.0
0.0
0.0
0.0
0.0
0.0
0.0
0.0
0.0
0.0
0.0
0.0
0.0
0.0
0.0
0.0
0.0
0.0
0.0
0.0
0.0
0.0
0.0
0.0
0.0
0.0
0.0
0.0
0.0
0.0
0.0
0.0
0.0
0.0
0.0
0.0
0.0
0.0
0.0
0.0
0.0
0.0
0.0
0.0
0.0
0.0
0.0
0.0
0.0
0.0
0.0
0.0
0.0
0.0
0.0
0.0
0.0
0.0
0.0
0.0
0.0
0.0
0.0
0.0
0.0
0.0
0.0
0.0
0.0
0.0
0.0
0.0
0.0
0.0
0.0
0.0
0.0
0.0
0.0
0.0
0.0
0.0
0.0
0.0
0.0
0.0
0.0
0.0
0.0
0.0
0.0
0.0
0.0
0.0
0.0
0.0
0.0
0.0
0.0
0.0
0.0
0.0
0.0
0.0
0.0
0.0
0.0
0.0
0.0
0.0
0.0
0.0
0.0
0.0
0.0
0.0
0.0
0.0
0.0
0.0
0.0
0.0
0.0
0.0
0.0
0.0
0.0
0.0
0.0
0.0
0.0
0.0
0.0
0.0
0.0
0.0
0.0
0.0
0.0
0.0
0.0
0.0
0.0
0.0
0.0
0.0
0.0
0.0
0.0
0.0
0.0
0.0
0.0
0.0
0.0
0.0
0.0
0.0
0.0
0.0
0.0
0.0
0.0
0.0
0.0
0.0
0.0
0.0
0.0
0.0
0.0
0.0
0.0
0.0
0.0
0.0
0.0
0.0
0.0
0.0
0.0
0.0
0.0
0.0
0.0
0.0
0.0
0.0
0.0
0.0
0.0
0.0
0.0
0.0
0.0
0.0
0.0
0.0
0.0
0.0
0.0
0.0
0.0
0.0
0.0
0.0
0.0
0.0
0.0
0.0
0.0
0.0
0.0
0.0
0.0
0.0
0.0
0.0
0.0
0.0
0.0
0.0
0.0
0.0
0.0
0.0
0.0
0.0
0.0
0.0
0.0
0.0
0.0
0.0
0.0
0.0
0.0
0.0
0.0
0.0
0.0
0.0
0.0
0.0
0.0
0.0
0.0
0.0
0.0
0.0
0.0
0.0
0.0
0.0
0.0
0.0
0.0
0.0
0.0
0.0
0.0
0.0
0.0
0.0
0.0
0.0
0.0
0.0
0.0
0.0
0.0
0.0
0.0
0.0
0.0
0.0
0.0
0.0
0.0
0.0
0.0
0.0
0.0
0.0
0.0
0.0
0.0
0.0
0.0
0.0
0.0
0.0
0.0
0.0
0.0
0.0
0.0
0.0
0.0
0.0
0.0
0.0
0.0
0.0
0.0
0.0
0.0
0.0
0.0
0.0
0.0
0.0
0.0
0.0
0.0
0.0
0.0
0.0
0.0
0.0
0.0
0.0
0.0
0.0
0.0
0.0
0.0
0.0
0.0
0.0
0.0
0.0
0.0
0.0
0.0
0.0
0.0
0.0
0.0
0.0
0.0
0.0
0.0
0.0
0.0
0.0
0.0
0.0
0.0
0.0
0.0
0.0
0.0
0.0
0.0
0.0
0.0
0.0
0.0
0.0
0.0
0.0
0.0
0.0
0.0
0.0
0.0
0.0
0.0
0.0
0.0
0.0
0.0
0.0
0.0
0.0
0.0
0.0
0.0
0.0
0.0
0.0
0.0
0.0
0.0
0.0
0.0
0.0
0.0
0.0
0.0
0.0
0.0
0.0
0.0
0.0
0.0
0.0
0.0
0.0
0.0
0.0
0.0
0.0
0.0
0.0
0.0
0.0
0.0
0.0
0.0
0.0
0.0
0.0
0.0
0.0
0.0
0.0
0.0
0.0
0.0
0.0
0.0
0.0
0.0
0.0
0.0
0.0
0.0
0.0
0.0
0.0
0.0
0.0
0.0
0.0
0.0
0.0
0.0
0.0
0.0
0.0
0.0
0.0
0.0
0.0
0.0
0.0
0.0
0.0
0.0
0.0
0.0
0.0
0.0
0.0
0.0
0.0
0.0
0.0
0.0
0.0
0.0
0.0
0.0
0.0
0.0
0.0
0.0
0.0
0.0
0.0
0.0
0.0
0.0
0.0
0.0
0.0
0.0
0.0
0.0
0.0
0.0
0.0
0.0
0.0
0.0
0.0
0.0
0.0
0.0
0.0
0.0
0.0
0.0
0.0
0.0
0.0
0.0
0.0
0.0
0.0
0.0
0.0
0.0
0.0
0.0
0.0
0.0
0.0
0.0
0.0
0.0
0.0
0.0
0.0
0.0
0.0
0.0
0.0
0.0
0.0
0.0
0.0
0.0
0.0
0.0
0.0
0.0
0.0
0.0
0.0
0.0
0.0
0.0
0.0
0.0
0.0
0.0
0.0
0.0
0.0
0.0
0.0
0.0
0.0
0.0
0.0
0.0
0.0
0.0
0.0
0.0
0.0
0.0
0.0
0.0
0.0
0.0
0.0
0.0
0.0
0.0
0.0
0.0
0.0
0.0
0.0
0.0
0.0
0.0
0.0
0.0
0.0
0.0
0.0
0.0
0.0
0.0
0.0
0.0
0.0
0.0
0.0
0.0
0.0
0.0
0.0
0.0
0.0
0.0
0.0
0.0
0.0
0.0
0.0
0.0
0.0
0.0
0.0
0.0
0.0
0.0
0.0
0.0
0.0
0.0
0.0
0.0
0.0
0.0
0.0
0.0
0.0
0.0
0.0
0.0
0.0
0.0
0.0
0.0
0.0
0.0
0.0
0.0
0.0
0.0
0.0
0.0
0.0
0.0
0.0
0.0
0.0
0.0
0.0
0.0
0.0
0.0
0.0
0.0
0.0
0.0
0.0
0.0
0.0
0.0
0.0
0.0
0.0
0.0
0.0
0.0
0.0
0.0
0.0
0.0
0.0
0.0
0.0
0.0
0.0
0.0
0.0
0.0
0.0
0.0
0.0
0.0
0.0
0.0
0.0
0.0
0.0
0.0
0.0
0.0
0.0
0.0
0.0
0.0
0.0
0.0
0.0
0.0
0.0
0.0
0.0
0.0
0.0
0.0
0.0
0.0
0.0
0.0
0.0
0.0
0.0
0.0
0.0
0.0
0.0
0.0
0.0
0.0
0.0
0.0
0.0
0.0
0.0
0.0
0.0
0.0
0.0
0.0
0.0
0.0
0.0
0.0
0.0
0.0
0.0
0.0
0.0
0.0
0.0
0.0
0.0
0.0
0.0
0.0
0.0
0.0
0.0
0.0
0.0
0.0
0.0
0.0
0.0
0.0
0.0
0.0
0.0
0.0
0.0
0.0
0.0
0.0
0.0
0.0
0.0
0.0
0.0
0.0
0.0
0.0
0.0
0.0
0.0
0.0
0.0
0.0
0.0
0.0
0.0
0.0
0.0
0.0
0.0
0.0
0.0
0.0
0.0
0.0
0.0
0.0
0.0
0.0
0.0
0.0
0.0
0.0
0.0
0.0
0.0
0.0
0.0
0.0
0.0
0.0
0.0
0.0
0.0
0.0
0.0
0.0
0.0
0.0
0.0
0.0
0.0
0.0
0.0
0.0
0.0
0.0
0.0
0.0
0.0
0.0
0.0
0.0
0.0
0.0
0.0
0.0
0.0
0.0
0.0
0.0
0.0
0.0
0.0
0.0
0.0
0.0
0.0
0.0
0.0
0.0
0.0
0.0
0.0
0.0
0.0
0.0
0.0
0.0
0.0
0.0
0.0
0.0
0.0
0.0
0.0
0.0
0.0
0.0
0.0
0.0
0.0
0.0
0.0
0.0
0.0
0.0
0.0
0.0
0.0
0.0
0.0
0.0
0.0
0.0
0.0
0.0
0.0
0.0
0.0
0.0
0.0
0.0
0.0
0.0
0.0
0.0
0.0
0.0
0.0
0.0
0.0
0.0
0.0
0.0
0.0
0.0
0.0
0.0
0.0
0.0
0.0
0.0
0.0
0.0
0.0
0.0
0.0
0.0
0.0
0.0
0.0
0.0
0.0
0.0
0.0
0.0
0.0
0.0
0.0
0.0
0.0
0.0
0.0
0.0
0.0
0.0
0.0
0.0
0.0
0.0
0.0
0.0
0.0
0.0
0.0
0.0
0.0
0.0
0.0
0.0
0.0
0.0
0.0
0.0
0.0
0.0
0.0
0.0
0.0
0.0
0.0
0.0
0.0
0.0
0.0
0.0
0.0
0.0
0.0
0.0
0.0
0.0
0.0
0.0
0.0
0.0
0.0
0.0
0.0
0.0
0.0
0.0
0.0
0.0
0.0
0.0
0.0
0.0
0.0
0.0
0.0
0.0
0.0
0.0
0.0
0.0
0.0
0.0
0.0
0.0
0.0
0.0
0.0
0.0
0.0
0.0
0.0
0.0
0.0
0.0
0.0
0.0
0.0
0.0
0.0
0.0
0.0
0.0
0.0
0.0
0.0
0.0
0.0
0.0
0.0
0.0
0.0
0.0
0.0
0.0
0.0
0.0
0.0
0.0
0.0
0.0
0.0
0.0
0.0
0.0
0.0
0.0
0.0
0.0
0.0
0.0
0.0
0.0
0.0
0.0
0.0
0.0
0.0
0.0
0.0
0.0
0.0
0.0
0.0
0.0
0.0
0.0
0.0
0.0
0.0
0.0
0.0
0.0
0.0
0.0
0.0
0.0
0.0
0.0
0.0
0.0
0.0
0.0
0.0
0.0
0.0
0.0
0.0
0.0
0.0
0.0
0.0
0.0
0.0
0.0
0.0
0.0
0.0
0.0
0.0
0.0
0.0
0.0
0.0
0.0
0.0
0.0
0.0
0.0
0.0
0.0
0.0
0.0
0.0
0.0
0.0
0.0
0.0
0.0
0.0
0.0
0.0
0.0
0.0
0.0
0.0
0.0
0.0
0.0
0.0
0.0
0.0
0.0
0.0
0.0
0.0
0.0
0.0
0.0
0.0
0.0
0.0
0.0
0.0
0.0
0.0
0.0
0.0
0.0
0.0
0.0
0.0
0.0
0.0
0.0
0.0
0.0
0.0
0.0
0.0
0.0
0.0
0.0
0.0
0.0
0.0
0.0
0.0
0.0
0.0
0.0
0.0
0.0
0.0
0.0
0.0
0.0
0.0
0.0
0.0
0.0
0.0
0.0
0.0
0.0
0.0
0.0
0.0
0.0
0.0
0.0
0.0
0.0
0.0
0.0
0.0
0.0
0.0
0.0
0.0
0.0
0.0
0.0
0.0
0.0
0.0
0.0
0.0
0.0
0.0
0.0
0.0
0.0
0.0
0.0
0.0
0.0
0.0
0.0
0.0
0.0
0.0
0.0
0.0
0.0
0.0
0.0
0.0
0.0
0.0
0.0
0.0
0.0
0.0
0.0
0.0
0.0
0.0
0.0
0.0
0.0
0.0
0.0
0.0
0.0
0.0
0.0
0.0
0.0
0.0
0.0
0.0
0.0
0.0
0.0
0.0
0.0
0.0
0.0
0.0
0.0
0.0
0.0
0.0
0.0
0.0
0.0
0.0
0.0
0.0
0.0
0.0
0.0
0.0
0.0
0.0
0.0
0.0
0.0
0.0
0.0
0.0
0.0
0.0
0.0
0.0
0.0
0.0
0.0
0.0
0.0
0.0
0.0
0.0
0.0
0.0
0.0
0.0
0.0
0.0
0.0
0.0
0.0
0.0
0.0
0.0
0.0
0.0
0.0
0.0
0.0
0.0
0.0
0.0
0.0
0.0
0.0
0.0
0.0
0.0
0.0
0.0
0.0
0.0
0.0
0.0
0.0
0.0
0.0
0.0
0.0
0.0
0.0
0.0
0.0
0.0
0.0
0.0
0.0
0.0
0.0
0.0
0.0
0.0
0.0
0.0
0.0
0.0
0.0
0.0
0.0
0.0
0.0
0.0
0.0
0.0
0.0
0.0
0.0
0.0
0.0
0.0
0.0
0.0
0.0
0.0
0.0
0.0
0.0
0.0
0.0
0.0
0.0
0.0
0.0
0.0
0.0
0.0
0.0
0.0
0.0
0.0
0.0
0.0
0.0
0.0
0.0
0.0
0.0
0.0
0.0
0.0
0.0
0.0
0.0
0.0
0.0
0.0
0.0
0.0
0.0
0.0
0.0
0.0
0.0
0.0
0.0
0.0
0.0
0.0
0.0
0.0
0.0
0.0
0.0
0.0
0.0
0.0
0.0
0.0
0.0
0.0
0.0
0.0
0.0
0.0
0.0
0.0
0.0
0.0
0.0
0.0
0.0
0.0
0.0
0.0
0.0
0.0
0.0
0.0
0.0
0.0
0.0
0.0
0.0
0.0
0.0
0.0
0.0
0.0
0.0
0.0
0.0
0.0
0.0
0.0
0.0
0.0
0.0
0.0
0.0
0.0
0.0
0.0
0.0
0.0
0.0
0.0
0.0
0.0
0.0
0.0
0.0
0.0
0.0
0.0
0.0
0.0
0.0
0.0
0.0
0.0
0.0
0.0
0.0
0.0
0.0
0.0
0.0
0.0
0.0
0.0
0.0
0.0
0.0
0.0
0.0
0.0
0.0
0.0
0.0
0.0
0.0
0.0
0.0
0.0
0.0
0.0
0.0
0.0
0.0
0.0
0.0
0.0
0.0
0.0
0.0
0.0
0.0
0.0
0.0
0.0
0.0
0.0
0.0
0.0
0.0
0.0
0.0
0.0
0.0
0.0
0.0
0.0
0.0
0.0
0.0
0.0
0.0
0.0
0.0
0.0
0.0
0.0
0.0
0.0
0.0
0.0
0.0
0.0
0.0
0.0
0.0
0.0
0.0
0.0
0.0
0.0
0.0
0.0
0.0
0.0
0.0
0.0
0.0
0.0
0.0
0.0
0.0
0.0
0.0
0.0
0.0
0.0
0.0
0.0
0.0
0.0
0.0
0.0
0.0
0.0
0.0
0.0
0.0
0.0
0.0
0.0
0.0
0.0
0.0
0.0
0.0
0.0
0.0
0.0
0.0
0.0
0.0
0.0
0.0
0.0
0.0
0.0
0.0
0.0
0.0
0.0
0.0
0.0
0.0
0.0
0.0
0.0
0.0
0.0
0.0
0.0
0.0
0.0
0.0
0.0
0.0
0.0
0.0
0.0
0.0
0.0
0.0
0.0
0.0
0.0
0.0
0.0
0.0
0.0
0.0
0.0
0.0
0.0
0.0
0.0
0.0
0.0
0.0
0.0
0.0
0.0
0.0
0.0
0.0
0.0
0.0
0.0
0.0
0.0
0.0
0.0
0.0
0.0
0.0
0.0
0.0
0.0
0.0
0.0
0.0
0.0
0.0
0.0
0.0
0.0
0.0
0.0
0.0
0.0
0.0
0.0
0.0
0.0
0.0
0.0
0.0
0.0
0.0
0.0
0.0
0.0
0.0
0.0
0.0
0.0
0.0
0.0
0.0
0.0
0.0
0.0
0.0
0.0
0.0
0.0
0.0
0.0
0.0
0.0
0.0
0.0
0.0
0.0
0.0
0.0
0.0
0.0
0.0
0.0
0.0
0.0
0.0
0.0
0.0
0.0
0.0
0.0
0.0
0.0
0.0
0.0
0.0
0.0
0.0
0.0
0.0
0.0
0.0
0.0
0.0
0.0
0.0
0.0
0.0
0.0
0.0
0.0
0.0
0.0
0.0
0.0
0.0
0.0
0.0
0.0
0.0
0.0
0.0
0.0
0.0
0.0
0.0
0.0
0.0
0.0
0.0
0.0
0.0
0.0
0.0
0.0
0.0
0.0
0.0
0.0
0.0
0.0
0.0
0.0
0.0
0.0
0.0
0.0
0.0
0.0
0.0
0.0
0.0
0.0
0.0
0.0
0.0
0.0
0.0
0.0
0.0
0.0
0.0
0.0
0.0
0.0
0.0
0.0
0.0
0.0
0.0
0.0
0.0
0.0
0.0
0.0
0.0
0.0
0.0
0.0
0.0
0.0
0.0
0.0
0.0
0.0
0.0
0.0
0.0
0.0
0.0
0.0
0.0
0.0
0.0
0.0
0.0
0.0
0.0
0.0
0.0
0.0
0.0
0.0
0.0
0.0
0.0
0.0
0.0
0.0
0.0
0.0
0.0
0.0
0.0
0.0
0.0
0.0
0.0
0.0
0.0
0.0
0.0
0.0
0.0
0.0
0.0
0.0
0.0
0.0
0.0
0.0
0.0
0.0
0.0
0.0
0.0
0.0
0.0
0.0
0.0
0.0
0.0
0.0
0.0
0.0
0.0
0.0
0.0
0.0
0.0
0.0
0.0
0.0
0.0
0.0
0.0
0.0
0.0
0.0
0.0
0.0
0.0
0.0
0.0
0.0
0.0
0.0
0.0
0.0
0.0
0.0
0.0
0.0
0.0
0.0
0.0
0.0
0.0
0.0
0.0
0.0
0.0
0.0
0.0
0.0
0.0
0.0
0.0
0.0
0.0
0.0
0.0
0.0
0.0
0.0
0.0
0.0
0.0
0.0
0.0
0.0
0.0
0.0
0.0
0.0
0.0
0.0
0.0
0.0
0.0
0.0
0.0
0.0
0.0
0.0
0.0
0.0
0.0
0.0
0.0
0.0
0.0
0.0
0.0
0.0
0.0
0.0
0.0
0.0
0.0
0.0
0.0
0.0
0.0
0.0
0.0
0.0
0.0
0.0
0.0
0.0
0.0
0.0
0.0
0.0
0.0
0.0
0.0
0.0
0.0
0.0
0.0
0.0
0.0
0.0
0.0
0.0
0.0
0.0
0.0
0.0
0.0
0.0
0.0
0.0
0.0
0.0
0.0
0.0
0.0
0.0
0.0
0.0
0.0
0.0
0.0
0.0
0.0
0.0
0.0
0.0
0.0
0.0
0.0
0.0
0.0
0.0
0.0
0.0
0.0
0.0
0.0
0.0
0.0
0.0
0.0
0.0
0.0
0.0
0.0
0.0
0.0
0.0
0.0
0.0
0.0
0.0
0.0
0.0
0.0
0.0
0.0
0.0
0.0
0.0
0.0
0.0
0.0
0.0
0.0
0.0
0.0
0.0
0.0
0.0
0.0
0.0
0.0
0.0
0.0
0.0
0.0
0.0
0.0
0.0
0.0
0.0
0.0
0.0
0.0
0.0
0.0
0.0
0.0
0.0
0.0
0.0
0.0
0.0
0.0
0.0
0.0
0.0
0.0
0.0
0.0
0.0
0.0
0.0
0.0
0.0
0.0
0.0
0.0
0.0
0.0
0.0
0.0
0.0
0.0
0.0
0.0
0.0
0.0
0.0
0.0
0.0
0.0
0.0
0.0
0.0
0.0
0.0
0.0
0.0
0.0
0.0
0.0
0.0
0.0
0.0
0.0
0.0
0.0
0.0
0.0
0.0
0.0
0.0
0.0
0.0
0.0
0.0
0.0
0.0
0.0
0.0
0.0
0.0
0.0
0.0
0.0
0.0
0.0
0.0
0.0
0.0
0.0
0.0
0.0
0.0
0.0
0.0
0.0
0.0
0.0
0.0
0.0
0.0
0.0
0.0
0.0
0.0
0.0
0.0
0.0
0.0
0.0
0.0
0.0
0.0
0.0
0.0
0.0
0.0
0.0
0.0
0.0
0.0
0.0
0.0
0.0
0.0
0.0
0.0
0.0
0.0
0.0
0.0
0.0
0.0
0.0
0.0
0.0
0.0
0.0
0.0
0.0
0.0
0.0
0.0
0.0
0.0
0.0
0.0
0.0
0.0
0.0
0.0
0.0
0.0
0.0
0.0
0.0
0.0
0.0
0.0
0.0
0.0
0.0
0.0
0.0
0.0
0.0
0.0
0.0
0.0
0.0
0.0
0.0
0.0
0.0
0.0
0.0
0.0
0.0
0.0
0.0
0.0
0.0
0.0
0.0
0.0
0.0
0.0
0.0
0.0
0.0
0.0
0.0
0.0
0.0
0.0
0.0
0.0
0.0
0.0
0.0
0.0
0.0
0.0
0.0
0.0
0.0
0.0
0.0
0.0
0.0
0.0
0.0
0.0
0.0
0.0
0.0
0.0
0.0
0.0
0.0
0.0
0.0
0.0
0.0
0.0
0.0
0.0
0.0
0.0
0.0
0.0
0.0
0.0
0.0
0.0
0.0
0.0
0.0
0.0
0.0
0.0
0.0
0.0
0.0
0.0
0.0
0.0
0.0
0.0
0.0
0.0
0.0
0.0
0.0
0.0
0.0
0.0
0.0
0.0
0.0
0.0
0.0
0.0
0.0
0.0
0.0
0.0
0.0
0.0
0.0
0.0
0.0
0.0
0.0
0.0
0.0
0.0
0.0
0.0
0.0
0.0
0.0
0.0
0.0
0.0
0.0
0.0
0.0
0.0
0.0
0.0
0.0
0.0
0.0
0.0
0.0
0.0
0.0
0.0
0.0
0.0
0.0
0.0
0.0
0.0
0.0
0.0
0.0
0.0
0.0
0.0
0.0
0.0
0.0
0.0
0.0
0.0
0.0
0.0
0.0
0.0
0.0
0.0
0.0
0.0
0.0
0.0
0.0
0.0
0.0
0.0
0.0
0.0
0.0
0.0
0.0
0.0
0.0
0.0
0.0
0.0
0.0
0.0
0.0
0.0
0.0
0.0
0.0
0.0
0.0
0.0
0.0
0.0
0.0
0.0
0.0
0.0
0.0
0.0
0.0
0.0
0.0
0.0
0.0
0.0
0.0
0.0
0.0
0.0
0.0
0.0
0.0
0.0
0.0
0.0
0.0
0.0
0.0
0.0
0.0
0.0
0.0
0.0
0.0
0.0
0.0
0.0
0.0
0.0
0.0
0.0
0.0
0.0
0.0
0.0
0.0
0.0
0.0
0.0
0.0
0.0
0.0
0.0
0.0
0.0
0.0
0.0
0.0
0.0
0.0
0.0
0.0
0.0
0.0
0.0
0.0
0.0
0.0
0.0
0.0
0.0
0.0
0.0
0.0
0.0
0.0
0.0
0.0
0.0
0.0
0.0
0.0
0.0
0.0
0.0
0.0
0.0
0.0
0.0
0.0
0.0
0.0
0.0
0.0
0.0
0.0
0.0
0.0
0.0
0.0
0.0
0.0
0.0
0.0
0.0
0.0
0.0
0.0
0.0
0.0
0.0
0.0
0.0
0.0
0.0
0.0
0.0
0.0
0.0
0.0
0.0
0.0
0.0
0.0
0.0
0.0
0.0
0.0
0.0
0.0
0.0
0.0
0.0
0.0
0.0
0.0
0.0
0.0
0.0
0.0
0.0
0.0
0.0
0.0
0.0
0.0
0.0
0.0
0.0
0.0
0.0
0.0
0.0
0.0
0.0
0.0
0.0
0.0
0.0
0.0
0.0
0.0
0.0
0.0
0.0
0.0
0.0
0.0
0.0
0.0
0.0
0.0
0.0
0.0
0.0
0.0
0.0
0.0
0.0
0.0
0.0
0.0
0.0
0.0
0.0
0.0
0.0
0.0
0.0
0.0
0.0
0.0
0.0
0.0
0.0
0.0
0.0
0.0
0.0
0.0
0.0
0.0
0.0
0.0
0.0
0.0
0.0
0.0
0.0
0.0
0.0
0.0
0.0
0.0
0.0
0.0
0.0
0.0
0.0
0.0
0.0
0.0
0.0
0.0
0.0
0.0
0.0
0.0
0.0
0.0
0.0
0.0
0.0
0.0
0.0
0.0
0.0
0.0
0.0
0.0
0.0
0.0
0.0
0.0
0.0
0.0
0.0
0.0
0.0
0.0
0.0
0.0
0.0
0.0
0.0
0.0
0.0
0.0
0.0
0.0
0.0
0.0
0.0
0.0
0.0
0.0
0.0
0.0
0.0
0.0
0.0
0.0
0.0
0.0
0.0
0.0
0.0
0.0
0.0
0.0
0.0
0.0
0.0
0.0
0.0
0.0
0.0
0.0
0.0
0.0
0.0
0.0
0.0
0.0
0.0
0.0
0.0
0.0
0.0
0.0
0.0
0.0
0.0
0.0
0.0
0.0
0.0
0.0
0.0
0.0
0.0
0.0
0.0
0.0
0.0
0.0
0.0
0.0
0.0
0.0
0.0
0.0
0.0
0.0
0.0
0.0
0.0
0.0
0.0
0.0
0.0
0.0
0.0
0.0
0.0
0.0
0.0
0.0
0.0
0.0
0.0
0.0
0.0
0.0
0.0
0.0
0.0
0.0
0.0
0.0
0.0
0.0
0.0
0.0
0.0
0.0
0.0
0.0
0.0
0.0
0.0
0.0
0.0
0.0
0.0
0.0
0.0
0.0
0.0
0.0
0.0
0.0
0.0
0.0
0.0
0.0
0.0
0.0
0.0
0.0
0.0
0.0
0.0
0.0
0.0
0.0
0.0
0.0
0.0
0.0
0.0
0.0
0.0
0.0
0.0
0.0
0.0
0.0
0.0
0.0
0.0
0.0
0.0
0.0
0.0
0.0
0.0
0.0
0.0
0.0
0.0
0.0
0.0
0.0
0.0
0.0
0.0
0.0
0.0
0.0
0.0
0.0
0.0
0.0
0.0
0.0
0.0
0.0
0.0
0.0
0.0
0.0
0.0
0.0
0.0
0.0
0.0
0.0
0.0
0.0
0.0
0.0
0.0
0.0
0.0
0.0
0.0
0.0
