458.6517154686448
442.2279700839401
434.048346360834
434.048346360834
421.8822597149448
421.8822597149448
413.0541718728214
377.63280973031016
377.63280973031016
353.28995101807686
353.28995101807686
353.28995101807686
351.8797704371103
351.8797704371103
351.8797704371103
349.7311903689957
349.7311903689957
349.7311903689957
343.79634253794626
343.79634253794626
343.79634253794626
309.0454980548039
309.0454980548039
305.76590289510335
305.76590289510335
305.76590289510335
305.76590289510335
304.60548233922714
292.1235545967358
292.1235545967358
279.4568992568785
273.17155356385786
269.9825817858771
268.6340914323614
268.6340914323614
268.6340914323614
268.6340914323614
268.6340914323614
268.6340914323614
266.52618597034615
259.44750688387137
259.44750688387137
259.44750688387137
259.44750688387137
259.44750688387137
245.85740827911297
228.54372478236752
227.73116184033597
227.73116184033597
227.73116184033597
227.73116184033597
206.94482928548524
200.71914178443
200.71914178443
200.71914178443
200.71914178443
200.05186132133474
186.77489661529296
186.77489661529296
186.77489661529296
186.77489661529296
186.01650464728993
186.01650464728993
186.01650464728993
186.01650464728993
185.3040458712402
185.3040458712402
185.02687988731356
181.59045274727154
181.59045274727154
175.07291904069757
175.07291904069757
175.07291904069757
171.58572635320982
170.03945317713797
167.65431249622173
167.65431249622173
161.3588323202389
156.0897141469851
149.52732995428588
145.6891743736314
145.6891743736314
145.6891743736314
145.6891743736314
145.33359294551025
145.33359294551025
136.21211103299987
136.21211103299987
136.21211103299987
136.21211103299987
136.21211103299987
136.21211103299987
136.21211103299987
136.21211103299987
136.21211103299987
136.21211103299987
135.55314617820656
134.775263045045
134.775263045045
128.94107326776702
128.94107326776702
128.94107326776702
128.94107326776702
125.28948417463539
121.06230594521568
117.1935704223844
117.1935704223844
117.1935704223844
106.22350024121846
106.22350024121846
106.22350024121846
98.0636120174158
92.854685286788
90.35451319144536
90.35451319144536
90.35451319144536
90.35451319144536
90.35451319144536
90.24975831214135
90.24975831214135
90.24975831214135
87.39235797160998
87.39235797160998
87.39235797160998
87.39235797160998
87.39235797160998
87.39235797160998
87.39235797160998
87.39235797160998
86.73842654079917
86.73842654079917
86.73842654079917
85.3060928816374
85.3060928816374
85.3060928816374
85.3060928816374
85.3060928816374
81.76315024160442
80.77478220766588
80.71618663477892
80.71618663477892
80.27987143722123
80.27987143722123
80.27987143722123
80.27987143722123
76.64261666541253
76.64261666541253
76.64261666541253
76.64261666541253
75.77710315390837
75.77710315390837
75.77710315390837
75.77710315390837
75.77710315390837
74.32893967371626
74.32893967371626
73.0895224667849
60.84305358792676
60.84305358792676
60.84305358792676
60.84305358792676
54.45697862030079
54.45697862030079
54.45697862030079
54.45697862030079
54.02460403966302
52.967482654096045
52.77126098998684
52.5177969156469
51.91741897984588
51.91741897984588
51.91513280653487
51.91513280653487
51.81138922974691
51.81138922974691
50.936406522890195
50.936406522890195
50.936406522890195
50.936406522890195
50.936406522890195
48.63425565886914
48.63425565886914
47.434894027035284
47.434894027035284
47.434894027035284
47.412913522132726
47.412913522132726
47.34859563442549
47.34859563442549
47.34859563442549
47.34859563442549
47.34859563442549
46.14635232599167
46.14635232599167
46.076819609771576
46.076819609771576
41.771253723948405
41.771253723948405
41.771253723948405
41.771253723948405
39.5481448799992
39.5481448799992
39.5481448799992
39.5481448799992
39.53638116628241
39.53638116628241
38.68914506691556
38.641171364584295
38.03001922207363
38.03001922207363
37.495421363107255
37.495421363107255
37.495421363107255
37.47906034417525
37.47906034417525
37.47906034417525
37.47906034417525
37.47906034417525
36.40179854575172
36.40179854575172
36.40179854575172
29.76660019399219
29.76660019399219
29.76660019399219
28.255211369503513
28.191823752791493
28.1548648954668
27.848601536466333
27.390281775013932
27.390281775013932
27.390281775013932
27.371998865804187
27.371998865804187
27.371998865804187
27.36158609660947
27.36158609660947
27.36158609660947
27.36158609660947
27.35216000995831
27.35216000995831
27.325754012784103
27.325754012784103
25.766089140749216
25.766089140749216
25.766089140749216
25.766089140749216
25.766089140749216
25.766089140749216
25.766089140749216
25.766089140749216
25.766089140749216
25.766089140749216
25.766089140749216
25.766089140749216
24.852117715890643
24.852117715890643
24.852117715890643
24.852117715890643
24.852117715890643
24.47093831757644
24.46835474979656
24.46835474979656
24.46835474979656
24.46835474979656
24.459038154592918
24.459038154592918
23.655475932176557
23.655475932176557
23.655475932176557
23.655475932176557
23.655475932176557
23.655475932176557
23.51880664882401
23.51880664882401
23.51880664882401
23.51880664882401
21.9053538028636
21.9053538028636
21.9053538028636
21.342118736027828
21.3419735552244
21.3419735552244
21.3419735552244
21.3419735552244
21.334190285194268
20.35314004254292
20.35314004254292
20.35314004254292
20.35314004254292
20.34552003600345
20.34552003600345
20.34552003600345
20.34552003600345
20.34552003600345
20.34552003600345
20.34552003600345
20.34552003600345
20.34271924007612
20.30203224474178
20.30203224474178
20.09189781954109
20.09189781954109
20.09189781954109
20.09189781954109
17.239097518911876
17.239097518911876
17.239097518911876
17.233606981766286
17.233606981766286
17.135512982063517
17.009203937760276
14.243172986875436
14.243172986875436
14.243172986875436
14.243145162648261
14.243145162648261
14.243145162648261
14.213565759840208
13.997681966972436
13.997681966972436
13.801397239269647
13.801397239269647
13.801397239269647
13.792044441247754
13.63009312168316
12.735064979176684
12.581779030214364
12.353783206629771
12.275329999861583
12.274628111298853
12.274628111298853
12.274628111298853
12.274628111298853
12.274628111298853
12.274628111298853
12.274607499185436
12.274607499185436
12.274607499185436
12.13515422603939
12.13515422603939
12.13515422603939
12.12750586093739
12.12750586093739
10.88823533274433
10.88823533274433
10.74276945776819
10.742093314317117
10.742093314317117
10.639219081165152
10.639219081165152
10.600547898356297
10.16755752300162
10.16755752300162
10.15547535257889
10.15547208555148
10.155023865873204
10.154057790235754
10.154057790235754
10.151776298883817
10.151776298883817
9.213280437526521
9.213280437526521
9.212078919401051
9.203839215874837
9.187324700424085
9.186759494195769
9.186759494195769
9.186759494195769
9.186759494195769
9.186759494195769
9.185235747893046
9.185221350713391
9.183948402515512
9.178992083824312
9.178992083824312
9.175556051095896
9.175556051095896
9.175556051095896
9.170755970737332
9.168922676050954
9.168922676050954
9.168900228105372
9.168387124964966
9.168387124964966
9.168387124964966
9.168387124964966
9.166949015510568
9.166949015510568
9.166949015510568
9.166949015510568
8.18892756070096
8.176818994313635
8.176702102693639
8.176693339904261
8.176693339904261
8.176693339904261
8.176343675219869
8.176343675219869
8.176343675219869
8.175286411990555
8.175286411990555
8.175278602385333
7.3548633092587465
7.3548633092587465
7.354140192351281
7.354140192351281
7.353941698748031
7.353941698748031
7.353941698748031
7.254473745704956
7.2205885690949
7.220588555380743
7.220588555380743
7.220461245666797
7.2203639278660035
7.2203639278660035
7.2203639278660035
7.2203639278660035
7.2203639278660035
7.195798104986181
7.195798104986181
7.195798104986181
7.195798104986181
7.195798104986181
7.195798104986181
7.168294976842105
7.168073310554632
7.168054553911759
7.167660757786791
7.167660757786791
7.167660757786791
7.159188317413623
7.159188317413623
7.159188317413623
7.159188317413623
7.156779264005593
7.152758931508231
7.152758931508231
7.152758931508231
7.152091914173354
7.152091914173354
7.152091914173354
7.152091914173354
7.138797428423231
7.138756302631748
7.138756302631748
7.138658502696217
7.138658502696217
6.25766172007576
6.253081259142107
6.253081259142107
6.253081259142107
6.253081259142107
6.253081259142107
6.253081259142107
6.253081259142107
6.2474417510694025
6.2474417510694025
6.2474417510694025
6.142213163903989
6.142213163903989
6.1400993617198765
6.1400993617198765
6.1400993617198765
6.1400993617198765
6.140084391208234
6.140084391208234
6.140016796772954
6.140016796772954
6.140016796772954
6.140014578104683
6.140014578104683
6.139947724245644
6.139947724245644
6.139947724245644
6.139440558002718
6.139440558002718
6.139440558002718
6.135988561623321
6.135988561623321
6.135988561623321
6.135963372840422
6.135963372840422
6.135963372840422
6.135963372840422
6.135963372840422
6.135963372840422
6.135963372840422
6.135963372840422
6.135922578417649
6.135922578417649
6.135883658115972
6.132143069203039
6.088090633437275
6.087960190539718
6.087960190539718
6.087616143812113
6.087616143812113
6.087616143812113
6.087615116267841
6.087615116267841
6.087615116267841
6.087607803318122
6.087607803318122
6.087607803318122
6.087600939775996
6.087600939775996
6.087600939775996
6.087600939775996
6.087600939775996
6.087600939775996
6.087600939775996
6.087600939775996
6.087600930742042
6.087600930742042
6.087600930742042
6.087600930742042
6.087600930742042
6.087600805585282
6.087600805585282
6.087591938640571
6.087537698974472
6.087537698974472
6.087537698974472
6.087537698974472
6.079817472039906
6.079817472039906
6.079817472039906
6.079817332914104
6.079817332914104
5.369493375971217
5.357925599663645
5.357925599663645
5.357925107142933
5.357925107142933
5.357873009163825
5.357873009163825
5.357817121507935
5.357817121507935
5.357817121507935
5.35780917336308
5.35780917336308
5.357798694876806
5.357798694876806
5.357798694876806
5.357798694876806
5.357795707817104
5.357795707817104
5.357795707817104
5.357795707817104
5.357795707817104
5.3515256715833175
5.351525494527664
5.351525494527664
5.250194104978391
5.250194104978391
5.250194104978391
5.250183184634409
5.250182171412746
5.250082785412189
5.250082785412189
4.364357881154831
4.354079970535452
4.3540546493348415
4.354054606808006
4.354054606808006
4.3540525508619226
4.3540525508619226
4.3540525508619226
4.352500993465185
4.352500993465185
4.352500993465185
4.352500993465185
4.352500993465185
4.352500993465185
4.352412136607484
4.352412135808493
4.351765948269588
4.351712799335871
4.351712799335871
4.351712799335871
4.351712799335871
4.351712799335871
4.351712550238915
4.351712550238915
4.351712549711749
4.351686282357491
4.344522413090488
4.341327382001566
4.341311581262289
4.341311581262289
4.341311581262289
4.341311581262289
4.053694563461136
4.053620859522937
4.053620859522937
4.053620859522937
4.053620859522937
4.053620859522937
4.053589464948857
4.053589464948857
3.7637024800790186
3.7636483106099377
3.7636483106099377
3.7636483106099377
3.763645980950571
3.758255692749117
3.746058239133447
3.746058239133447
3.746058239133447
3.7403732064594237
3.7403732064594237
3.7403732064594237
3.7403731839978605
3.7403731839978605
3.740345216903961
3.740345216903961
3.740345216903961
3.6293509856084825
3.465469713868231
3.465469711625076
3.4654620357364934
3.4654620357364934
3.4588420971245455
3.457681302194885
3.456988060105857
3.4569853481495443
3.4569781990304023
3.4569781990304023
3.456959311680805
3.45695915326246
3.456906217148969
3.4569061046641423
3.4569061046641423
3.455668155748299
3.4556646346796924
3.4556646346796924
3.4556646346796924
3.4361411447895875
3.4361411447895875
3.4361411447895875
3.4361411447895875
3.436141112008613
3.436141112008613
3.436140843245539
3.436140843245539
3.436140843245539
3.4361404528669937
3.4361164569285165
3.4361164569285165
3.436109571245197
3.4359987479223264
3.4359940473378856
3.43599383517369
3.431642356047405
3.4287022328283
2.8930739880732403
2.8930739880732403
2.892714032406502
2.892714032406502
2.8927049505354603
2.8927048604368224
2.8926524333017483
2.8926524333017483
2.6507961784102463
2.6293699910357873
2.6293699910357873
2.6293699910357873
2.491508502788406
2.4915085009985205
2.4915085009985205
2.4915085009985205
2.489826873440279
2.489826873440279
2.4895390180667505
2.4894011020811604
2.4894011020811604
2.489306437298694
2.4892742873739166
2.4892742873739166
2.4892742873739166
2.3385459557044896
2.2960109075823993
2.2960104906517245
1.9134934973687905
1.9134934973687905
1.9007069455884107
1.9007069455884107
1.9007069455884107
1.9007069455780652
1.9000073165433946
1.8978970530778838
1.8978970521914675
1.7807510814950547
1.7807510814950547
1.3045424949897324
1.3045424949897324
1.3045424949897324
1.3045424949897324
1.3045424949897324
1.301087800505968
1.2875376221189754
1.2758424236714063
1.2758424236714063
1.2758424236714063
1.2758424236714063
1.2758409129275492
1.2757963389232145
1.2757963389232145
1.2757963389232145
1.2504379472179608
1.247550882147209
1.247550882147209
1.244966438777567
1.244966438777567
1.244966438777567
1.2449664207337037
1.2449664154557354
1.2449519052008782
1.244951671727165
1.244951502014203
1.243044959260942
0.7458235467242957
0.7458171813956938
0.7458171813956938
0.7458171813956938
0.7458171813956938
0.7458171813956938
0.7458165937062518
0.7458165937062518
0.7458165937062518
0.7458160058534418
0.7458159787891532
0.74298927776249
0.7428089654159749
0.7428089654159749
0.7428089654159749
0.7423565567140713
0.7400594125906537
0.7400594122593702
0.7400271895212427
0.7379363699584474
0.7379363699584474
0.7379361747812823
0.1808315271474612
0.18083152425265325
0.18083152331814745
0.18083146305156106
0.18083146305156106
0.18083146305156106
0.1808177854716746
0.034116699318985866
0.034116699318985866
0.0341164871480828
0.034113257893409354
0.03407363378352102
0.03406486161554767
0.03355702583468201
0.03316606951494805
0.0331660382664154
0.03316529881197994
0.03316529881197994
0.033165157771009035
0.028522865500804073
0.021818444818052285
0.015151706001233833
0.015151517759022681
0.015151515975560415
0.015148350636422947
0.015148350636422947
0.002989217577578529
0.0029823517531326615
0.0029823416060139607
0.0029823416060139607
0.002982312235133122
0.0025076757067949984
0.002507675159563405
0.002507669664794321
0.002507668522696349
0.002507457528395207
0.002507457528395207
0.0025074575053736226
0.002504348326624495
0.0024902529081600733
0.0024902529081600733
0.002490243621650734
0.002490243621650734
0.002490243621650734
0.002490243621650734
0.001854834173002473
0.0018548083488667544
0.0018548083488667544
0.001854807363429245
0.0018545627295907252
0.0007239949578092819
0.0007238007356704657
0.0007038311449036883
0.0005207268878280047
0.0005207268878280047
0.000520726748902689
0.0005207236941942028
0.0005035920174805142
0.0005035303806266711
0.0005035303806266711
0.0005034089050468538
0.00017551228137335784
0.0001755006698545003
0.00017546700371440238
0.00017546700371440238
0.00017546700371440238
0.00017545769753724016
0.00017545769753724016
0.0001754576943540087
4.999038327468952e-05
4.999038327468952e-05
4.998615639806303e-05
4.998615639806303e-05
4.998432774527828e-05
4.9680530310070026e-05
4.9680530310070026e-05
4.9680530310070026e-05
4.9679857795581484e-05
4.9679857795581484e-05
4.9679857795581484e-05
4.967571493352807e-05
4.966357369085017e-05
4.963990750184166e-05
4.963990750184166e-05
4.963990750184166e-05
4.9639704229775816e-05
4.9639704229775816e-05
2.7037995778300683e-05
2.69411030444644e-05
2.6928599140774168e-05
2.6892344806128676e-05
2.6885495515216462e-05
2.6885495515216462e-05
2.6747968547624623e-05
2.668528281901672e-05
2.66833448563375e-05
2.6683320697884483e-05
2.1708548729293398e-05
2.1708548729293398e-05
2.1708548729293398e-05
2.1708548729293398e-05
1.7039740839663864e-05
1.7039737940649502e-05
1.7039737940649502e-05
1.7039737940649502e-05
1.7039737940649502e-05
1.7039301212662394e-05
1.7039283306985453e-05
1.689052152187287e-05
1.689052152187287e-05
1.689052152187287e-05
1.6890457857243746e-05
1.587337749242579e-05
1.4842200130260608e-05
1.4841795916709088e-05
1.4841795916709088e-05
1.4841794779840711e-05
1.484148947383801e-05
1.4766361118745408e-05
1.4766361118745408e-05
1.4763959995889309e-05
1.4759539510578179e-05
1.4759539510578179e-05
1.4759539510578179e-05
1.463226857367772e-05
1.1035540467219107e-05
1.1035540467219107e-05
1.1035540467219107e-05
1.1035540467219107e-05
1.1035540467219107e-05
1.1035540467219107e-05
1.0934673639440007e-05
1.0926186121196224e-05
1.0926186121196224e-05
1.0926186121196224e-05
1.0926186121196224e-05
1.09261733882704e-05
1.09261733882704e-05
6.1494274632423185e-06
6.1494274632423185e-06
6.1494274632423185e-06
6.13256884207658e-06
6.132564067229396e-06
6.109475748417026e-06
6.077363309486827e-06
6.071221662296011e-06
6.071221662296011e-06
6.0639944763352105e-06
6.0639944763352105e-06
6.0639944763352105e-06
6.063994135274697e-06
6.063994135274697e-06
6.063950308998756e-06
5.966860385342443e-06
5.966860385342443e-06
5.966286607872462e-06
5.966286607872462e-06
5.966286607872462e-06
3.2348747254218324e-06
3.2344590294997033e-06
3.2344590294997033e-06
3.232628785099223e-06
3.2321648859579e-06
3.227336151212512e-06
3.227336151212512e-06
3.227336151212512e-06
3.227336151212512e-06
3.227336151212512e-06
3.227336151212512e-06
3.227336151212512e-06
3.227336151212512e-06
3.227336151212512e-06
3.227336151212512e-06
3.227303864150599e-06
3.2273038073071803e-06
3.2272902217300725e-06
3.225971738629596e-06
3.225971738629596e-06
3.2246709338323853e-06
2.8863350394203735e-06
2.8863349257335358e-06
2.8863349257335358e-06
2.8862042995569936e-06
2.8862042995569936e-06
2.8784677965632e-06
2.8784677965632e-06
2.8528489792734035e-06
2.852744273695862e-06
2.852744273695862e-06
2.6953003384733165e-06
2.6953003384733165e-06
2.6942692556986003e-06
2.6942688009512494e-06
2.6942688009512494e-06
2.6942688009512494e-06
2.6929273531095532e-06
2.6927716021418746e-06
2.6927716021418746e-06
2.6927716021418746e-06
2.6927716021418746e-06
2.692735506570898e-06
2.6927116323349765e-06
2.6927115754915576e-06
2.6927115754915576e-06
2.6927115754915576e-06
2.6927115754915576e-06
2.6927115754915576e-06
2.6927115754915576e-06
2.6927067438009544e-06
2.6927067438009544e-06
2.69270645958386e-06
2.6915143394035113e-06
2.6915142825600924e-06
2.6914934210253705e-06
2.6914934210253705e-06
2.691198403681483e-06
2.691198403681483e-06
2.691198289994645e-06
2.691198289994645e-06
2.691197948934132e-06
2.691197948934132e-06
2.691197948934132e-06
2.691197948934132e-06
2.691197948934132e-06
2.670040885277558e-06
2.670040885277558e-06
2.6700379862631962e-06
2.6700379862631962e-06
2.6700379862631962e-06
2.6700379862631962e-06
2.579213628450816e-06
2.579213628450816e-06
2.5771752802938863e-06
2.5758166088962753e-06
2.5575577069503197e-06
2.5575574795766443e-06
2.557506093125994e-06
2.557506093125994e-06
2.557506093125994e-06
2.557459993113298e-06
2.557459936269879e-06
2.5573908715159632e-06
2.5573908715159632e-06
2.5573908715159632e-06
2.5573908715159632e-06
1.675101657383493e-08
1.675101657383493e-08
1.658844439589302e-08
1.658844439589302e-08
1.549506123410538e-08
1.549506123410538e-08
1.549506123410538e-08
1.549506123410538e-08
1.549506123410538e-08
1.549506123410538e-08
1.549506123410538e-08
1.549506123410538e-08
1.549506123410538e-08
1.549506123410538e-08
1.549506123410538e-08
1.549085482110968e-08
1.5490627447434235e-08
1.5490627447434235e-08
1.548539785289904e-08
1.548539785289904e-08
1.548539785289904e-08
1.548539785289904e-08
1.5461978364328388e-08
1.5461978364328388e-08
1.5461978364328388e-08
1.546072780911345e-08
1.5419630017277086e-08
1.5106650153029477e-08
1.5106650153029477e-08
1.5106479622772895e-08
1.5106479622772895e-08
1.5106479622772895e-08
1.5106479622772895e-08
1.5106479622772895e-08
1.5106479622772895e-08
1.5106479622772895e-08
1.5106479622772895e-08
1.5106479622772895e-08
1.5104888007044792e-08
1.5103694295248715e-08
1.4910824575053994e-08
1.4910824575053994e-08
1.4910824575053994e-08
1.4910369827703107e-08
1.4910369827703107e-08
1.4909403489582473e-08
1.490764134359779e-08
1.4837041817372665e-08
1.3970236523164203e-08
1.394039372826228e-08
1.394039372826228e-08
1.394039372826228e-08
1.394039372826228e-08
1.394039372826228e-08
1.3930673503637081e-08
1.3930673503637081e-08
1.3928911357652396e-08
1.3928911357652396e-08
1.3928854514233535e-08
1.3928854514233535e-08
1.3928854514233535e-08
1.3902990758651868e-08
1.3902990758651868e-08
1.3902990758651868e-08
1.3885141925129574e-08
1.3885141925129574e-08
1.3885141925129574e-08
1.3884232430427801e-08
1.3884232430427801e-08
1.386729309160728e-08
1.386729309160728e-08
1.386729309160728e-08
1.261713578060153e-08
1.261713578060153e-08
1.261713578060153e-08
1.261713578060153e-08
1.261020088350051e-08
1.261014404008165e-08
1.261014404008165e-08
1.261014404008165e-08
1.261014404008165e-08
1.261014404008165e-08
1.261014404008165e-08
1.2358214007690549e-08
1.2358100320852827e-08
1.2358100320852827e-08
1.2358100320852827e-08
1.2358100320852827e-08
1.2355201306490926e-08
1.2355030776234344e-08
1.2355030776234344e-08
1.2355030776234344e-08
1.2355030776234344e-08
1.2355030776234344e-08
1.2355030776234344e-08
1.2355030776234344e-08
1.2355030776234344e-08
1.2275620520085795e-08
1.2275620520085795e-08
1.2275620520085795e-08
1.2275620520085795e-08
1.2275620520085795e-08
1.2275620520085795e-08
1.2274369964870857e-08
1.2274369964870857e-08
1.2274369964870857e-08
1.2274369964870857e-08
1.2274369964870857e-08
1.2270845672901487e-08
1.2270845672901487e-08
1.2270845672901487e-08
1.2270504612388322e-08
1.2270447768969461e-08
1.2270447768969461e-08
1.2269481430848828e-08
1.2269481430848828e-08
1.2269481430848828e-08
1.2269481430848828e-08
1.2269481430848828e-08
1.2269481430848828e-08
1.2267321380932117e-08
1.2267321380932117e-08
1.2267321380932117e-08
1.2267321380932117e-08
1.2267321380932117e-08
1.1720999282260891e-08
1.1715030723280506e-08
1.1715030723280506e-08
1.1714860193023924e-08
1.1714860193023924e-08
1.1714803349605063e-08
1.1714803349605063e-08
1.0594817467790563e-08
1.0594760624371702e-08
1.0594760624371702e-08
1.0594760624371702e-08
1.0594760624371702e-08
1.0594760624371702e-08
1.0594760624371702e-08
1.0594760624371702e-08
1.0594760624371702e-08
1.0594533250696259e-08
1.0589985777187394e-08
1.0589928933768533e-08
1.0589928933768533e-08
1.0589928933768533e-08
1.0589928933768533e-08
1.0589928933768533e-08
1.0589928933768533e-08
1.0589928933768533e-08
1.0588848908810178e-08
1.0588848908810178e-08
1.0588848908810178e-08
1.0588848908810178e-08
1.0588792065391317e-08
1.0588792065391317e-08
1.0588792065391317e-08
1.0582539289316628e-08
1.0582539289316628e-08
1.0579014997347258e-08
1.0579014997347258e-08
1.0579014997347258e-08
1.0579014997347258e-08
1.0579014997347258e-08
1.0579014997347258e-08
1.0579014997347258e-08
1.0579014997347258e-08
1.0579014997347258e-08
1.0579014997347258e-08
1.0579014997347258e-08
1.0579014997347258e-08
1.0579014997347258e-08
1.0555595508776605e-08
1.0555083918006858e-08
1.0555083918006858e-08
1.0555083918006858e-08
1.0555083918006858e-08
1.0555083918006858e-08
1.0555083918006858e-08
1.0555083918006858e-08
1.0555083918006858e-08
1.0555027074587997e-08
1.0555027074587997e-08
1.0555027074587997e-08
1.0555027074587997e-08
1.0555027074587997e-08
1.0555027074587997e-08
1.0555027074587997e-08
1.0555027074587997e-08
1.0555027074587997e-08
1.0555027074587997e-08
1.0555027074587997e-08
1.0554686014074832e-08
1.0554686014074832e-08
1.0554686014074832e-08
9.511609277979005e-09
9.511325060884701e-09
9.511325060884701e-09
9.511325060884701e-09
9.511325060884701e-09
9.511325060884701e-09
9.511325060884701e-09
9.511325060884701e-09
9.511154530628119e-09
9.511154530628119e-09
9.511154530628119e-09
9.511154530628119e-09
9.511154530628119e-09
9.511154530628119e-09
9.511154530628119e-09
9.511154530628119e-09
9.511154530628119e-09
9.511154530628119e-09
9.511154530628119e-09
9.511154530628119e-09
9.511154530628119e-09
9.511154530628119e-09
9.511154530628119e-09
9.511154530628119e-09
9.511154530628119e-09
9.511154530628119e-09
9.511154530628119e-09
9.511154530628119e-09
9.5084260465228e-09
9.5084260465228e-09
9.5084260465228e-09
9.508369203103939e-09
9.508369203103939e-09
9.098187092604348e-09
7.288122105819639e-09
7.288122105819639e-09
7.288122105819639e-09
7.288122105819639e-09
7.288122105819639e-09
7.288122105819639e-09
7.288122105819639e-09
7.288122105819639e-09
7.275446023413679e-09
5.630340638163034e-10
5.630340638163034e-10
5.629772203974426e-10
5.629772203974426e-10
5.057358976046089e-10
5.057358976046089e-10
5.056790541857481e-10
5.056790541857481e-10
5.056790541857481e-10
5.048832463216968e-10
5.048832463216968e-10
5.045421858085319e-10
5.045421858085319e-10
5.045421858085319e-10
5.044853423896711e-10
5.044853423896711e-10
5.044853423896711e-10
5.044853423896711e-10
5.044853423896711e-10
5.044853423896711e-10
5.044853423896711e-10
5.044853423896711e-10
5.044853423896711e-10
5.044853423896711e-10
5.044284989708103e-10
5.044284989708103e-10
5.043716555519495e-10
5.043716555519495e-10
5.043716555519495e-10
5.043716555519495e-10
5.043716555519495e-10
5.043716555519495e-10
5.043716555519495e-10
5.043716555519495e-10
5.043716555519495e-10
5.043716555519495e-10
5.043716555519495e-10
5.042011252953671e-10
5.042011252953671e-10
5.042011252953671e-10
5.041442818765063e-10
5.041442818765063e-10
5.041442818765063e-10
5.041442818765063e-10
5.041442818765063e-10
5.041442818765063e-10
5.041442818765063e-10
5.041442818765063e-10
5.041442818765063e-10
5.041442818765063e-10
5.041442818765063e-10
5.041442818765063e-10
5.041442818765063e-10
5.041442818765063e-10
5.041442818765063e-10
5.041442818765063e-10
5.041442818765063e-10
5.041442818765063e-10
5.041442818765063e-10
5.041442818765063e-10
5.041442818765063e-10
5.041442818765063e-10
5.041442818765063e-10
5.041442818765063e-10
5.041442818765063e-10
5.041442818765063e-10
5.041442818765063e-10
5.041442818765063e-10
5.041442818765063e-10
5.041442818765063e-10
5.041442818765063e-10
5.041442818765063e-10
5.041442818765063e-10
5.041442818765063e-10
5.041442818765063e-10
5.041442818765063e-10
5.041442818765063e-10
5.041442818765063e-10
5.041442818765063e-10
5.041442818765063e-10
5.041442818765063e-10
5.041442818765063e-10
5.041442818765063e-10
5.041442818765063e-10
5.041442818765063e-10
5.041442818765063e-10
5.041442818765063e-10
5.041442818765063e-10
5.041442818765063e-10
5.041442818765063e-10
5.041442818765063e-10
5.041442818765063e-10
5.041442818765063e-10
5.041442818765063e-10
5.041442818765063e-10
5.040874384576455e-10
5.040874384576455e-10
5.035758476878982e-10
5.035758476878982e-10
5.035758476878982e-10
5.035758476878982e-10
4.660591912397649e-10
4.660591912397649e-10
4.660591912397649e-10
4.660591912397649e-10
4.660591912397649e-10
4.660591912397649e-10
4.660591912397649e-10
4.660591912397649e-10
4.660591912397649e-10
4.660591912397649e-10
4.660591912397649e-10
4.660591912397649e-10
4.660023478209041e-10
4.660023478209041e-10
4.516209628491197e-10
4.5156411943025887e-10
4.5133674575481564e-10
4.5133674575481564e-10
4.5133674575481564e-10
4.5133674575481564e-10
4.5133674575481564e-10
4.5133674575481564e-10
4.5133674575481564e-10
4.5133674575481564e-10
4.5133674575481564e-10
4.5133674575481564e-10
4.5127990233595483e-10
4.5127990233595483e-10
4.5127990233595483e-10
4.5127990233595483e-10
4.5127990233595483e-10
4.5127990233595483e-10
4.5127990233595483e-10
4.5127990233595483e-10
4.5127990233595483e-10
2.2117774278740399e-10
2.2117774278740399e-10
2.2117774278740399e-10
2.2117774278740399e-10
2.1367441149777733e-10
2.1367441149777733e-10
2.1367441149777733e-10
2.1367441149777733e-10
2.1367441149777733e-10
2.1361756807891652e-10
2.1361756807891652e-10
2.1361756807891652e-10
2.1361756807891652e-10
2.1361756807891652e-10
2.1361756807891652e-10
2.1361756807891652e-10
2.1361756807891652e-10
2.1361756807891652e-10
2.1361756807891652e-10
2.135038812411949e-10
2.135038812411949e-10
2.135038812411949e-10
2.135038812411949e-10
2.135038812411949e-10
2.135038812411949e-10
2.135038812411949e-10
2.135038812411949e-10
2.135038812411949e-10
2.135038812411949e-10
2.135038812411949e-10
2.135038812411949e-10
2.135038812411949e-10
2.1304913389030844e-10
2.1304913389030844e-10
2.1304913389030844e-10
2.128217602148652e-10
2.128217602148652e-10
2.128217602148652e-10
2.128217602148652e-10
2.128217602148652e-10
2.128217602148652e-10
2.128217602148652e-10
2.128217602148652e-10
2.128217602148652e-10
2.128217602148652e-10
2.128217602148652e-10
2.128217602148652e-10
2.128217602148652e-10
2.128217602148652e-10
2.128217602148652e-10
5.343281372915953e-12
5.343281372915953e-12
5.343281372915953e-12
5.343281372915953e-12
5.343281372915953e-12
5.343281372915953e-12
5.343281372915953e-12
5.343281372915953e-12
5.343281372915953e-12
5.343281372915953e-12
5.343281372915953e-12
5.343281372915953e-12
5.343281372915953e-12
5.115907697472721e-12
5.115907697472721e-12
5.115907697472721e-12
5.115907697472721e-12
5.115907697472721e-12
5.115907697472721e-12
5.115907697472721e-12
5.115907697472721e-12
5.115907697472721e-12
5.059064278611913e-12
5.059064278611913e-12
5.059064278611913e-12
5.059064278611913e-12
5.059064278611913e-12
5.059064278611913e-12
5.059064278611913e-12
5.059064278611913e-12
5.059064278611913e-12
5.059064278611913e-12
5.059064278611913e-12
5.059064278611913e-12
5.059064278611913e-12
4.092726157978177e-12
4.092726157978177e-12
4.092726157978177e-12
4.092726157978177e-12
4.092726157978177e-12
4.092726157978177e-12
4.092726157978177e-12
3.979039320256561e-12
3.979039320256561e-12
3.979039320256561e-12
3.979039320256561e-12
3.979039320256561e-12
3.979039320256561e-12
3.979039320256561e-12
3.240074875066057e-12
3.240074875066057e-12
3.240074875066057e-12
3.240074875066057e-12
3.240074875066057e-12
3.240074875066057e-12
3.240074875066057e-12
3.240074875066057e-12
3.240074875066057e-12
3.240074875066057e-12
3.240074875066057e-12
3.240074875066057e-12
3.240074875066057e-12
3.240074875066057e-12
3.240074875066057e-12
3.240074875066057e-12
3.240074875066057e-12
3.069544618483633e-12
3.069544618483633e-12
3.069544618483633e-12
3.069544618483633e-12
3.069544618483633e-12
3.069544618483633e-12
3.069544618483633e-12
3.069544618483633e-12
3.069544618483633e-12
3.069544618483633e-12
3.069544618483633e-12
3.069544618483633e-12
3.069544618483633e-12
3.069544618483633e-12
3.069544618483633e-12
3.069544618483633e-12
3.069544618483633e-12
3.069544618483633e-12
3.069544618483633e-12
3.069544618483633e-12
3.069544618483633e-12
3.0127011996228248e-12
3.0127011996228248e-12
3.0127011996228248e-12
3.0127011996228248e-12
3.0127011996228248e-12
3.0127011996228248e-12
3.0127011996228248e-12
3.0127011996228248e-12
3.0127011996228248e-12
3.0127011996228248e-12
3.0127011996228248e-12
3.0127011996228248e-12
3.0127011996228248e-12
3.0127011996228248e-12
1.7621459846850485e-12
1.7621459846850485e-12
1.7621459846850485e-12
1.7621459846850485e-12
1.7621459846850485e-12
1.7621459846850485e-12
1.7621459846850485e-12
1.7621459846850485e-12
1.7621459846850485e-12
1.7621459846850485e-12
1.7621459846850485e-12
1.7621459846850485e-12
1.7621459846850485e-12
1.7621459846850485e-12
1.7621459846850485e-12
1.7621459846850485e-12
1.7621459846850485e-12
1.7621459846850485e-12
1.7621459846850485e-12
1.7621459846850485e-12
1.7621459846850485e-12
1.7621459846850485e-12
1.7621459846850485e-12
1.7621459846850485e-12
1.7621459846850485e-12
1.7621459846850485e-12
5.684341886080801e-13
5.684341886080801e-13
5.684341886080801e-13
5.684341886080801e-13
5.684341886080801e-13
1.1368683772161603e-13
1.1368683772161603e-13
1.1368683772161603e-13
1.1368683772161603e-13
1.1368683772161603e-13
1.1368683772161603e-13
1.1368683772161603e-13
1.1368683772161603e-13
1.1368683772161603e-13
1.1368683772161603e-13
1.1368683772161603e-13
1.1368683772161603e-13
1.1368683772161603e-13
1.1368683772161603e-13
1.1368683772161603e-13
1.1368683772161603e-13
1.1368683772161603e-13
1.1368683772161603e-13
1.1368683772161603e-13
1.1368683772161603e-13
1.1368683772161603e-13
1.1368683772161603e-13
1.1368683772161603e-13
1.1368683772161603e-13
1.1368683772161603e-13
1.1368683772161603e-13
1.1368683772161603e-13
1.1368683772161603e-13
1.1368683772161603e-13
1.1368683772161603e-13
1.1368683772161603e-13
1.1368683772161603e-13
1.1368683772161603e-13
1.1368683772161603e-13
1.1368683772161603e-13
1.1368683772161603e-13
1.1368683772161603e-13
1.1368683772161603e-13
1.1368683772161603e-13
1.1368683772161603e-13
1.1368683772161603e-13
1.1368683772161603e-13
1.1368683772161603e-13
1.1368683772161603e-13
1.1368683772161603e-13
1.1368683772161603e-13
1.1368683772161603e-13
1.1368683772161603e-13
1.1368683772161603e-13
1.1368683772161603e-13
1.1368683772161603e-13
1.1368683772161603e-13
1.1368683772161603e-13
1.1368683772161603e-13
1.1368683772161603e-13
1.1368683772161603e-13
1.1368683772161603e-13
1.1368683772161603e-13
1.1368683772161603e-13
1.1368683772161603e-13
1.1368683772161603e-13
1.1368683772161603e-13
1.1368683772161603e-13
1.1368683772161603e-13
1.1368683772161603e-13
1.1368683772161603e-13
1.1368683772161603e-13
1.1368683772161603e-13
1.1368683772161603e-13
5.684341886080802e-14
5.684341886080802e-14
5.684341886080802e-14
5.684341886080802e-14
5.684341886080802e-14
5.684341886080802e-14
5.684341886080802e-14
5.684341886080802e-14
5.684341886080802e-14
5.684341886080802e-14
5.684341886080802e-14
5.684341886080802e-14
5.684341886080802e-14
5.684341886080802e-14
5.684341886080802e-14
5.684341886080802e-14
5.684341886080802e-14
5.684341886080802e-14
5.684341886080802e-14
5.684341886080802e-14
5.684341886080802e-14
5.684341886080802e-14
5.684341886080802e-14
5.684341886080802e-14
5.684341886080802e-14
5.684341886080802e-14
5.684341886080802e-14
5.684341886080802e-14
5.684341886080802e-14
5.684341886080802e-14
5.684341886080802e-14
5.684341886080802e-14
5.684341886080802e-14
5.684341886080802e-14
5.684341886080802e-14
5.684341886080802e-14
5.684341886080802e-14
5.684341886080802e-14
5.684341886080802e-14
5.684341886080802e-14
5.684341886080802e-14
5.684341886080802e-14
5.684341886080802e-14
5.684341886080802e-14
5.684341886080802e-14
5.684341886080802e-14
5.684341886080802e-14
5.684341886080802e-14
5.684341886080802e-14
5.684341886080802e-14
5.684341886080802e-14
5.684341886080802e-14
5.684341886080802e-14
5.684341886080802e-14
5.684341886080802e-14
5.684341886080802e-14
5.684341886080802e-14
5.684341886080802e-14
5.684341886080802e-14
5.684341886080802e-14
5.684341886080802e-14
5.684341886080802e-14
5.684341886080802e-14
5.684341886080802e-14
5.684341886080802e-14
5.684341886080802e-14
5.684341886080802e-14
5.684341886080802e-14
5.684341886080802e-14
5.684341886080802e-14
5.684341886080802e-14
5.684341886080802e-14
5.684341886080802e-14
5.684341886080802e-14
5.684341886080802e-14
5.684341886080802e-14
5.684341886080802e-14
5.684341886080802e-14
5.684341886080802e-14
5.684341886080802e-14
5.684341886080802e-14
5.684341886080802e-14
5.684341886080802e-14
5.684341886080802e-14
0.0
0.0
0.0
0.0
0.0
0.0
0.0
0.0
0.0
0.0
0.0
0.0
0.0
0.0
0.0
0.0
0.0
0.0
0.0
0.0
0.0
0.0
0.0
0.0
0.0
0.0
0.0
0.0
0.0
0.0
0.0
0.0
0.0
0.0
0.0
0.0
0.0
0.0
0.0
0.0
0.0
0.0
0.0
0.0
0.0
0.0
0.0
0.0
0.0
0.0
0.0
0.0
0.0
0.0
0.0
0.0
0.0
0.0
0.0
0.0
0.0
0.0
0.0
0.0
0.0
0.0
0.0
0.0
0.0
0.0
0.0
0.0
0.0
0.0
0.0
0.0
0.0
0.0
0.0
0.0
0.0
0.0
0.0
0.0
0.0
0.0
0.0
0.0
0.0
0.0
0.0
0.0
0.0
0.0
0.0
0.0
0.0
0.0
0.0
0.0
0.0
0.0
0.0
0.0
0.0
0.0
0.0
0.0
0.0
0.0
0.0
0.0
0.0
0.0
0.0
0.0
0.0
0.0
0.0
0.0
0.0
0.0
0.0
0.0
0.0
0.0
0.0
0.0
0.0
0.0
0.0
0.0
0.0
0.0
0.0
0.0
0.0
0.0
0.0
0.0
0.0
0.0
0.0
0.0
0.0
0.0
0.0
0.0
0.0
0.0
0.0
0.0
0.0
0.0
0.0
0.0
0.0
0.0
0.0
0.0
0.0
0.0
0.0
0.0
0.0
0.0
0.0
0.0
0.0
0.0
0.0
0.0
0.0
0.0
0.0
0.0
0.0
0.0
0.0
0.0
0.0
0.0
0.0
0.0
0.0
0.0
0.0
0.0
0.0
0.0
0.0
0.0
0.0
0.0
0.0
0.0
0.0
0.0
0.0
0.0
0.0
0.0
0.0
0.0
0.0
0.0
0.0
0.0
0.0
0.0
0.0
0.0
0.0
0.0
0.0
0.0
0.0
0.0
0.0
0.0
0.0
0.0
0.0
0.0
0.0
0.0
0.0
0.0
0.0
0.0
0.0
0.0
0.0
0.0
0.0
0.0
0.0
0.0
0.0
0.0
0.0
0.0
0.0
0.0
0.0
0.0
0.0
0.0
0.0
0.0
0.0
0.0
0.0
0.0
0.0
0.0
0.0
0.0
0.0
0.0
0.0
0.0
0.0
0.0
0.0
0.0
0.0
0.0
0.0
0.0
0.0
0.0
0.0
0.0
0.0
0.0
0.0
0.0
0.0
0.0
0.0
0.0
0.0
0.0
0.0
0.0
0.0
0.0
0.0
0.0
0.0
0.0
0.0
0.0
0.0
0.0
0.0
0.0
0.0
0.0
0.0
0.0
0.0
0.0
0.0
0.0
0.0
0.0
0.0
0.0
0.0
0.0
0.0
0.0
0.0
0.0
0.0
0.0
0.0
0.0
0.0
0.0
0.0
0.0
0.0
0.0
0.0
0.0
0.0
0.0
0.0
0.0
0.0
0.0
0.0
0.0
0.0
0.0
0.0
0.0
0.0
0.0
0.0
0.0
0.0
0.0
0.0
0.0
0.0
0.0
0.0
0.0
0.0
0.0
0.0
0.0
0.0
0.0
0.0
0.0
0.0
0.0
0.0
0.0
0.0
0.0
0.0
0.0
0.0
0.0
0.0
0.0
0.0
0.0
0.0
0.0
0.0
0.0
0.0
0.0
0.0
0.0
0.0
0.0
0.0
0.0
0.0
0.0
0.0
0.0
0.0
0.0
0.0
0.0
0.0
0.0
0.0
0.0
0.0
0.0
0.0
0.0
0.0
0.0
0.0
0.0
0.0
0.0
0.0
0.0
0.0
0.0
0.0
0.0
0.0
0.0
0.0
0.0
0.0
0.0
0.0
0.0
0.0
0.0
0.0
0.0
0.0
0.0
0.0
0.0
0.0
0.0
0.0
0.0
0.0
0.0
0.0
0.0
0.0
0.0
0.0
0.0
0.0
0.0
0.0
0.0
0.0
0.0
0.0
0.0
0.0
0.0
0.0
0.0
0.0
0.0
0.0
0.0
0.0
0.0
0.0
0.0
0.0
0.0
0.0
0.0
0.0
0.0
0.0
0.0
0.0
0.0
0.0
0.0
0.0
0.0
0.0
0.0
0.0
0.0
0.0
0.0
0.0
0.0
0.0
0.0
0.0
0.0
0.0
0.0
0.0
0.0
0.0
0.0
0.0
0.0
0.0
0.0
0.0
0.0
0.0
0.0
0.0
0.0
0.0
0.0
0.0
0.0
0.0
0.0
0.0
0.0
0.0
0.0
0.0
0.0
0.0
0.0
0.0
0.0
0.0
0.0
0.0
0.0
0.0
0.0
0.0
0.0
0.0
0.0
0.0
0.0
0.0
0.0
0.0
0.0
0.0
0.0
0.0
0.0
0.0
0.0
0.0
0.0
0.0
0.0
0.0
0.0
0.0
0.0
0.0
0.0
0.0
0.0
0.0
0.0
0.0
0.0
0.0
0.0
0.0
0.0
0.0
0.0
0.0
0.0
0.0
0.0
0.0
0.0
0.0
0.0
0.0
0.0
0.0
0.0
0.0
0.0
0.0
0.0
0.0
0.0
0.0
0.0
0.0
0.0
0.0
0.0
0.0
0.0
0.0
0.0
0.0
0.0
0.0
0.0
0.0
0.0
0.0
0.0
0.0
0.0
0.0
0.0
0.0
0.0
0.0
0.0
0.0
0.0
0.0
0.0
0.0
0.0
0.0
0.0
0.0
0.0
0.0
0.0
0.0
0.0
0.0
0.0
0.0
0.0
0.0
0.0
0.0
0.0
0.0
0.0
0.0
0.0
0.0
0.0
0.0
0.0
0.0
0.0
0.0
0.0
0.0
0.0
0.0
0.0
0.0
0.0
0.0
0.0
0.0
0.0
0.0
0.0
0.0
0.0
0.0
0.0
0.0
0.0
0.0
0.0
0.0
0.0
0.0
0.0
0.0
0.0
0.0
0.0
0.0
0.0
0.0
0.0
0.0
0.0
0.0
0.0
0.0
0.0
0.0
0.0
0.0
0.0
0.0
0.0
0.0
0.0
0.0
0.0
0.0
0.0
0.0
0.0
0.0
0.0
0.0
0.0
0.0
0.0
0.0
0.0
0.0
0.0
0.0
0.0
0.0
0.0
0.0
0.0
0.0
0.0
0.0
0.0
0.0
0.0
0.0
0.0
0.0
0.0
0.0
0.0
0.0
0.0
0.0
0.0
0.0
0.0
0.0
0.0
0.0
0.0
0.0
0.0
0.0
0.0
0.0
0.0
0.0
0.0
0.0
0.0
0.0
0.0
0.0
0.0
0.0
0.0
0.0
0.0
0.0
0.0
0.0
0.0
0.0
0.0
0.0
0.0
0.0
0.0
0.0
0.0
0.0
0.0
0.0
0.0
0.0
0.0
0.0
0.0
0.0
0.0
0.0
0.0
0.0
0.0
0.0
0.0
0.0
0.0
0.0
0.0
0.0
0.0
0.0
0.0
0.0
0.0
0.0
0.0
0.0
0.0
0.0
0.0
0.0
0.0
0.0
0.0
0.0
0.0
0.0
0.0
0.0
0.0
0.0
0.0
0.0
0.0
0.0
0.0
0.0
0.0
0.0
0.0
0.0
0.0
0.0
0.0
0.0
0.0
0.0
0.0
0.0
0.0
0.0
0.0
0.0
0.0
0.0
0.0
0.0
0.0
0.0
0.0
0.0
0.0
0.0
0.0
0.0
0.0
0.0
0.0
0.0
0.0
0.0
0.0
0.0
0.0
0.0
0.0
0.0
0.0
0.0
0.0
0.0
0.0
0.0
0.0
0.0
0.0
0.0
0.0
0.0
0.0
0.0
0.0
0.0
0.0
0.0
0.0
0.0
0.0
0.0
0.0
0.0
0.0
0.0
0.0
0.0
0.0
0.0
0.0
0.0
0.0
0.0
0.0
0.0
0.0
0.0
0.0
0.0
0.0
0.0
0.0
0.0
0.0
0.0
0.0
0.0
0.0
0.0
0.0
0.0
0.0
0.0
0.0
0.0
0.0
0.0
0.0
0.0
0.0
0.0
0.0
0.0
0.0
0.0
0.0
0.0
0.0
0.0
0.0
0.0
0.0
0.0
0.0
0.0
0.0
0.0
0.0
0.0
0.0
0.0
0.0
0.0
0.0
0.0
0.0
0.0
0.0
0.0
0.0
0.0
0.0
0.0
0.0
0.0
0.0
0.0
0.0
0.0
0.0
0.0
0.0
0.0
0.0
0.0
0.0
0.0
0.0
0.0
0.0
0.0
0.0
0.0
0.0
0.0
0.0
0.0
0.0
0.0
0.0
0.0
0.0
0.0
0.0
0.0
0.0
0.0
0.0
0.0
0.0
0.0
0.0
0.0
0.0
0.0
0.0
0.0
0.0
0.0
0.0
0.0
0.0
0.0
0.0
0.0
0.0
0.0
0.0
0.0
0.0
0.0
0.0
0.0
0.0
0.0
0.0
0.0
0.0
0.0
0.0
0.0
0.0
0.0
0.0
0.0
0.0
0.0
0.0
0.0
0.0
0.0
0.0
0.0
0.0
0.0
0.0
0.0
0.0
0.0
0.0
0.0
0.0
0.0
0.0
0.0
0.0
0.0
0.0
0.0
0.0
0.0
0.0
0.0
0.0
0.0
0.0
0.0
0.0
0.0
0.0
0.0
0.0
0.0
0.0
0.0
0.0
0.0
0.0
0.0
0.0
0.0
0.0
0.0
0.0
0.0
0.0
0.0
0.0
0.0
0.0
0.0
0.0
0.0
0.0
0.0
0.0
0.0
0.0
0.0
0.0
0.0
0.0
0.0
0.0
0.0
0.0
0.0
0.0
0.0
0.0
0.0
0.0
0.0
0.0
0.0
0.0
0.0
0.0
0.0
0.0
0.0
0.0
0.0
0.0
0.0
0.0
0.0
0.0
0.0
0.0
0.0
0.0
0.0
0.0
0.0
0.0
0.0
0.0
0.0
0.0
0.0
0.0
0.0
0.0
0.0
0.0
0.0
0.0
0.0
0.0
0.0
0.0
0.0
0.0
0.0
0.0
0.0
0.0
0.0
0.0
0.0
0.0
0.0
0.0
0.0
0.0
0.0
0.0
0.0
0.0
0.0
0.0
0.0
0.0
0.0
0.0
0.0
0.0
0.0
0.0
0.0
0.0
0.0
0.0
0.0
0.0
0.0
0.0
0.0
0.0
0.0
0.0
0.0
0.0
0.0
0.0
0.0
0.0
0.0
0.0
0.0
0.0
0.0
0.0
0.0
0.0
0.0
0.0
0.0
0.0
0.0
0.0
0.0
0.0
0.0
0.0
0.0
0.0
0.0
0.0
0.0
0.0
0.0
0.0
0.0
0.0
0.0
0.0
0.0
0.0
0.0
0.0
0.0
0.0
0.0
0.0
0.0
0.0
0.0
0.0
0.0
0.0
0.0
0.0
0.0
0.0
0.0
0.0
0.0
0.0
0.0
0.0
0.0
0.0
0.0
0.0
0.0
0.0
0.0
0.0
0.0
0.0
0.0
0.0
0.0
0.0
0.0
0.0
0.0
0.0
0.0
0.0
0.0
0.0
0.0
0.0
0.0
0.0
0.0
0.0
0.0
0.0
0.0
0.0
0.0
0.0
0.0
0.0
0.0
0.0
0.0
0.0
0.0
0.0
0.0
0.0
0.0
0.0
0.0
0.0
0.0
0.0
0.0
0.0
0.0
0.0
0.0
0.0
0.0
0.0
0.0
0.0
0.0
0.0
0.0
0.0
0.0
0.0
0.0
0.0
0.0
0.0
0.0
0.0
0.0
0.0
0.0
0.0
0.0
0.0
0.0
0.0
0.0
0.0
0.0
0.0
0.0
0.0
0.0
0.0
0.0
0.0
0.0
0.0
0.0
0.0
0.0
0.0
0.0
0.0
0.0
0.0
0.0
0.0
0.0
0.0
0.0
0.0
0.0
0.0
0.0
0.0
0.0
0.0
0.0
0.0
0.0
0.0
0.0
0.0
0.0
0.0
0.0
0.0
0.0
0.0
0.0
0.0
0.0
0.0
0.0
0.0
0.0
0.0
0.0
0.0
0.0
0.0
0.0
0.0
0.0
0.0
0.0
0.0
0.0
0.0
0.0
0.0
0.0
0.0
0.0
0.0
0.0
0.0
0.0
0.0
0.0
0.0
0.0
0.0
0.0
0.0
0.0
0.0
0.0
0.0
0.0
0.0
0.0
0.0
0.0
0.0
0.0
0.0
0.0
0.0
0.0
0.0
0.0
0.0
0.0
0.0
0.0
0.0
0.0
0.0
0.0
0.0
0.0
0.0
0.0
0.0
0.0
0.0
0.0
0.0
0.0
0.0
0.0
0.0
0.0
0.0
0.0
0.0
0.0
0.0
0.0
0.0
0.0
0.0
0.0
0.0
0.0
0.0
0.0
0.0
0.0
0.0
0.0
0.0
0.0
0.0
0.0
0.0
0.0
0.0
0.0
0.0
0.0
0.0
0.0
0.0
0.0
0.0
0.0
0.0
0.0
0.0
0.0
0.0
0.0
0.0
0.0
0.0
0.0
0.0
0.0
0.0
0.0
0.0
0.0
0.0
0.0
0.0
0.0
0.0
0.0
0.0
0.0
0.0
0.0
0.0
0.0
0.0
0.0
0.0
0.0
0.0
0.0
0.0
0.0
0.0
0.0
0.0
0.0
0.0
0.0
0.0
0.0
0.0
0.0
0.0
0.0
0.0
0.0
0.0
0.0
0.0
0.0
0.0
0.0
0.0
0.0
0.0
0.0
0.0
0.0
0.0
0.0
0.0
0.0
0.0
0.0
0.0
0.0
0.0
0.0
0.0
0.0
0.0
0.0
0.0
0.0
0.0
0.0
0.0
0.0
0.0
0.0
0.0
0.0
0.0
0.0
0.0
0.0
0.0
0.0
0.0
0.0
0.0
0.0
0.0
0.0
0.0
0.0
0.0
0.0
0.0
0.0
0.0
0.0
0.0
0.0
0.0
0.0
0.0
0.0
0.0
0.0
0.0
0.0
0.0
0.0
0.0
0.0
0.0
0.0
0.0
0.0
0.0
0.0
0.0
0.0
0.0
0.0
0.0
0.0
0.0
0.0
0.0
0.0
0.0
0.0
0.0
0.0
0.0
0.0
0.0
0.0
0.0
0.0
0.0
0.0
0.0
0.0
0.0
0.0
0.0
0.0
0.0
0.0
0.0
0.0
0.0
0.0
0.0
0.0
0.0
0.0
0.0
0.0
0.0
0.0
0.0
0.0
0.0
0.0
0.0
0.0
0.0
0.0
0.0
0.0
0.0
0.0
0.0
0.0
0.0
0.0
0.0
0.0
0.0
0.0
0.0
0.0
0.0
0.0
0.0
0.0
0.0
0.0
0.0
0.0
0.0
0.0
0.0
0.0
0.0
0.0
0.0
0.0
0.0
0.0
0.0
0.0
0.0
0.0
0.0
0.0
0.0
0.0
0.0
0.0
0.0
0.0
0.0
0.0
0.0
0.0
0.0
0.0
0.0
0.0
0.0
0.0
0.0
0.0
0.0
0.0
0.0
0.0
0.0
0.0
0.0
0.0
0.0
0.0
0.0
0.0
0.0
0.0
0.0
0.0
0.0
0.0
0.0
0.0
0.0
0.0
0.0
0.0
0.0
0.0
0.0
0.0
0.0
0.0
0.0
0.0
0.0
0.0
0.0
0.0
0.0
0.0
0.0
0.0
0.0
0.0
0.0
0.0
0.0
0.0
0.0
0.0
0.0
0.0
0.0
0.0
0.0
0.0
0.0
0.0
0.0
0.0
0.0
0.0
0.0
0.0
0.0
0.0
0.0
0.0
0.0
0.0
0.0
0.0
0.0
0.0
0.0
0.0
0.0
0.0
0.0
0.0
0.0
0.0
0.0
0.0
0.0
0.0
0.0
0.0
0.0
0.0
0.0
0.0
0.0
0.0
0.0
0.0
0.0
0.0
0.0
0.0
0.0
0.0
0.0
0.0
0.0
0.0
0.0
0.0
0.0
0.0
0.0
0.0
0.0
0.0
0.0
0.0
0.0
0.0
0.0
0.0
0.0
0.0
0.0
0.0
0.0
0.0
0.0
0.0
0.0
0.0
0.0
0.0
0.0
0.0
0.0
0.0
0.0
0.0
0.0
0.0
0.0
0.0
0.0
0.0
0.0
0.0
0.0
0.0
0.0
0.0
0.0
0.0
0.0
0.0
0.0
0.0
0.0
0.0
0.0
0.0
0.0
0.0
0.0
0.0
0.0
0.0
0.0
0.0
0.0
0.0
0.0
0.0
0.0
0.0
0.0
0.0
0.0
0.0
0.0
0.0
0.0
0.0
0.0
0.0
0.0
0.0
0.0
0.0
0.0
0.0
0.0
0.0
0.0
0.0
0.0
0.0
0.0
0.0
0.0
0.0
0.0
0.0
0.0
0.0
0.0
0.0
0.0
0.0
0.0
0.0
0.0
0.0
0.0
0.0
0.0
0.0
0.0
0.0
0.0
0.0
0.0
0.0
0.0
0.0
0.0
0.0
0.0
0.0
0.0
0.0
0.0
0.0
0.0
0.0
0.0
0.0
0.0
0.0
0.0
0.0
0.0
0.0
0.0
0.0
0.0
0.0
0.0
0.0
0.0
0.0
0.0
0.0
0.0
0.0
0.0
0.0
0.0
0.0
0.0
0.0
0.0
0.0
0.0
0.0
0.0
0.0
0.0
0.0
0.0
0.0
0.0
0.0
0.0
0.0
0.0
0.0
0.0
0.0
0.0
0.0
0.0
0.0
0.0
0.0
0.0
0.0
0.0
0.0
0.0
0.0
0.0
0.0
0.0
0.0
0.0
0.0
0.0
0.0
0.0
0.0
0.0
0.0
0.0
0.0
0.0
0.0
0.0
0.0
0.0
0.0
0.0
0.0
0.0
0.0
0.0
0.0
0.0
0.0
0.0
0.0
0.0
0.0
0.0
0.0
0.0
0.0
0.0
0.0
0.0
0.0
0.0
0.0
0.0
0.0
0.0
0.0
0.0
0.0
0.0
0.0
0.0
0.0
0.0
0.0
0.0
0.0
0.0
0.0
0.0
0.0
0.0
0.0
0.0
0.0
0.0
0.0
0.0
0.0
0.0
0.0
0.0
0.0
0.0
0.0
0.0
0.0
0.0
0.0
0.0
0.0
0.0
0.0
0.0
0.0
0.0
0.0
0.0
0.0
0.0
0.0
0.0
0.0
0.0
0.0
0.0
0.0
0.0
0.0
0.0
0.0
0.0
0.0
0.0
0.0
0.0
0.0
0.0
0.0
0.0
0.0
0.0
0.0
0.0
0.0
0.0
0.0
0.0
0.0
0.0
0.0
0.0
0.0
0.0
0.0
0.0
0.0
0.0
0.0
0.0
0.0
0.0
0.0
0.0
0.0
0.0
0.0
0.0
0.0
0.0
0.0
0.0
0.0
0.0
0.0
0.0
0.0
0.0
0.0
0.0
0.0
0.0
0.0
0.0
0.0
0.0
0.0
0.0
0.0
0.0
0.0
0.0
0.0
0.0
0.0
0.0
0.0
0.0
0.0
0.0
0.0
0.0
0.0
0.0
0.0
0.0
0.0
0.0
0.0
0.0
0.0
0.0
0.0
0.0
0.0
0.0
0.0
0.0
0.0
0.0
0.0
0.0
0.0
0.0
0.0
0.0
0.0
0.0
0.0
0.0
0.0
0.0
0.0
0.0
0.0
0.0
0.0
0.0
0.0
0.0
0.0
0.0
0.0
0.0
0.0
0.0
0.0
0.0
0.0
0.0
0.0
0.0
0.0
0.0
0.0
0.0
0.0
0.0
0.0
0.0
0.0
0.0
0.0
0.0
0.0
0.0
0.0
0.0
0.0
0.0
0.0
0.0
0.0
0.0
0.0
0.0
0.0
0.0
0.0
0.0
0.0
0.0
0.0
0.0
0.0
0.0
0.0
0.0
0.0
0.0
0.0
0.0
0.0
0.0
0.0
0.0
0.0
0.0
0.0
0.0
0.0
0.0
0.0
0.0
0.0
0.0
0.0
0.0
0.0
0.0
0.0
0.0
0.0
0.0
0.0
0.0
0.0
0.0
0.0
0.0
0.0
0.0
0.0
0.0
0.0
0.0
0.0
0.0
0.0
0.0
0.0
0.0
0.0
0.0
0.0
0.0
0.0
0.0
0.0
0.0
0.0
0.0
0.0
0.0
0.0
0.0
0.0
0.0
0.0
0.0
0.0
0.0
0.0
0.0
0.0
0.0
0.0
0.0
0.0
0.0
0.0
0.0
0.0
0.0
0.0
0.0
0.0
0.0
0.0
0.0
0.0
0.0
0.0
0.0
0.0
0.0
0.0
0.0
0.0
0.0
0.0
0.0
0.0
0.0
0.0
0.0
0.0
0.0
0.0
0.0
0.0
0.0
0.0
0.0
0.0
0.0
0.0
0.0
0.0
0.0
0.0
0.0
0.0
0.0
0.0
0.0
0.0
0.0
0.0
0.0
0.0
0.0
0.0
0.0
0.0
0.0
0.0
0.0
0.0
0.0
0.0
0.0
0.0
0.0
0.0
0.0
0.0
0.0
0.0
0.0
0.0
0.0
0.0
0.0
0.0
0.0
0.0
0.0
0.0
0.0
0.0
0.0
0.0
0.0
0.0
0.0
0.0
0.0
0.0
0.0
0.0
0.0
0.0
0.0
0.0
0.0
0.0
0.0
0.0
0.0
0.0
0.0
0.0
0.0
0.0
0.0
0.0
0.0
0.0
0.0
0.0
0.0
0.0
0.0
0.0
0.0
0.0
0.0
0.0
0.0
0.0
0.0
0.0
0.0
0.0
0.0
0.0
0.0
0.0
0.0
0.0
0.0
0.0
0.0
0.0
0.0
0.0
0.0
0.0
0.0
0.0
0.0
0.0
0.0
0.0
0.0
0.0
0.0
0.0
0.0
0.0
0.0
0.0
0.0
0.0
0.0
0.0
0.0
0.0
0.0
0.0
0.0
0.0
0.0
0.0
0.0
0.0
0.0
0.0
0.0
0.0
0.0
0.0
0.0
0.0
0.0
0.0
0.0
0.0
0.0
0.0
0.0
0.0
0.0
0.0
0.0
0.0
0.0
0.0
0.0
0.0
0.0
0.0
0.0
0.0
0.0
0.0
0.0
0.0
0.0
0.0
0.0
0.0
0.0
0.0
0.0
0.0
0.0
0.0
0.0
0.0
0.0
0.0
0.0
0.0
0.0
0.0
0.0
0.0
0.0
0.0
0.0
0.0
0.0
0.0
0.0
0.0
0.0
0.0
0.0
0.0
0.0
0.0
0.0
0.0
0.0
0.0
0.0
0.0
0.0
0.0
0.0
0.0
0.0
0.0
0.0
0.0
0.0
0.0
0.0
0.0
0.0
0.0
0.0
0.0
0.0
0.0
0.0
0.0
0.0
0.0
0.0
0.0
0.0
0.0
0.0
0.0
0.0
0.0
0.0
0.0
0.0
0.0
0.0
0.0
0.0
0.0
0.0
0.0
0.0
0.0
0.0
0.0
0.0
0.0
0.0
0.0
0.0
0.0
0.0
0.0
0.0
0.0
0.0
0.0
0.0
0.0
0.0
0.0
0.0
0.0
0.0
0.0
0.0
0.0
0.0
0.0
0.0
0.0
0.0
0.0
0.0
0.0
0.0
0.0
0.0
0.0
0.0
0.0
0.0
0.0
0.0
0.0
0.0
0.0
0.0
0.0
0.0
0.0
0.0
0.0
0.0
0.0
0.0
0.0
0.0
0.0
0.0
0.0
0.0
0.0
0.0
0.0
0.0
0.0
0.0
0.0
0.0
0.0
0.0
0.0
0.0
0.0
0.0
0.0
0.0
0.0
0.0
0.0
0.0
0.0
0.0
0.0
0.0
0.0
0.0
0.0
0.0
0.0
0.0
0.0
0.0
0.0
0.0
0.0
0.0
0.0
0.0
0.0
0.0
0.0
0.0
0.0
0.0
0.0
0.0
0.0
0.0
0.0
0.0
0.0
0.0
0.0
0.0
0.0
0.0
0.0
0.0
0.0
0.0
0.0
0.0
0.0
0.0
0.0
0.0
0.0
0.0
0.0
0.0
0.0
0.0
0.0
0.0
0.0
0.0
0.0
0.0
0.0
0.0
0.0
0.0
0.0
0.0
0.0
0.0
0.0
0.0
0.0
0.0
0.0
0.0
0.0
0.0
0.0
0.0
0.0
0.0
0.0
0.0
0.0
0.0
0.0
0.0
0.0
0.0
0.0
0.0
0.0
0.0
0.0
0.0
0.0
0.0
0.0
0.0
0.0
0.0
0.0
0.0
0.0
0.0
0.0
0.0
0.0
0.0
0.0
0.0
0.0
0.0
0.0
0.0
0.0
0.0
0.0
0.0
0.0
0.0
0.0
0.0
0.0
0.0
0.0
0.0
0.0
0.0
0.0
0.0
0.0
0.0
0.0
0.0
0.0
0.0
0.0
0.0
0.0
0.0
0.0
0.0
0.0
0.0
0.0
0.0
0.0
0.0
0.0
0.0
0.0
0.0
0.0
0.0
0.0
0.0
0.0
0.0
0.0
0.0
0.0
0.0
0.0
0.0
0.0
0.0
0.0
0.0
0.0
0.0
0.0
0.0
0.0
0.0
0.0
0.0
0.0
0.0
0.0
0.0
0.0
0.0
0.0
0.0
0.0
0.0
0.0
0.0
0.0
0.0
0.0
0.0
0.0
0.0
0.0
0.0
0.0
0.0
0.0
0.0
0.0
0.0
0.0
0.0
0.0
0.0
0.0
0.0
0.0
0.0
0.0
0.0
0.0
0.0
0.0
0.0
0.0
0.0
0.0
0.0
0.0
0.0
0.0
0.0
0.0
0.0
0.0
0.0
0.0
0.0
0.0
0.0
0.0
0.0
0.0
0.0
0.0
0.0
0.0
0.0
0.0
0.0
0.0
0.0
0.0
0.0
0.0
0.0
0.0
0.0
0.0
0.0
0.0
0.0
0.0
0.0
0.0
0.0
0.0
0.0
0.0
0.0
0.0
0.0
0.0
0.0
0.0
0.0
0.0
0.0
0.0
0.0
0.0
0.0
0.0
0.0
0.0
0.0
0.0
0.0
0.0
0.0
0.0
0.0
0.0
0.0
0.0
0.0
0.0
0.0
0.0
0.0
0.0
0.0
0.0
0.0
0.0
0.0
0.0
0.0
0.0
0.0
0.0
0.0
0.0
0.0
0.0
0.0
0.0
0.0
0.0
0.0
0.0
0.0
0.0
0.0
0.0
0.0
0.0
0.0
0.0
0.0
0.0
0.0
0.0
0.0
0.0
0.0
0.0
0.0
0.0
0.0
0.0
0.0
0.0
0.0
0.0
0.0
0.0
0.0
0.0
0.0
0.0
0.0
0.0
0.0
0.0
0.0
0.0
0.0
0.0
0.0
0.0
0.0
0.0
0.0
0.0
0.0
0.0
0.0
0.0
0.0
0.0
0.0
0.0
0.0
0.0
0.0
0.0
0.0
0.0
0.0
0.0
0.0
0.0
0.0
0.0
0.0
0.0
0.0
0.0
0.0
0.0
0.0
0.0
0.0
0.0
0.0
0.0
0.0
0.0
0.0
0.0
0.0
0.0
0.0
0.0
0.0
0.0
0.0
0.0
0.0
0.0
0.0
0.0
0.0
0.0
0.0
0.0
0.0
0.0
0.0
0.0
0.0
0.0
0.0
0.0
0.0
0.0
0.0
0.0
0.0
0.0
0.0
0.0
0.0
0.0
0.0
0.0
0.0
0.0
0.0
0.0
0.0
0.0
0.0
0.0
0.0
0.0
0.0
0.0
0.0
0.0
0.0
0.0
0.0
0.0
0.0
0.0
0.0
0.0
0.0
0.0
0.0
0.0
0.0
0.0
0.0
0.0
0.0
0.0
0.0
0.0
0.0
0.0
0.0
0.0
0.0
0.0
0.0
0.0
0.0
0.0
0.0
0.0
0.0
0.0
0.0
0.0
0.0
0.0
0.0
0.0
0.0
0.0
0.0
0.0
0.0
0.0
0.0
0.0
0.0
0.0
0.0
0.0
0.0
0.0
0.0
0.0
0.0
0.0
0.0
0.0
0.0
0.0
0.0
0.0
0.0
0.0
0.0
0.0
0.0
0.0
0.0
0.0
0.0
0.0
0.0
0.0
0.0
0.0
0.0
0.0
0.0
0.0
0.0
0.0
0.0
0.0
0.0
0.0
0.0
0.0
0.0
0.0
0.0
0.0
0.0
0.0
0.0
0.0
0.0
0.0
0.0
0.0
0.0
0.0
0.0
0.0
0.0
0.0
0.0
0.0
0.0
0.0
0.0
0.0
0.0
0.0
0.0
0.0
0.0
0.0
0.0
0.0
0.0
0.0
0.0
0.0
0.0
0.0
0.0
0.0
0.0
0.0
0.0
0.0
0.0
0.0
0.0
0.0
0.0
0.0
0.0
0.0
0.0
0.0
0.0
0.0
0.0
0.0
0.0
0.0
0.0
0.0
0.0
0.0
0.0
0.0
0.0
0.0
0.0
0.0
0.0
0.0
0.0
0.0
0.0
0.0
0.0
0.0
0.0
0.0
0.0
0.0
0.0
0.0
0.0
0.0
0.0
0.0
0.0
0.0
0.0
0.0
0.0
0.0
0.0
0.0
0.0
0.0
0.0
0.0
0.0
0.0
0.0
0.0
0.0
0.0
0.0
0.0
0.0
0.0
0.0
0.0
0.0
0.0
0.0
0.0
0.0
0.0
0.0
0.0
0.0
0.0
0.0
0.0
0.0
0.0
0.0
0.0
0.0
0.0
0.0
0.0
0.0
0.0
0.0
0.0
0.0
0.0
0.0
0.0
0.0
0.0
0.0
0.0
0.0
0.0
0.0
0.0
0.0
0.0
0.0
0.0
0.0
0.0
0.0
0.0
0.0
0.0
0.0
0.0
0.0
0.0
0.0
0.0
0.0
0.0
0.0
0.0
0.0
0.0
0.0
0.0
0.0
0.0
0.0
0.0
0.0
0.0
0.0
0.0
0.0
0.0
0.0
0.0
0.0
0.0
0.0
0.0
0.0
0.0
0.0
0.0
0.0
0.0
0.0
0.0
0.0
0.0
0.0
0.0
0.0
0.0
0.0
0.0
0.0
0.0
0.0
0.0
0.0
0.0
0.0
0.0
0.0
0.0
0.0
0.0
0.0
0.0
0.0
0.0
0.0
0.0
0.0
0.0
0.0
0.0
0.0
0.0
0.0
0.0
0.0
0.0
0.0
0.0
0.0
0.0
0.0
0.0
0.0
0.0
0.0
0.0
0.0
0.0
0.0
0.0
0.0
0.0
0.0
0.0
0.0
0.0
0.0
0.0
0.0
0.0
0.0
0.0
0.0
0.0
0.0
0.0
0.0
0.0
0.0
0.0
0.0
0.0
0.0
0.0
0.0
0.0
0.0
0.0
0.0
0.0
0.0
0.0
0.0
0.0
0.0
0.0
0.0
0.0
0.0
0.0
0.0
0.0
0.0
0.0
0.0
0.0
0.0
0.0
0.0
0.0
0.0
0.0
0.0
0.0
0.0
0.0
0.0
0.0
0.0
0.0
0.0
0.0
0.0
0.0
0.0
0.0
0.0
0.0
0.0
0.0
0.0
0.0
0.0
0.0
0.0
0.0
0.0
0.0
0.0
0.0
0.0
0.0
0.0
0.0
0.0
0.0
0.0
0.0
0.0
0.0
0.0
0.0
0.0
0.0
0.0
0.0
0.0
0.0
0.0
0.0
0.0
0.0
0.0
0.0
0.0
0.0
0.0
0.0
0.0
0.0
0.0
0.0
0.0
0.0
0.0
0.0
0.0
0.0
0.0
0.0
0.0
0.0
0.0
0.0
0.0
0.0
0.0
0.0
0.0
0.0
0.0
0.0
0.0
0.0
0.0
0.0
0.0
0.0
0.0
0.0
0.0
0.0
0.0
0.0
0.0
0.0
0.0
0.0
0.0
0.0
0.0
0.0
0.0
0.0
0.0
0.0
0.0
0.0
0.0
0.0
0.0
0.0
0.0
0.0
0.0
0.0
0.0
0.0
0.0
0.0
0.0
0.0
0.0
0.0
0.0
0.0
0.0
0.0
0.0
0.0
0.0
0.0
0.0
0.0
0.0
0.0
0.0
0.0
0.0
0.0
0.0
0.0
0.0
0.0
0.0
0.0
0.0
0.0
0.0
0.0
0.0
0.0
0.0
0.0
0.0
0.0
0.0
0.0
0.0
0.0
0.0
0.0
0.0
0.0
0.0
0.0
0.0
0.0
0.0
0.0
0.0
0.0
0.0
0.0
0.0
0.0
0.0
0.0
0.0
0.0
0.0
0.0
0.0
0.0
0.0
0.0
0.0
0.0
0.0
0.0
0.0
0.0
0.0
0.0
0.0
0.0
0.0
0.0
0.0
0.0
0.0
0.0
0.0
0.0
0.0
0.0
0.0
0.0
0.0
0.0
0.0
0.0
0.0
0.0
0.0
0.0
0.0
0.0
0.0
0.0
0.0
0.0
0.0
0.0
0.0
0.0
0.0
0.0
0.0
0.0
0.0
0.0
0.0
0.0
0.0
0.0
0.0
0.0
0.0
0.0
0.0
0.0
0.0
0.0
0.0
0.0
0.0
0.0
0.0
0.0
0.0
0.0
0.0
0.0
0.0
0.0
0.0
0.0
0.0
0.0
0.0
0.0
0.0
0.0
0.0
0.0
0.0
0.0
0.0
0.0
0.0
0.0
0.0
0.0
0.0
0.0
0.0
0.0
0.0
0.0
0.0
0.0
0.0
0.0
0.0
0.0
0.0
0.0
0.0
0.0
0.0
0.0
0.0
0.0
0.0
0.0
0.0
0.0
0.0
0.0
0.0
0.0
0.0
0.0
0.0
0.0
0.0
0.0
0.0
0.0
0.0
0.0
0.0
0.0
0.0
0.0
0.0
0.0
0.0
0.0
0.0
0.0
0.0
0.0
0.0
0.0
0.0
0.0
0.0
0.0
0.0
0.0
0.0
0.0
0.0
0.0
0.0
0.0
0.0
0.0
0.0
0.0
0.0
0.0
0.0
0.0
0.0
0.0
0.0
0.0
0.0
0.0
0.0
0.0
0.0
0.0
0.0
0.0
0.0
0.0
0.0
0.0
0.0
0.0
0.0
0.0
0.0
0.0
0.0
0.0
0.0
0.0
0.0
0.0
0.0
0.0
0.0
0.0
0.0
0.0
0.0
0.0
0.0
0.0
0.0
0.0
0.0
0.0
0.0
0.0
0.0
0.0
0.0
0.0
0.0
0.0
0.0
0.0
0.0
0.0
0.0
0.0
0.0
0.0
0.0
0.0
0.0
0.0
0.0
0.0
0.0
0.0
0.0
0.0
0.0
0.0
0.0
0.0
0.0
0.0
0.0
0.0
0.0
0.0
0.0
0.0
0.0
0.0
0.0
0.0
0.0
0.0
0.0
0.0
0.0
0.0
0.0
0.0
0.0
0.0
0.0
0.0
0.0
0.0
0.0
0.0
0.0
0.0
0.0
0.0
0.0
0.0
0.0
0.0
0.0
0.0
0.0
0.0
0.0
0.0
0.0
0.0
0.0
0.0
0.0
0.0
0.0
0.0
0.0
0.0
0.0
0.0
0.0
0.0
0.0
0.0
0.0
0.0
0.0
0.0
0.0
0.0
0.0
0.0
0.0
0.0
0.0
0.0
0.0
0.0
0.0
0.0
0.0
0.0
0.0
0.0
0.0
0.0
0.0
0.0
0.0
0.0
0.0
0.0
0.0
0.0
0.0
0.0
0.0
0.0
0.0
0.0
0.0
0.0
0.0
0.0
0.0
0.0
0.0
0.0
0.0
0.0
0.0
0.0
0.0
0.0
0.0
0.0
0.0
0.0
0.0
0.0
0.0
0.0
0.0
0.0
0.0
0.0
0.0
0.0
0.0
0.0
0.0
0.0
0.0
0.0
0.0
0.0
0.0
0.0
0.0
0.0
0.0
0.0
0.0
0.0
0.0
0.0
0.0
0.0
0.0
0.0
0.0
0.0
0.0
0.0
0.0
0.0
0.0
0.0
0.0
0.0
0.0
0.0
0.0
0.0
0.0
0.0
0.0
0.0
0.0
0.0
0.0
0.0
0.0
0.0
0.0
0.0
0.0
0.0
0.0
0.0
0.0
0.0
0.0
0.0
0.0
0.0
0.0
0.0
0.0
0.0
0.0
0.0
0.0
0.0
0.0
0.0
0.0
0.0
0.0
0.0
0.0
0.0
0.0
0.0
0.0
0.0
0.0
0.0
0.0
0.0
0.0
0.0
0.0
0.0
0.0
0.0
0.0
0.0
0.0
0.0
0.0
0.0
0.0
0.0
0.0
0.0
0.0
0.0
0.0
0.0
0.0
0.0
0.0
0.0
0.0
0.0
0.0
0.0
0.0
0.0
0.0
0.0
0.0
0.0
0.0
0.0
0.0
0.0
0.0
0.0
0.0
0.0
0.0
0.0
0.0
0.0
0.0
0.0
0.0
0.0
0.0
0.0
0.0
0.0
0.0
0.0
0.0
0.0
0.0
0.0
0.0
0.0
0.0
0.0
0.0
0.0
0.0
0.0
0.0
0.0
0.0
0.0
0.0
0.0
0.0
0.0
0.0
0.0
0.0
0.0
0.0
0.0
0.0
0.0
0.0
0.0
0.0
0.0
0.0
0.0
0.0
0.0
0.0
0.0
0.0
0.0
0.0
0.0
0.0
0.0
0.0
0.0
0.0
0.0
0.0
0.0
0.0
0.0
0.0
0.0
0.0
0.0
0.0
0.0
0.0
0.0
0.0
0.0
0.0
0.0
0.0
0.0
0.0
0.0
0.0
0.0
0.0
0.0
0.0
0.0
0.0
0.0
0.0
0.0
0.0
0.0
0.0
0.0
0.0
0.0
0.0
0.0
0.0
0.0
0.0
0.0
0.0
0.0
0.0
0.0
0.0
0.0
0.0
0.0
0.0
0.0
0.0
0.0
0.0
0.0
0.0
0.0
0.0
0.0
0.0
0.0
0.0
0.0
0.0
0.0
0.0
0.0
0.0
0.0
0.0
0.0
0.0
0.0
0.0
0.0
0.0
0.0
0.0
0.0
0.0
0.0
0.0
0.0
0.0
0.0
0.0
0.0
0.0
0.0
0.0
0.0
0.0
0.0
0.0
0.0
0.0
0.0
0.0
0.0
0.0
0.0
0.0
0.0
0.0
0.0
0.0
0.0
0.0
0.0
0.0
0.0
0.0
0.0
0.0
0.0
0.0
0.0
0.0
0.0
0.0
0.0
0.0
0.0
0.0
0.0
0.0
0.0
0.0
0.0
0.0
0.0
0.0
0.0
0.0
0.0
0.0
0.0
0.0
0.0
0.0
0.0
0.0
0.0
0.0
0.0
0.0
0.0
0.0
0.0
0.0
0.0
0.0
0.0
0.0
0.0
0.0
0.0
0.0
0.0
0.0
0.0
0.0
0.0
0.0
0.0
0.0
0.0
0.0
0.0
0.0
0.0
0.0
0.0
0.0
0.0
0.0
0.0
0.0
0.0
0.0
0.0
0.0
0.0
0.0
0.0
0.0
0.0
0.0
0.0
0.0
0.0
0.0
0.0
0.0
0.0
0.0
0.0
0.0
0.0
0.0
0.0
0.0
0.0
0.0
0.0
0.0
0.0
0.0
0.0
0.0
0.0
0.0
0.0
0.0
0.0
0.0
0.0
0.0
0.0
0.0
0.0
0.0
0.0
0.0
0.0
0.0
0.0
0.0
0.0
0.0
0.0
0.0
0.0
0.0
0.0
0.0
0.0
0.0
0.0
0.0
0.0
0.0
0.0
0.0
0.0
0.0
0.0
0.0
0.0
0.0
0.0
0.0
0.0
0.0
0.0
0.0
0.0
0.0
0.0
0.0
0.0
0.0
0.0
0.0
0.0
0.0
0.0
0.0
0.0
0.0
0.0
0.0
0.0
0.0
0.0
0.0
0.0
0.0
0.0
0.0
0.0
0.0
0.0
0.0
0.0
0.0
0.0
0.0
0.0
0.0
0.0
0.0
0.0
0.0
0.0
0.0
0.0
0.0
0.0
0.0
0.0
0.0
0.0
0.0
0.0
0.0
0.0
0.0
0.0
0.0
0.0
0.0
0.0
0.0
0.0
0.0
0.0
0.0
0.0
0.0
0.0
0.0
0.0
0.0
0.0
0.0
0.0
0.0
0.0
0.0
0.0
0.0
0.0
0.0
0.0
0.0
0.0
0.0
0.0
0.0
0.0
0.0
0.0
0.0
0.0
0.0
0.0
0.0
0.0
0.0
0.0
0.0
0.0
0.0
0.0
0.0
0.0
0.0
0.0
0.0
0.0
0.0
0.0
0.0
0.0
0.0
0.0
0.0
0.0
0.0
0.0
0.0
0.0
0.0
0.0
0.0
0.0
0.0
0.0
0.0
0.0
0.0
0.0
0.0
0.0
0.0
0.0
0.0
0.0
0.0
0.0
0.0
0.0
0.0
0.0
0.0
0.0
0.0
0.0
0.0
0.0
0.0
0.0
0.0
0.0
0.0
0.0
0.0
0.0
0.0
0.0
0.0
0.0
0.0
0.0
0.0
0.0
0.0
0.0
0.0
0.0
0.0
0.0
0.0
0.0
0.0
0.0
0.0
0.0
0.0
0.0
0.0
0.0
0.0
0.0
0.0
0.0
0.0
0.0
0.0
0.0
0.0
0.0
0.0
0.0
0.0
0.0
0.0
0.0
0.0
0.0
0.0
0.0
0.0
0.0
0.0
0.0
0.0
0.0
0.0
0.0
0.0
0.0
0.0
0.0
0.0
0.0
0.0
0.0
0.0
0.0
0.0
0.0
0.0
0.0
0.0
0.0
0.0
0.0
0.0
0.0
0.0
0.0
0.0
0.0
0.0
0.0
0.0
0.0
0.0
0.0
0.0
0.0
0.0
0.0
0.0
0.0
0.0
0.0
0.0
0.0
0.0
0.0
0.0
0.0
0.0
0.0
0.0
0.0
0.0
0.0
0.0
0.0
0.0
0.0
0.0
0.0
0.0
0.0
0.0
0.0
0.0
0.0
0.0
0.0
0.0
0.0
0.0
0.0
0.0
0.0
0.0
0.0
0.0
0.0
0.0
0.0
0.0
0.0
0.0
0.0
0.0
0.0
0.0
0.0
0.0
0.0
0.0
0.0
0.0
0.0
0.0
0.0
0.0
0.0
0.0
0.0
0.0
0.0
0.0
0.0
0.0
0.0
0.0
0.0
0.0
0.0
0.0
0.0
0.0
0.0
0.0
0.0
0.0
0.0
0.0
0.0
0.0
0.0
0.0
0.0
0.0
0.0
0.0
0.0
0.0
0.0
0.0
0.0
0.0
0.0
0.0
0.0
0.0
0.0
0.0
0.0
0.0
0.0
0.0
0.0
0.0
0.0
0.0
0.0
0.0
0.0
0.0
0.0
0.0
0.0
0.0
0.0
0.0
0.0
0.0
0.0
0.0
0.0
0.0
0.0
0.0
0.0
0.0
0.0
0.0
0.0
0.0
0.0
0.0
0.0
0.0
0.0
0.0
0.0
0.0
0.0
0.0
0.0
0.0
0.0
0.0
0.0
0.0
0.0
0.0
0.0
0.0
0.0
0.0
0.0
0.0
0.0
0.0
0.0
0.0
0.0
0.0
0.0
0.0
0.0
0.0
0.0
0.0
0.0
0.0
0.0
0.0
0.0
0.0
0.0
0.0
0.0
0.0
0.0
0.0
0.0
0.0
0.0
0.0
0.0
0.0
0.0
0.0
0.0
0.0
0.0
0.0
0.0
0.0
0.0
0.0
0.0
0.0
0.0
0.0
0.0
0.0
0.0
0.0
0.0
0.0
0.0
0.0
0.0
0.0
0.0
0.0
0.0
0.0
0.0
0.0
0.0
0.0
0.0
0.0
0.0
0.0
0.0
0.0
0.0
0.0
0.0
0.0
0.0
0.0
0.0
0.0
0.0
0.0
0.0
0.0
0.0
0.0
0.0
0.0
0.0
0.0
0.0
0.0
0.0
0.0
0.0
0.0
0.0
0.0
0.0
0.0
0.0
0.0
0.0
0.0
0.0
0.0
0.0
0.0
0.0
0.0
0.0
0.0
0.0
0.0
0.0
0.0
0.0
0.0
0.0
0.0
0.0
0.0
0.0
0.0
0.0
0.0
0.0
0.0
0.0
0.0
0.0
0.0
0.0
0.0
0.0
0.0
0.0
0.0
0.0
0.0
0.0
0.0
0.0
0.0
0.0
0.0
0.0
0.0
0.0
0.0
0.0
0.0
0.0
0.0
0.0
0.0
0.0
0.0
0.0
0.0
0.0
0.0
0.0
0.0
0.0
0.0
0.0
0.0
0.0
0.0
0.0
0.0
0.0
0.0
0.0
0.0
0.0
0.0
0.0
0.0
0.0
0.0
0.0
0.0
0.0
0.0
0.0
0.0
0.0
0.0
0.0
0.0
0.0
0.0
0.0
0.0
0.0
0.0
0.0
0.0
0.0
0.0
0.0
0.0
0.0
0.0
0.0
0.0
0.0
0.0
0.0
0.0
0.0
0.0
0.0
0.0
0.0
0.0
0.0
0.0
0.0
0.0
0.0
0.0
0.0
0.0
0.0
0.0
0.0
0.0
0.0
0.0
0.0
0.0
0.0
0.0
0.0
0.0
0.0
0.0
0.0
0.0
0.0
0.0
0.0
0.0
0.0
0.0
0.0
0.0
0.0
0.0
0.0
0.0
0.0
0.0
0.0
0.0
0.0
0.0
0.0
0.0
0.0
0.0
0.0
0.0
0.0
0.0
0.0
0.0
0.0
0.0
0.0
0.0
0.0
0.0
0.0
0.0
0.0
0.0
0.0
0.0
0.0
0.0
0.0
0.0
0.0
0.0
0.0
0.0
0.0
0.0
0.0
0.0
0.0
0.0
0.0
0.0
0.0
0.0
0.0
0.0
0.0
0.0
0.0
0.0
0.0
0.0
0.0
0.0
0.0
0.0
0.0
0.0
0.0
0.0
0.0
0.0
0.0
0.0
0.0
0.0
0.0
0.0
0.0
0.0
0.0
0.0
0.0
0.0
0.0
0.0
0.0
0.0
0.0
0.0
0.0
0.0
0.0
0.0
0.0
0.0
0.0
0.0
0.0
0.0
0.0
0.0
0.0
0.0
0.0
0.0
0.0
0.0
0.0
0.0
0.0
0.0
0.0
0.0
0.0
0.0
0.0
0.0
0.0
0.0
0.0
0.0
0.0
0.0
0.0
0.0
0.0
0.0
0.0
0.0
0.0
0.0
0.0
0.0
0.0
0.0
0.0
0.0
0.0
0.0
0.0
0.0
0.0
0.0
0.0
0.0
0.0
0.0
0.0
0.0
0.0
0.0
0.0
0.0
0.0
0.0
0.0
0.0
0.0
0.0
0.0
0.0
0.0
0.0
0.0
0.0
0.0
0.0
0.0
0.0
0.0
0.0
0.0
0.0
0.0
0.0
0.0
0.0
0.0
0.0
0.0
0.0
0.0
0.0
0.0
0.0
0.0
0.0
0.0
0.0
0.0
0.0
0.0
0.0
0.0
0.0
0.0
0.0
0.0
0.0
0.0
0.0
0.0
0.0
0.0
0.0
0.0
0.0
0.0
0.0
0.0
0.0
0.0
0.0
0.0
0.0
0.0
0.0
0.0
0.0
0.0
0.0
0.0
0.0
0.0
0.0
0.0
0.0
0.0
0.0
0.0
0.0
0.0
0.0
0.0
0.0
0.0
0.0
0.0
0.0
0.0
0.0
0.0
0.0
0.0
0.0
0.0
0.0
0.0
0.0
0.0
0.0
0.0
0.0
0.0
0.0
0.0
0.0
0.0
0.0
0.0
0.0
0.0
0.0
0.0
0.0
0.0
0.0
0.0
0.0
0.0
0.0
0.0
0.0
0.0
0.0
0.0
0.0
0.0
0.0
0.0
0.0
0.0
0.0
0.0
0.0
0.0
0.0
0.0
0.0
0.0
0.0
0.0
0.0
0.0
0.0
0.0
0.0
0.0
0.0
0.0
0.0
0.0
0.0
0.0
0.0
0.0
0.0
0.0
0.0
0.0
0.0
0.0
0.0
0.0
0.0
0.0
0.0
0.0
0.0
0.0
0.0
0.0
0.0
0.0
0.0
0.0
0.0
0.0
0.0
0.0
0.0
0.0
0.0
0.0
0.0
0.0
0.0
0.0
0.0
0.0
0.0
0.0
0.0
0.0
0.0
0.0
0.0
0.0
0.0
0.0
0.0
0.0
0.0
0.0
0.0
0.0
0.0
0.0
0.0
0.0
0.0
0.0
0.0
0.0
0.0
0.0
0.0
0.0
0.0
0.0
0.0
0.0
0.0
0.0
0.0
0.0
0.0
0.0
0.0
0.0
0.0
0.0
0.0
0.0
0.0
0.0
0.0
0.0
0.0
0.0
0.0
0.0
0.0
0.0
0.0
0.0
0.0
0.0
0.0
0.0
0.0
0.0
0.0
0.0
0.0
0.0
0.0
0.0
0.0
0.0
0.0
0.0
0.0
0.0
0.0
0.0
0.0
0.0
0.0
0.0
0.0
0.0
0.0
0.0
0.0
0.0
0.0
0.0
0.0
0.0
0.0
0.0
0.0
0.0
0.0
0.0
0.0
0.0
0.0
0.0
0.0
0.0
0.0
0.0
0.0
0.0
0.0
0.0
0.0
0.0
0.0
0.0
0.0
0.0
0.0
0.0
0.0
0.0
0.0
0.0
0.0
0.0
0.0
0.0
0.0
0.0
0.0
0.0
0.0
0.0
0.0
0.0
0.0
0.0
0.0
0.0
0.0
0.0
0.0
0.0
0.0
0.0
0.0
0.0
0.0
0.0
0.0
0.0
0.0
0.0
0.0
0.0
0.0
0.0
0.0
0.0
0.0
0.0
0.0
0.0
0.0
0.0
0.0
0.0
0.0
0.0
0.0
0.0
0.0
0.0
0.0
0.0
0.0
0.0
0.0
0.0
0.0
0.0
0.0
0.0
0.0
0.0
0.0
0.0
0.0
0.0
0.0
0.0
0.0
0.0
0.0
0.0
0.0
0.0
0.0
0.0
0.0
0.0
0.0
0.0
0.0
0.0
0.0
0.0
0.0
0.0
0.0
0.0
0.0
0.0
0.0
0.0
0.0
0.0
0.0
0.0
0.0
0.0
0.0
0.0
0.0
0.0
0.0
0.0
0.0
0.0
0.0
0.0
0.0
0.0
0.0
0.0
0.0
0.0
0.0
0.0
0.0
0.0
0.0
0.0
0.0
0.0
0.0
0.0
0.0
0.0
0.0
0.0
0.0
0.0
0.0
0.0
0.0
0.0
0.0
0.0
0.0
0.0
0.0
0.0
0.0
0.0
0.0
0.0
0.0
0.0
0.0
0.0
0.0
0.0
0.0
0.0
0.0
0.0
0.0
0.0
0.0
0.0
0.0
0.0
0.0
0.0
0.0
0.0
0.0
0.0
0.0
0.0
0.0
0.0
0.0
0.0
0.0
0.0
0.0
0.0
0.0
0.0
0.0
0.0
0.0
0.0
0.0
0.0
0.0
0.0
0.0
0.0
0.0
0.0
0.0
0.0
0.0
0.0
0.0
0.0
0.0
0.0
0.0
0.0
0.0
0.0
0.0
0.0
0.0
0.0
0.0
0.0
0.0
0.0
0.0
0.0
0.0
0.0
0.0
0.0
0.0
0.0
0.0
0.0
0.0
0.0
0.0
0.0
0.0
0.0
0.0
0.0
0.0
0.0
0.0
0.0
0.0
0.0
0.0
0.0
0.0
0.0
0.0
0.0
0.0
0.0
0.0
0.0
0.0
0.0
0.0
0.0
0.0
0.0
0.0
0.0
0.0
0.0
0.0
0.0
0.0
0.0
0.0
0.0
0.0
0.0
0.0
0.0
0.0
0.0
0.0
0.0
0.0
0.0
0.0
0.0
0.0
0.0
0.0
0.0
0.0
0.0
0.0
0.0
0.0
0.0
0.0
0.0
0.0
0.0
0.0
0.0
0.0
0.0
0.0
0.0
0.0
0.0
0.0
0.0
0.0
0.0
0.0
0.0
0.0
0.0
0.0
0.0
0.0
0.0
0.0
0.0
0.0
0.0
0.0
0.0
0.0
0.0
0.0
0.0
0.0
0.0
0.0
0.0
0.0
0.0
0.0
0.0
0.0
0.0
0.0
0.0
0.0
0.0
0.0
0.0
0.0
0.0
0.0
0.0
0.0
0.0
0.0
0.0
0.0
0.0
0.0
0.0
0.0
0.0
0.0
0.0
0.0
0.0
0.0
0.0
0.0
0.0
0.0
0.0
0.0
0.0
0.0
0.0
0.0
0.0
0.0
0.0
0.0
0.0
0.0
0.0
0.0
0.0
0.0
0.0
0.0
0.0
0.0
0.0
0.0
0.0
0.0
0.0
0.0
0.0
0.0
0.0
0.0
0.0
0.0
0.0
0.0
0.0
0.0
0.0
0.0
0.0
0.0
0.0
0.0
0.0
0.0
0.0
0.0
0.0
0.0
0.0
0.0
0.0
0.0
0.0
0.0
0.0
0.0
0.0
0.0
0.0
0.0
0.0
0.0
0.0
0.0
0.0
0.0
0.0
0.0
0.0
0.0
0.0
0.0
0.0
0.0
0.0
0.0
0.0
0.0
0.0
0.0
0.0
0.0
0.0
0.0
0.0
0.0
0.0
0.0
0.0
0.0
0.0
0.0
0.0
0.0
0.0
0.0
0.0
0.0
0.0
0.0
0.0
0.0
0.0
0.0
0.0
0.0
0.0
0.0
0.0
0.0
0.0
0.0
0.0
0.0
0.0
0.0
0.0
0.0
0.0
0.0
0.0
0.0
0.0
0.0
0.0
0.0
0.0
0.0
0.0
0.0
0.0
0.0
0.0
0.0
0.0
0.0
0.0
0.0
0.0
0.0
0.0
0.0
0.0
0.0
0.0
0.0
0.0
0.0
0.0
0.0
0.0
0.0
0.0
0.0
0.0
0.0
0.0
0.0
0.0
0.0
0.0
0.0
0.0
0.0
0.0
0.0
0.0
0.0
0.0
0.0
0.0
0.0
0.0
0.0
0.0
0.0
0.0
0.0
0.0
0.0
0.0
0.0
0.0
0.0
0.0
0.0
0.0
0.0
0.0
0.0
0.0
0.0
0.0
0.0
0.0
0.0
0.0
0.0
0.0
0.0
0.0
0.0
0.0
0.0
0.0
0.0
0.0
0.0
0.0
0.0
0.0
0.0
0.0
0.0
0.0
0.0
0.0
0.0
0.0
0.0
0.0
0.0
0.0
0.0
0.0
0.0
0.0
0.0
0.0
0.0
0.0
0.0
0.0
0.0
0.0
0.0
0.0
0.0
0.0
0.0
0.0
0.0
0.0
0.0
0.0
0.0
0.0
0.0
0.0
0.0
0.0
0.0
0.0
0.0
0.0
0.0
0.0
0.0
0.0
0.0
0.0
0.0
0.0
0.0
0.0
0.0
0.0
0.0
0.0
0.0
0.0
0.0
0.0
0.0
0.0
0.0
0.0
0.0
0.0
0.0
0.0
0.0
0.0
0.0
0.0
0.0
0.0
0.0
0.0
0.0
0.0
0.0
0.0
0.0
0.0
0.0
0.0
0.0
0.0
0.0
0.0
0.0
0.0
0.0
0.0
0.0
0.0
0.0
0.0
0.0
0.0
0.0
0.0
0.0
0.0
0.0
0.0
0.0
0.0
0.0
0.0
0.0
0.0
0.0
0.0
0.0
0.0
0.0
0.0
0.0
0.0
0.0
0.0
0.0
0.0
0.0
0.0
0.0
0.0
0.0
0.0
0.0
0.0
0.0
0.0
0.0
0.0
0.0
0.0
0.0
0.0
0.0
0.0
0.0
0.0
0.0
0.0
0.0
0.0
0.0
0.0
0.0
0.0
0.0
0.0
0.0
0.0
0.0
0.0
0.0
0.0
0.0
0.0
0.0
0.0
0.0
0.0
0.0
0.0
0.0
0.0
0.0
0.0
0.0
0.0
0.0
0.0
0.0
0.0
0.0
0.0
0.0
0.0
0.0
0.0
0.0
0.0
0.0
0.0
0.0
0.0
0.0
0.0
0.0
0.0
0.0
0.0
0.0
0.0
0.0
0.0
0.0
0.0
0.0
0.0
0.0
0.0
0.0
0.0
0.0
0.0
0.0
0.0
0.0
0.0
0.0
0.0
0.0
0.0
0.0
0.0
0.0
0.0
0.0
0.0
0.0
0.0
0.0
0.0
0.0
0.0
0.0
0.0
0.0
0.0
0.0
0.0
0.0
0.0
0.0
0.0
0.0
0.0
0.0
0.0
0.0
0.0
0.0
0.0
0.0
0.0
0.0
0.0
0.0
0.0
0.0
0.0
0.0
0.0
0.0
0.0
0.0
0.0
0.0
0.0
0.0
0.0
0.0
0.0
0.0
0.0
0.0
0.0
0.0
0.0
0.0
0.0
0.0
0.0
0.0
0.0
0.0
0.0
0.0
0.0
0.0
0.0
0.0
0.0
0.0
0.0
0.0
0.0
0.0
0.0
0.0
0.0
0.0
0.0
0.0
0.0
0.0
0.0
0.0
0.0
0.0
0.0
0.0
0.0
0.0
0.0
0.0
0.0
0.0
0.0
0.0
0.0
0.0
0.0
0.0
0.0
0.0
0.0
0.0
0.0
0.0
0.0
0.0
0.0
0.0
0.0
0.0
0.0
0.0
0.0
0.0
0.0
0.0
0.0
0.0
0.0
0.0
0.0
0.0
0.0
0.0
0.0
0.0
0.0
0.0
0.0
0.0
0.0
0.0
0.0
0.0
0.0
0.0
0.0
0.0
0.0
0.0
0.0
0.0
0.0
0.0
0.0
0.0
0.0
0.0
0.0
0.0
0.0
0.0
0.0
0.0
0.0
0.0
0.0
0.0
0.0
0.0
0.0
0.0
0.0
0.0
0.0
0.0
0.0
0.0
0.0
0.0
0.0
0.0
0.0
0.0
0.0
0.0
0.0
0.0
0.0
0.0
0.0
0.0
0.0
0.0
0.0
0.0
0.0
0.0
0.0
0.0
0.0
0.0
0.0
0.0
0.0
0.0
0.0
0.0
0.0
0.0
0.0
0.0
0.0
0.0
0.0
0.0
0.0
0.0
0.0
0.0
0.0
0.0
0.0
0.0
0.0
0.0
0.0
0.0
0.0
0.0
0.0
0.0
0.0
0.0
0.0
0.0
0.0
0.0
0.0
0.0
0.0
0.0
0.0
0.0
0.0
0.0
0.0
0.0
0.0
0.0
0.0
0.0
0.0
0.0
0.0
0.0
0.0
0.0
0.0
0.0
0.0
0.0
0.0
0.0
0.0
0.0
0.0
0.0
0.0
0.0
0.0
0.0
0.0
0.0
0.0
0.0
0.0
0.0
0.0
0.0
0.0
0.0
0.0
0.0
0.0
0.0
0.0
0.0
0.0
0.0
0.0
0.0
0.0
0.0
0.0
0.0
0.0
0.0
0.0
0.0
0.0
0.0
0.0
0.0
0.0
0.0
0.0
0.0
0.0
0.0
0.0
0.0
0.0
0.0
0.0
0.0
0.0
0.0
0.0
0.0
0.0
0.0
0.0
0.0
0.0
0.0
0.0
0.0
0.0
0.0
0.0
0.0
0.0
0.0
0.0
0.0
0.0
0.0
0.0
0.0
0.0
0.0
0.0
0.0
0.0
0.0
0.0
0.0
0.0
0.0
0.0
0.0
0.0
0.0
0.0
0.0
0.0
0.0
0.0
0.0
0.0
0.0
0.0
0.0
0.0
0.0
0.0
0.0
0.0
0.0
0.0
0.0
0.0
0.0
0.0
0.0
0.0
0.0
0.0
0.0
0.0
0.0
0.0
0.0
0.0
0.0
0.0
0.0
0.0
0.0
0.0
0.0
0.0
0.0
0.0
0.0
0.0
0.0
0.0
0.0
0.0
0.0
0.0
0.0
0.0
0.0
0.0
0.0
0.0
0.0
0.0
0.0
0.0
0.0
0.0
0.0
0.0
0.0
0.0
0.0
0.0
0.0
0.0
0.0
0.0
0.0
0.0
0.0
0.0
0.0
0.0
0.0
0.0
0.0
0.0
0.0
0.0
0.0
0.0
0.0
0.0
0.0
0.0
0.0
0.0
0.0
0.0
0.0
0.0
0.0
0.0
0.0
0.0
0.0
0.0
0.0
0.0
0.0
0.0
0.0
0.0
0.0
0.0
0.0
0.0
0.0
0.0
0.0
0.0
0.0
0.0
0.0
0.0
0.0
0.0
0.0
0.0
0.0
0.0
0.0
0.0
0.0
0.0
0.0
0.0
0.0
0.0
0.0
0.0
0.0
0.0
0.0
0.0
0.0
0.0
0.0
0.0
0.0
0.0
0.0
0.0
0.0
0.0
0.0
0.0
0.0
0.0
0.0
0.0
0.0
0.0
0.0
0.0
0.0
0.0
0.0
0.0
0.0
0.0
0.0
0.0
0.0
0.0
0.0
0.0
0.0
0.0
0.0
0.0
0.0
0.0
0.0
0.0
0.0
0.0
0.0
0.0
0.0
0.0
0.0
0.0
0.0
0.0
0.0
0.0
0.0
0.0
0.0
0.0
0.0
0.0
0.0
0.0
0.0
0.0
0.0
0.0
0.0
0.0
0.0
0.0
0.0
0.0
0.0
0.0
0.0
0.0
0.0
0.0
0.0
0.0
0.0
0.0
0.0
0.0
0.0
0.0
0.0
0.0
0.0
0.0
0.0
0.0
0.0
0.0
0.0
0.0
0.0
0.0
0.0
0.0
0.0
0.0
0.0
0.0
0.0
0.0
0.0
0.0
0.0
0.0
0.0
0.0
0.0
0.0
0.0
0.0
0.0
0.0
0.0
0.0
0.0
0.0
0.0
0.0
0.0
0.0
0.0
0.0
0.0
0.0
0.0
0.0
0.0
0.0
0.0
0.0
0.0
0.0
0.0
0.0
0.0
0.0
0.0
0.0
0.0
0.0
0.0
0.0
0.0
0.0
0.0
0.0
0.0
0.0
0.0
0.0
0.0
0.0
0.0
0.0
0.0
0.0
0.0
0.0
0.0
0.0
0.0
0.0
0.0
0.0
0.0
0.0
0.0
0.0
0.0
0.0
0.0
0.0
0.0
0.0
0.0
0.0
0.0
0.0
0.0
0.0
0.0
0.0
0.0
0.0
0.0
0.0
0.0
0.0
0.0
0.0
0.0
0.0
0.0
0.0
0.0
0.0
0.0
0.0
0.0
0.0
0.0
0.0
0.0
0.0
0.0
0.0
0.0
0.0
0.0
0.0
0.0
0.0
0.0
0.0
0.0
0.0
0.0
0.0
0.0
0.0
0.0
0.0
0.0
0.0
0.0
0.0
0.0
0.0
0.0
0.0
0.0
0.0
0.0
0.0
0.0
0.0
0.0
0.0
0.0
0.0
0.0
0.0
0.0
0.0
0.0
0.0
0.0
0.0
0.0
0.0
0.0
0.0
0.0
0.0
0.0
0.0
0.0
0.0
0.0
0.0
0.0
0.0
0.0
0.0
0.0
0.0
0.0
0.0
0.0
0.0
0.0
0.0
0.0
0.0
0.0
0.0
0.0
0.0
0.0
0.0
0.0
0.0
0.0
0.0
0.0
0.0
0.0
0.0
0.0
0.0
0.0
0.0
0.0
0.0
0.0
0.0
0.0
0.0
0.0
0.0
0.0
0.0
0.0
0.0
0.0
0.0
0.0
0.0
0.0
0.0
0.0
0.0
0.0
0.0
0.0
0.0
0.0
0.0
0.0
0.0
0.0
0.0
0.0
0.0
0.0
0.0
0.0
0.0
0.0
0.0
0.0
0.0
0.0
0.0
0.0
0.0
0.0
0.0
0.0
0.0
0.0
0.0
0.0
0.0
0.0
0.0
0.0
0.0
0.0
0.0
0.0
0.0
0.0
0.0
0.0
0.0
0.0
0.0
0.0
0.0
0.0
0.0
0.0
0.0
0.0
0.0
0.0
0.0
0.0
0.0
0.0
0.0
0.0
0.0
0.0
0.0
0.0
0.0
0.0
0.0
0.0
0.0
0.0
0.0
0.0
0.0
0.0
0.0
0.0
0.0
0.0
0.0
0.0
0.0
0.0
0.0
0.0
0.0
0.0
0.0
0.0
0.0
0.0
0.0
0.0
0.0
0.0
0.0
0.0
0.0
0.0
0.0
0.0
0.0
0.0
0.0
0.0
0.0
0.0
0.0
0.0
0.0
0.0
0.0
0.0
0.0
0.0
0.0
0.0
0.0
0.0
0.0
0.0
0.0
0.0
0.0
0.0
0.0
0.0
0.0
0.0
0.0
0.0
0.0
0.0
0.0
0.0
0.0
0.0
0.0
0.0
0.0
0.0
0.0
0.0
0.0
0.0
0.0
0.0
0.0
0.0
0.0
0.0
0.0
0.0
0.0
0.0
0.0
0.0
0.0
0.0
0.0
0.0
0.0
0.0
0.0
0.0
0.0
0.0
0.0
0.0
0.0
0.0
0.0
0.0
0.0
0.0
0.0
0.0
0.0
0.0
0.0
0.0
0.0
0.0
0.0
0.0
0.0
0.0
0.0
0.0
0.0
0.0
0.0
0.0
0.0
0.0
0.0
0.0
0.0
0.0
0.0
0.0
0.0
0.0
0.0
0.0
0.0
0.0
0.0
0.0
0.0
0.0
0.0
0.0
0.0
0.0
0.0
0.0
0.0
0.0
0.0
0.0
0.0
0.0
0.0
0.0
0.0
0.0
0.0
0.0
0.0
0.0
0.0
0.0
0.0
0.0
0.0
0.0
0.0
0.0
0.0
0.0
0.0
0.0
0.0
0.0
0.0
0.0
0.0
0.0
0.0
0.0
0.0
0.0
0.0
0.0
0.0
0.0
0.0
0.0
0.0
0.0
0.0
0.0
0.0
0.0
0.0
0.0
0.0
0.0
0.0
0.0
0.0
0.0
0.0
0.0
0.0
0.0
0.0
0.0
0.0
0.0
0.0
0.0
0.0
0.0
0.0
0.0
0.0
0.0
0.0
0.0
0.0
0.0
0.0
0.0
0.0
0.0
0.0
0.0
0.0
0.0
0.0
0.0
0.0
0.0
0.0
0.0
0.0
0.0
0.0
0.0
0.0
0.0
0.0
0.0
0.0
0.0
0.0
0.0
0.0
0.0
0.0
0.0
0.0
0.0
0.0
0.0
0.0
0.0
0.0
0.0
0.0
0.0
0.0
0.0
0.0
0.0
0.0
0.0
0.0
0.0
0.0
0.0
0.0
0.0
0.0
0.0
0.0
0.0
0.0
0.0
0.0
0.0
0.0
0.0
0.0
0.0
0.0
0.0
0.0
0.0
0.0
0.0
0.0
0.0
0.0
0.0
0.0
0.0
0.0
0.0
0.0
0.0
0.0
0.0
0.0
0.0
0.0
0.0
0.0
0.0
0.0
0.0
0.0
0.0
0.0
0.0
0.0
0.0
0.0
0.0
0.0
0.0
0.0
0.0
0.0
0.0
0.0
0.0
0.0
0.0
0.0
0.0
0.0
0.0
0.0
0.0
0.0
0.0
0.0
0.0
0.0
0.0
0.0
0.0
0.0
0.0
0.0
0.0
0.0
0.0
0.0
0.0
0.0
0.0
0.0
0.0
0.0
0.0
0.0
0.0
0.0
0.0
0.0
0.0
0.0
0.0
0.0
0.0
0.0
0.0
0.0
0.0
0.0
0.0
0.0
0.0
0.0
0.0
0.0
0.0
0.0
0.0
0.0
0.0
0.0
0.0
0.0
0.0
0.0
0.0
0.0
0.0
0.0
0.0
0.0
0.0
0.0
0.0
0.0
0.0
0.0
0.0
0.0
0.0
0.0
0.0
0.0
0.0
0.0
0.0
0.0
0.0
0.0
0.0
0.0
0.0
0.0
0.0
0.0
0.0
0.0
0.0
0.0
0.0
0.0
0.0
0.0
0.0
0.0
0.0
0.0
0.0
0.0
0.0
0.0
0.0
0.0
0.0
0.0
0.0
0.0
0.0
0.0
0.0
0.0
0.0
0.0
0.0
0.0
0.0
0.0
0.0
0.0
0.0
0.0
0.0
0.0
0.0
0.0
0.0
0.0
0.0
0.0
0.0
0.0
0.0
0.0
0.0
0.0
0.0
0.0
0.0
0.0
0.0
0.0
0.0
0.0
0.0
0.0
0.0
0.0
0.0
0.0
0.0
0.0
0.0
0.0
0.0
0.0
0.0
0.0
0.0
0.0
0.0
0.0
0.0
0.0
0.0
0.0
0.0
0.0
0.0
0.0
0.0
0.0
0.0
0.0
0.0
0.0
0.0
0.0
0.0
0.0
0.0
0.0
0.0
0.0
0.0
0.0
0.0
0.0
0.0
0.0
0.0
0.0
0.0
0.0
0.0
0.0
0.0
0.0
0.0
0.0
0.0
0.0
0.0
0.0
0.0
0.0
0.0
0.0
0.0
0.0
0.0
0.0
0.0
0.0
0.0
0.0
0.0
0.0
0.0
0.0
0.0
0.0
0.0
0.0
0.0
0.0
0.0
0.0
0.0
0.0
0.0
0.0
0.0
0.0
0.0
0.0
0.0
0.0
0.0
0.0
0.0
0.0
0.0
0.0
0.0
0.0
0.0
0.0
0.0
0.0
0.0
0.0
0.0
0.0
0.0
0.0
0.0
0.0
0.0
0.0
0.0
0.0
0.0
0.0
0.0
0.0
0.0
0.0
0.0
0.0
0.0
0.0
0.0
0.0
0.0
0.0
0.0
0.0
0.0
0.0
0.0
0.0
0.0
0.0
0.0
0.0
0.0
0.0
0.0
0.0
0.0
0.0
0.0
0.0
0.0
0.0
0.0
0.0
0.0
0.0
0.0
0.0
0.0
0.0
0.0
0.0
0.0
0.0
0.0
0.0
0.0
0.0
0.0
0.0
0.0
0.0
0.0
0.0
0.0
0.0
0.0
0.0
0.0
0.0
0.0
0.0
0.0
0.0
0.0
0.0
0.0
0.0
0.0
0.0
0.0
0.0
0.0
0.0
0.0
0.0
0.0
0.0
0.0
0.0
0.0
0.0
0.0
0.0
0.0
0.0
0.0
0.0
0.0
0.0
0.0
0.0
0.0
0.0
0.0
0.0
0.0
0.0
0.0
0.0
0.0
0.0
0.0
0.0
0.0
0.0
0.0
0.0
0.0
0.0
0.0
0.0
0.0
0.0
0.0
0.0
0.0
0.0
0.0
0.0
0.0
0.0
0.0
0.0
0.0
0.0
0.0
0.0
0.0
0.0
0.0
0.0
0.0
0.0
0.0
0.0
0.0
0.0
0.0
0.0
0.0
0.0
0.0
0.0
0.0
0.0
0.0
0.0
0.0
0.0
0.0
0.0
0.0
0.0
0.0
0.0
0.0
0.0
0.0
0.0
0.0
0.0
0.0
0.0
0.0
0.0
0.0
0.0
0.0
0.0
0.0
0.0
0.0
0.0
0.0
0.0
0.0
0.0
0.0
0.0
0.0
0.0
0.0
0.0
0.0
0.0
0.0
0.0
0.0
0.0
0.0
0.0
0.0
0.0
0.0
0.0
0.0
0.0
0.0
0.0
0.0
0.0
0.0
0.0
0.0
0.0
0.0
0.0
0.0
0.0
0.0
0.0
0.0
0.0
0.0
0.0
0.0
0.0
0.0
0.0
0.0
0.0
0.0
0.0
0.0
0.0
0.0
0.0
0.0
0.0
0.0
0.0
0.0
0.0
0.0
0.0
0.0
0.0
0.0
0.0
0.0
0.0
0.0
0.0
0.0
0.0
0.0
0.0
0.0
0.0
0.0
0.0
0.0
0.0
0.0
0.0
0.0
0.0
0.0
0.0
0.0
0.0
0.0
0.0
0.0
0.0
0.0
0.0
0.0
0.0
0.0
0.0
0.0
0.0
0.0
0.0
0.0
0.0
0.0
0.0
0.0
0.0
0.0
0.0
0.0
0.0
0.0
0.0
0.0
0.0
0.0
0.0
0.0
0.0
0.0
0.0
0.0
0.0
0.0
0.0
0.0
0.0
0.0
0.0
0.0
0.0
0.0
0.0
0.0
0.0
0.0
0.0
0.0
0.0
0.0
0.0
0.0
0.0
0.0
0.0
0.0
0.0
0.0
0.0
0.0
0.0
0.0
0.0
0.0
0.0
0.0
0.0
0.0
0.0
0.0
0.0
0.0
0.0
0.0
0.0
0.0
0.0
0.0
0.0
0.0
0.0
0.0
0.0
0.0
0.0
0.0
0.0
0.0
0.0
0.0
0.0
0.0
0.0
0.0
0.0
0.0
0.0
0.0
0.0
0.0
0.0
0.0
0.0
0.0
0.0
0.0
0.0
0.0
0.0
0.0
0.0
0.0
0.0
0.0
0.0
0.0
0.0
0.0
0.0
0.0
0.0
0.0
0.0
0.0
0.0
0.0
0.0
0.0
0.0
0.0
0.0
0.0
0.0
0.0
0.0
0.0
0.0
0.0
0.0
0.0
0.0
0.0
0.0
0.0
0.0
0.0
0.0
0.0
0.0
0.0
0.0
0.0
0.0
0.0
0.0
0.0
0.0
0.0
0.0
0.0
0.0
0.0
0.0
0.0
0.0
0.0
0.0
0.0
0.0
0.0
0.0
0.0
0.0
0.0
0.0
0.0
0.0
0.0
0.0
0.0
0.0
0.0
0.0
0.0
0.0
0.0
0.0
0.0
0.0
0.0
0.0
0.0
0.0
0.0
0.0
0.0
0.0
