1.0542421165154707
1.05072149340306
1.0458921713838363
1.0452317212001643
1.045226469784155
1.04421651440745
1.043529620988715
1.0435135471255552
1.0390402868283986
1.0379950843096135
1.0379950843096135
1.0379950843096135
1.0379950843096135
1.0379950843096135
1.0379950843096135
1.0379950843096135
1.0379950843096135
1.03611260567024
1.0359940055211654
1.0338145829025445
1.0338145829025445
1.0326977043379784
1.0315917835793345
1.0315917835793345
1.0315917835793345
1.030871209653128
1.0295001225027074
1.0295001225027074
1.0265580898896467
1.0265580898896467
1.0265580898896467
1.0247920142262612
1.0247920142262612
1.0232647975524698
1.0232647975524698
1.0218582890454355
1.0209746820563732
1.0207497995310604
1.0114732724309883
1.0114732724309883
1.0114732724309883
1.0114732724309883
1.0024499148627228
1.0024499148627228
1.0024499148627228
0.9999566398191784
0.9999566398191784
0.9963624313648957
0.9963624313648957
0.9847301083268852
0.9695846220925899
0.967646593311346
0.9648801674211472
0.9629017036825473
0.9629017036825473
0.9629017036825473
0.9629017036825473
0.9629017036825473
0.9629017036825473
0.9629017036825473
0.9629017036825473
0.9629017036825473
0.9629017036825473
0.9629017036825473
0.9629017036825473
0.9433901361873364
0.9433901361873364
0.9426646737645147
0.9426646737645147
0.9230183290888521
0.9230183290888521
0.9230183290888521
0.9229488939800577
0.9229488939800577
0.9210213358354746
0.9205775769476139
0.9205775769476139
0.9204833161937526
0.908435747587838
0.9072950904774533
0.8965300874575921
0.8964267024595085
0.896216955857724
0.8543648185869658
0.8523036011565628
0.8523036011565628
0.7489775822673134
0.747916267980918
0.6014287123391615
0.6012849555754161
0.6012849555754161
0.6012849555754161
0.6012849555754161
0.5987782711399485
0.5987782711399485
0.5987782711399485
0.5987782711399485
0.5969781225804709
0.5894320014082168
0.5894320014082168
0.5894320014082168
0.5892693771442887
0.5892693771442887
0.5892693771442887
0.5889961263466827
0.5880517847233084
0.5880517847233084
0.5880517847233084
0.5720366184646881
0.5720366184646881
0.5720366184646881
0.5205797189588706
0.5180507545539239
0.5108194774085397
0.5102415707574585
0.463191506338848
0.463191506338848
0.4496572397129315
0.4496572397129315
0.4278908271299736
0.4273081182893217
0.40845056198214746
0.40819331887869026
0.40592665074550927
0.398164720584282
0.398164720584282
0.2141974058059256
0.19624678057521983
0.1716427714983081
0.1716427714983081
0.1716427714983081
0.16094939084121052
0.16094939084121052
0.16094939084121052
0.16094939084121052
0.14743275554936375
0.14743275554936375
0.14116086842175501
0.13624052424202404
0.13471701939652492
0.1338113256245529
0.1338113256245529
0.1338113256245529
0.1338113256245529
0.13381129940150382
0.13381129940150382
0.13379571422008085
0.13379571422008085
0.13379571422008085
0.13379571422008085
0.13351533302360175
0.13351533302360175
0.13348781114913677
0.13295915067031228
0.13295915067031228
0.12532238879736868
0.12531507967016742
0.12531507967016742
0.12531507967016742
0.1152315507880417
0.11416978976530756
0.10653483650156004
0.10653483650156004
0.10653483650156004
0.10653483650156004
0.10210576216187295
0.10210576216187295
0.10210576216187295
0.10204163507142927
0.09825145221309273
0.09825145221309273
0.09825145221309273
0.09821072564745437
0.09821072564745437
0.09821072564745437
0.09798940695543268
0.07385641109785546
0.07385590778419404
0.07385590778419404
0.07385590778419404
0.07385590778419404
0.07003972261118796
0.07003972261118796
0.04504802790572737
0.04456759952949829
0.04381675108429861
0.04381675108429861
0.0362860198546987
0.029492033925835992
0.029492033925835992
0.029490167217447016
0.029450889214141518
0.029450791620636352
0.029445637797816504
0.026582423595700733
0.026582423595700733
0.026582423595700733
0.026582423595700733
0.02642873086657349
0.02642873086657349
0.02642873086657349
0.026428588254059915
0.026428588254059915
0.026428588254059915
0.026428588254059915
0.026427985081438066
0.026427985081438066
0.026427985081438066
0.025416799179321048
0.025416799179321048
0.025412047940174265
0.024328084385937254
0.02424034787029139
0.024229156229266913
0.024224950012831203
0.023445350041520818
0.023244737528126058
0.023244737528126058
0.023244737528126058
0.023244737528126058
0.020101150073405516
0.015927221593761365
0.015920660636940864
0.01591945040577636
0.01141855569765915
0.011418529182441017
0.009862333454135452
0.008435902083597457
0.00840047078105266
0.00840047078105266
0.00816359359584895
0.00816359359584895
0.00816359359584895
0.00816359359584895
0.008162744951411782
0.008162744951411782
0.008139023607922624
0.008139023607922624
0.008138687848432413
0.007837276648295255
0.007744684540925917
0.007720718978498686
0.007716770044850385
0.007710036449895097
0.007710036449895097
0.007710036449895097
0.007710036449895097
0.007710036449895097
0.007710036449895097
0.007710036449895097
0.007710036449895097
0.00770972497407274
0.00770972497407274
0.00770972497407274
0.003339512977169057
0.003339512977169057
0.003170985936621129
0.003170985936621129
0.003169888181359992
0.002981214441997504
0.002981214441997504
0.002981214441997504
0.0029767307961523493
0.0027778045968368525
0.002725949343109879
0.002725880903311051
0.002720321322785657
0.002720321322785657
0.00269968369643514
0.00269968369643514
0.00269968369643514
0.002620701891648536
0.002620701891648536
0.002616444266508311
0.002131175649828121
0.0021311731945977685
0.0021311731945977685
0.0021311731945977685
0.0021265171478676015
0.0020297180690419525
0.002029694703550966
0.002029694703550966
0.002029671826014323
0.0018218771091254027
0.0014408931912339717
0.0014408906659033605
0.0014408906659033605
0.0014408906659033605
0.0014408906659033605
0.0014408821087272816
0.0014408821087272816
0.0014404817109309187
0.0014265795059421604
0.0014265795059421604
0.0013045490148597683
0.0013030088933388972
0.0013029785444739206
0.0012726344970999115
0.0012726344970999115
0.0012726344970999115
0.0012726344970999115
0.0012630183887113455
0.0012625442088011196
0.0010787527633351335
0.0010555923943925682
0.0010555579689996986
0.0010555579689996986
0.0010555579689996986
0.0010555579689996986
0.0010555579689996986
0.0010555579689996986
0.0007399465415323103
0.0007396656817758585
0.0007396656817758585
0.0007395090941550997
0.0007394821189069534
0.0007394821189069534
0.0007394618388977259
0.0007394615660315518
0.0007391923796322697
0.0007391619616158307
0.0007391619616158307
0.0007391619616158307
0.0007391451717397857
0.0007391451717397857
0.0007391451717397857
0.0007389949003998586
0.0007389803681558949
0.0007389547645187955
0.0007389547645187955
0.0007387210136478028
0.0007387210136478028
0.000738720108976465
0.000729408513339469
0.000729408513339469
0.0007275446685244269
0.00044916800428129733
0.00044916800428129733
0.00044913810469437987
0.00044913801897006334
0.00044913801897006334
0.00034743290441274777
0.0003334353489466979
0.0003062718324403635
0.00024087942855710587
0.0002012291221371587
0.0002012291221371587
0.00018458382352670721
0.00018273904026322452
0.00018273904026322452
0.00018273838233573425
0.00018273838233573425
0.00018273838233573425
0.00018273838233573425
0.00018266821663226462
0.00018266821663226462
0.00018266821663226462
0.00018266821663226462
0.00017199593334293883
0.00017199593334293883
0.00017199593334293883
0.00017149309804531665
0.00017129618891420506
0.00017075683624523386
0.0001707556727701398
0.0001615467729824127
0.00016153621185233114
0.00016153582207190098
0.00016153582207190098
0.00012853714227367696
0.00012781001213779675
0.00012781001213779675
0.00012691031019007593
0.00012691031019007593
0.00012691031019007593
0.00011339067496307642
0.00011146726116340044
0.00011146549956808638
0.00010684546578221266
9.035091614562063e-05
9.035091614562063e-05
9.03503177749343e-05
8.922177472991955e-05
8.916493674671067e-05
8.916485975674071e-05
8.864524853269273e-05
8.864524853269273e-05
6.112209241126987e-05
6.112209241126987e-05
6.112209241126987e-05
6.112209241126987e-05
5.953708028660909e-05
3.6275174576716473e-05
3.6275174576716473e-05
3.6275174576716473e-05
3.6275174576716473e-05
2.094156772036726e-05
2.092810559251035e-05
1.8372305476299644e-05
1.8301156264444174e-05
1.8301156264444174e-05
1.8301156264444174e-05
1.8300820414651753e-05
1.795171654039862e-05
1.795171654039862e-05
1.7950805254796087e-05
1.7943393139541186e-05
1.7943393139541186e-05
1.794332701277046e-05
1.794332701277046e-05
1.794332701277046e-05
1.764838105333677e-05
1.7648369074918513e-05
1.7068342649695367e-05
1.7067809808590795e-05
1.7067809808590795e-05
1.7067809808590795e-05
1.7067809808590795e-05
1.7067809808590795e-05
1.6350568770251428e-05
1.63341985669474e-05
1.63341985669474e-05
1.631615779573714e-05
1.631207407826185e-05
1.631207407826185e-05
1.631207407826185e-05
1.631207407826185e-05
1.6311844226346572e-05
1.626155030443055e-05
1.626155030443055e-05
1.6261461100564034e-05
1.6261461100564034e-05
1.6209016154511424e-05
1.620884428654712e-05
1.620884428654712e-05
1.620884428654712e-05
4.328230324590621e-06
4.328230324590621e-06
4.314148019934905e-06
4.190784892221799e-06
3.0829498490758667e-06
3.0800342891712518e-06
3.077175270371768e-06
3.0771641500448865e-06
3.0771641500448865e-06
3.0753560794627433e-06
3.0753560794627433e-06
3.0753560794627433e-06
3.0753560794627433e-06
3.0753560794627433e-06
3.0753560794627433e-06
3.0709875553647237e-06
3.0709875553647237e-06
3.0709870326717237e-06
3.0535026168676538e-06
3.009618805172032e-06
2.863708496780859e-06
2.863708496780859e-06
2.863609963488223e-06
2.862532325398348e-06
2.8625316340624707e-06
1.9760164152726745e-06
1.6988555822106122e-06
1.6988555822106122e-06
1.5464844326240623e-06
1.5464844326240623e-06
1.4678749989949225e-06
1.4678749989949225e-06
1.4678749989949225e-06
1.4678749989949225e-06
1.4678749989949225e-06
1.4374899970359678e-06
1.382696413365636e-06
1.3825907991815711e-06
1.3825907991815711e-06
1.3825907991815711e-06
1.3776999779890886e-06
1.3769531956864256e-06
1.2417734628344945e-06
1.2417734628344945e-06
1.2417734628344945e-06
1.235503826690909e-06
1.2254865410232796e-06
1.2254865410232796e-06
1.2254865410232796e-06
1.2254865410232796e-06
1.221664201689343e-06
1.221664201689343e-06
1.220882626329356e-06
1.220882626329356e-06
1.220882626329356e-06
1.2203828851919951e-06
1.173788047093005e-06
1.114977363547709e-06
1.114977363547709e-06
1.114103985844217e-06
1.112679994808019e-06
1.112467755470803e-06
1.0994039487677298e-06
1.0993914226764545e-06
1.0981538302035077e-06
1.0372343335340872e-06
9.271873566696343e-07
9.271873566696343e-07
9.271873566696343e-07
9.27183765986328e-07
9.27183765986328e-07
9.270381973180974e-07
9.270381973180974e-07
9.270381973180974e-07
8.548705654476407e-07
8.548705654476407e-07
8.548607920433327e-07
8.548607920433327e-07
8.543027565366401e-07
8.542989667903456e-07
8.537470677083547e-07
8.533898739893075e-07
8.529901797116324e-07
8.529901797116324e-07
7.553800499549013e-07
7.553800499549013e-07
7.553800499549013e-07
7.553800499549013e-07
7.54889770027134e-07
7.54889770027134e-07
7.54889770027134e-07
7.547799205642747e-07
7.547799205642747e-07
7.547799205642747e-07
7.483110919803693e-07
7.483082210546499e-07
7.464022767633693e-07
7.464022767633693e-07
7.464022767633693e-07
7.427880196475556e-07
7.427877234400526e-07
7.427458607045523e-07
7.384310809488426e-07
7.323552121407673e-07
7.323062267694525e-07
2.472823732446727e-07
2.472823732446727e-07
1.0298209485171128e-07
1.0298209485171128e-07
1.0298209485171128e-07
1.0298209485171128e-07
1.0298209485171128e-07
1.0236412006925377e-07
1.0236412006925377e-07
1.0087578028450395e-07
1.0053113386199186e-07
1.0046103371408321e-07
1.0046096809990246e-07
1.0045989007334555e-07
1.0045989007334555e-07
1.0045989007334555e-07
9.718279070369817e-08
9.718279070369817e-08
9.697321556867422e-08
9.697321556867422e-08
9.69731198674495e-08
9.69731198674495e-08
9.69731198674495e-08
9.69731198674495e-08
9.650893595392063e-08
9.620238061724962e-08
9.619772300961671e-08
9.619772300961671e-08
9.618704555069968e-08
9.613561524624004e-08
9.613539098118906e-08
9.613539098118906e-08
7.274679547641938e-08
7.110824640221836e-08
7.110824640221836e-08
7.110824640221836e-08
7.110824640221836e-08
7.078490515954883e-08
7.078490515954883e-08
7.078436103924446e-08
7.078436103924446e-08
7.078436103924446e-08
7.077538066724287e-08
7.077538066724287e-08
7.077500741026199e-08
7.077500741026199e-08
6.199494961833807e-08
6.067898694617213e-08
6.067898694617213e-08
6.066268942728215e-08
1.752253031561679e-08
1.752252032360957e-08
1.752252032360957e-08
1.752252032360957e-08
1.752252032360957e-08
1.7353933068342542e-08
1.7353933068342542e-08
1.7281227115972797e-08
1.7281227115972797e-08
1.691030826478368e-08
1.691030826478368e-08
1.64423097359645e-08
1.6352980081180135e-08
1.6352980081180135e-08
1.6351085596610915e-08
1.6337465380544813e-08
1.6337465380544813e-08
1.6336759500745757e-08
1.6336759500745757e-08
1.6336759500745757e-08
1.631520452072266e-08
1.6278314474149624e-08
1.6278314474149624e-08
1.5994160884602593e-08
1.5080357851360304e-08
1.4565106232211633e-08
8.508991289346568e-09
8.508991289346568e-09
8.507685000935794e-09
8.507411108915619e-09
8.507411108915619e-09
8.507402338153724e-09
8.507402338153724e-09
8.507402338153724e-09
8.507402338153724e-09
8.506161774946008e-09
8.506161774946008e-09
8.506161774946008e-09
8.506161774946008e-09
8.50609516156453e-09
8.50609516156453e-09
6.9579427774968394e-09
6.950039210806835e-09
6.950039210806835e-09
6.890459203212629e-09
6.890459203212629e-09
6.8900248839653955e-09
6.88990831054781e-09
6.88990831054781e-09
6.464382806825597e-09
6.464382806825597e-09
6.464382806825597e-09
6.454144441114806e-09
6.454144441114806e-09
6.304485267172311e-09
6.304461619421886e-09
5.006644654415027e-09
4.995529656603992e-09
4.7647125134275825e-09
4.7647125134275825e-09
4.7647125134275825e-09
4.739250436536224e-09
4.693905042429947e-09
4.693905042429947e-09
4.6609256454388515e-09
4.660508423626197e-09
4.607718651072901e-09
4.607718651072901e-09
4.607711434623241e-09
4.604362890958669e-09
4.604362890958669e-09
4.604314152167888e-09
4.604314152167888e-09
4.604314152167888e-09
4.604314152167888e-09
4.604314152167888e-09
4.60427640458505e-09
4.604251091500089e-09
4.604251091500089e-09
4.604245318340361e-09
4.604245318340361e-09
4.6042433199389166e-09
4.604109204997542e-09
4.604109204997542e-09
4.604109204997542e-09
4.604109204997542e-09
4.468129088941453e-09
4.468129088941453e-09
4.399912878483292e-09
4.399764330642597e-09
2.731498582875247e-09
2.731498582875247e-09
2.715450975188105e-09
2.715450975188105e-09
2.7154045678656757e-09
2.7154045678656757e-09
2.7133667535039763e-09
2.6966742172618297e-09
1.6399441804537673e-09
1.6399441804537673e-09
1.6399425151192304e-09
1.6327542651239924e-09
1.6230206068001962e-09
1.6230206068001962e-09
1.6230173871534248e-09
1.1856872150772801e-09
1.1856872150772801e-09
1.1846401637427562e-09
1.1846401637427562e-09
1.184615627813912e-09
1.184615627813912e-09
1.184615627813912e-09
1.184615627813912e-09
1.1838671154507097e-09
1.1838671154507097e-09
1.183862896603216e-09
1.183862896603216e-09
1.1837384406021556e-09
1.1837384406021556e-09
1.1837384406021556e-09
1.1578623615449146e-09
1.156362450238646e-09
1.156362450238646e-09
1.156362450238646e-09
1.156362450238646e-09
1.156362450238646e-09
1.1259678744934831e-09
1.1257688115051678e-09
1.125574189408951e-09
1.125574189408951e-09
1.1255706366952722e-09
1.1255706366952722e-09
1.1255703036283649e-09
1.1255703036283649e-09
1.1255703036283649e-09
1.1255703036283649e-09
1.1255703036283649e-09
1.1255703036283649e-09
1.1254600584820196e-09
1.1254600584820196e-09
1.1254592813259023e-09
1.1254592813259023e-09
1.1254592813259023e-09
1.125457504969063e-09
1.1253691312163028e-09
1.1253691312163028e-09
1.1253691312163028e-09
1.1253691312163028e-09
1.1253691312163028e-09
1.1253691312163028e-09
1.1253691312163028e-09
9.872986872494494e-10
9.780598553277287e-10
9.780595222608213e-10
9.780595222608213e-10
9.780595222608213e-10
9.780509735435317e-10
9.777073595174102e-10
9.777073595174102e-10
9.777073595174102e-10
9.777073595174102e-10
9.495333408438e-10
9.495310093754483e-10
9.495310093754483e-10
9.494995900638514e-10
9.494995900638514e-10
9.494995900638514e-10
9.494995900638514e-10
9.445838555777186e-10
9.41244526764251e-10
9.412388646268255e-10
9.412388646268255e-10
9.411748047583046e-10
9.411748047583046e-10
9.411748047583046e-10
9.411632584388485e-10
9.411632584388485e-10
9.411632584388485e-10
9.411632584388485e-10
9.411632584388485e-10
8.400558026977478e-10
8.274442242495184e-10
8.274442242495184e-10
8.274442242495184e-10
8.274442242495184e-10
8.274442242495184e-10
8.274442242495184e-10
8.239854354386011e-10
8.239772197882189e-10
8.239772197882189e-10
8.239078308491798e-10
8.239078308491798e-10
8.2390738675997e-10
8.236562543117998e-10
8.232340364955348e-10
8.232340364955348e-10
8.232340364955348e-10
8.232340364955348e-10
8.232184933731901e-10
8.232184933731901e-10
8.232060588753143e-10
8.232060588753143e-10
8.232046155853823e-10
8.232008408270985e-10
7.401302903886631e-10
7.399751922321229e-10
7.3996153648892e-10
7.399189039247744e-10
7.399182377909597e-10
7.398608392605865e-10
7.398608392605865e-10
7.398608392605865e-10
7.398608392605865e-10
7.398608392605865e-10
7.398608392605865e-10
7.398608392605865e-10
7.398608392605865e-10
7.395793977238441e-10
7.395793977238441e-10
7.395255519071497e-10
7.395254408848473e-10
7.394084233780518e-10
7.394082013334469e-10
7.394082013334469e-10
7.393704537506096e-10
7.393704537506096e-10
7.393704537506096e-10
5.529708912987985e-10
5.51116707825372e-10
5.51116707825372e-10
5.51116707825372e-10
5.51116707825372e-10
5.51116707825372e-10
5.51116707825372e-10
5.51116707825372e-10
5.51116707825372e-10
5.51116707825372e-10
5.511164857807671e-10
5.511164857807671e-10
5.511164857807671e-10
5.511164857807671e-10
5.511164857807671e-10
5.156417515195244e-10
5.156417515195244e-10
5.156398641403825e-10
5.156398641403825e-10
5.156390869842653e-10
5.156390869842653e-10
5.156390869842653e-10
5.156390869842653e-10
5.156390869842653e-10
5.156390869842653e-10
5.156378657389382e-10
5.156378657389382e-10
5.156378657389382e-10
5.156378657389382e-10
5.156378657389382e-10
5.156378657389382e-10
5.156357563151914e-10
5.156357563151914e-10
5.156357563151914e-10
5.156357563151914e-10
5.156344240475619e-10
5.156344240475619e-10
5.156344240475619e-10
5.156344240475619e-10
5.156344240475619e-10
5.156344240475619e-10
5.156344240475619e-10
5.156344240475619e-10
5.156344240475619e-10
5.15634202002957e-10
5.156324256461176e-10
5.14551623531645e-10
5.14551623531645e-10
5.145504022863179e-10
5.145504022863179e-10
5.145504022863179e-10
5.145504022863179e-10
5.145504022863179e-10
5.145497361525031e-10
5.145497361525031e-10
5.145497361525031e-10
3.2448566056331174e-10
3.2448566056331174e-10
3.2448566056331174e-10
3.2448566056331174e-10
3.2448566056331174e-10
3.2448566056331174e-10
3.244855495410093e-10
3.244855495410093e-10
3.244855495410093e-10
3.244855495410093e-10
3.244854385187068e-10
3.244854385187068e-10
3.244854385187068e-10
3.244854385187068e-10
3.2020097684437587e-10
3.2019931150983894e-10
3.2019931150983894e-10
3.1843672143594404e-10
3.1843672143594404e-10
3.1843672143594404e-10
3.1843672143594404e-10
3.1843672143594404e-10
3.1843672143594404e-10
3.1843672143594404e-10
3.184366104136416e-10
3.184366104136416e-10
3.184366104136416e-10
3.184366104136416e-10
3.184366104136416e-10
3.184366104136416e-10
3.184366104136416e-10
3.18300608093125e-10
3.18300608093125e-10
3.18300608093125e-10
3.18300608093125e-10
3.18300608093125e-10
3.18300608093125e-10
3.18300608093125e-10
3.18300608093125e-10
3.18300608093125e-10
3.18300608093125e-10
3.18300608093125e-10
3.18300608093125e-10
3.18300608093125e-10
3.18300608093125e-10
3.18300608093125e-10
3.18300608093125e-10
3.18300608093125e-10
3.164705164593329e-10
3.1647007237012303e-10
3.1647007237012303e-10
3.1647007237012303e-10
3.164500883556798e-10
3.164500883556798e-10
3.164500883556798e-10
3.164500883556798e-10
3.164500883556798e-10
3.164500883556798e-10
3.164500883556798e-10
3.164500883556798e-10
3.164500883556798e-10
3.1644875608805023e-10
3.1644875608805023e-10
3.1644875608805023e-10
3.1644875608805023e-10
3.1644875608805023e-10
3.1644875608805023e-10
3.1644875608805023e-10
3.1644875608805023e-10
3.1644875608805023e-10
3.164234430030888e-10
3.164234430030888e-10
3.164234430030888e-10
3.164234430030888e-10
3.164234430030888e-10
3.1619074025712735e-10
3.1619074025712735e-10
3.1619074025712735e-10
3.1619074025712735e-10
3.1619040719021996e-10
3.1619040719021996e-10
3.161861883427264e-10
3.161861883427264e-10
3.161861883427264e-10
3.161743089563629e-10
3.161743089563629e-10
3.161743089563629e-10
3.161743089563629e-10
3.161743089563629e-10
3.161743089563629e-10
3.161743089563629e-10
3.161743089563629e-10
3.161743089563629e-10
3.161743089563629e-10
3.161743089563629e-10
3.161743089563629e-10
3.161743089563629e-10
3.1420932522507883e-10
3.1420932522507883e-10
3.1420932522507883e-10
3.1420932522507883e-10
6.928480011936244e-11
6.928468909705998e-11
6.928468909705998e-11
6.928468909705998e-11
6.928468909705998e-11
6.928468909705998e-11
6.928468909705998e-11
6.928468909705998e-11
6.928468909705998e-11
6.928468909705998e-11
6.928357887403536e-11
6.92834678517329e-11
6.92834678517329e-11
6.92834678517329e-11
6.92834678517329e-11
6.927991513805409e-11
6.927991513805409e-11
6.927991513805409e-11
6.927991513805409e-11
6.927991513805409e-11
6.927991513805409e-11
6.927980411575163e-11
6.927980411575163e-11
6.927980411575163e-11
6.927980411575163e-11
6.927980411575163e-11
6.927980411575163e-11
6.927980411575163e-11
6.925793272216652e-11
6.925793272216652e-11
6.925793272216652e-11
6.925793272216652e-11
6.925693352144435e-11
6.925582329841973e-11
6.925449103079018e-11
6.925449103079018e-11
6.925449103079018e-11
6.925404694158033e-11
6.925404694158033e-11
6.925404694158033e-11
6.925404694158033e-11
6.925404694158033e-11
6.925404694158033e-11
6.925404694158033e-11
6.925404694158033e-11
6.925404694158033e-11
6.925404694158033e-11
6.925404694158033e-11
6.925404694158033e-11
6.925404694158033e-11
6.925404694158033e-11
6.925371387467294e-11
6.925371387467294e-11
6.925371387467294e-11
6.925260365164831e-11
6.925260365164831e-11
6.925260365164831e-11
6.925260365164831e-11
6.925260365164831e-11
6.925260365164831e-11
6.925260365164831e-11
6.925260365164831e-11
6.925238160704339e-11
6.925238160704339e-11
6.925238160704339e-11
6.925238160704339e-11
6.925227058474093e-11
6.925227058474093e-11
6.925227058474093e-11
6.925227058474093e-11
6.925227058474093e-11
6.925227058474093e-11
6.925227058474093e-11
6.925227058474093e-11
6.925227058474093e-11
6.925227058474093e-11
6.925227058474093e-11
6.925227058474093e-11
6.925227058474093e-11
6.925227058474093e-11
6.925227058474093e-11
6.925227058474093e-11
6.925227058474093e-11
6.925227058474093e-11
6.925227058474093e-11
6.925227058474093e-11
6.925227058474093e-11
6.925227058474093e-11
6.925227058474093e-11
4.4681369715249275e-11
4.4681369715249275e-11
4.4681369715249275e-11
4.4681369715249275e-11
4.4681369715249275e-11
4.4681369715249275e-11
4.4681369715249275e-11
4.4681369715249275e-11
4.4681369715249275e-11
4.4681369715249275e-11
4.4681369715249275e-11
4.4681369715249275e-11
4.4681369715249275e-11
4.4681369715249275e-11
4.4681369715249275e-11
4.4681369715249275e-11
4.4681369715249275e-11
4.468125869294681e-11
4.468125869294681e-11
4.468125869294681e-11
4.468125869294681e-11
4.468125869294681e-11
4.468125869294681e-11
4.468125869294681e-11
4.468125869294681e-11
4.468125869294681e-11
4.468125869294681e-11
4.46807035814345e-11
4.46807035814345e-11
4.46807035814345e-11
4.46807035814345e-11
4.46807035814345e-11
4.46807035814345e-11
4.46807035814345e-11
4.46807035814345e-11
4.46807035814345e-11
4.46807035814345e-11
4.46807035814345e-11
4.46807035814345e-11
4.46807035814345e-11
4.46807035814345e-11
9.23738863178869e-12
9.23738863178869e-12
9.23738863178869e-12
9.23738863178869e-12
9.23738863178869e-12
9.23738863178869e-12
9.23738863178869e-12
9.23738863178869e-12
9.237055564881302e-12
9.237055564881302e-12
9.228839914499076e-12
9.228839914499076e-12
9.228839914499076e-12
9.228839914499076e-12
9.228839914499076e-12
9.228839914499076e-12
9.228839914499076e-12
9.228728892196614e-12
9.228728892196614e-12
9.228728892196614e-12
9.228728892196614e-12
9.694467451026867e-13
9.694467451026867e-13
9.694467451026867e-13
9.694467451026867e-13
9.694467451026867e-13
9.694467451026867e-13
9.694467451026867e-13
9.694467451026867e-13
9.694467451026867e-13
9.694467451026867e-13
9.694467451026867e-13
9.694467451026867e-13
9.694467451026867e-13
9.655609645164986e-13
9.655609645164986e-13
9.655609645164986e-13
8.005818230572004e-13
8.005818230572004e-13
8.005818230572004e-13
8.005818230572004e-13
8.005818230572004e-13
8.005818230572004e-13
8.005818230572004e-13
8.005818230572004e-13
8.005818230572004e-13
8.005818230572004e-13
8.005818230572004e-13
8.005818230572004e-13
8.005818230572004e-13
8.005818230572004e-13
8.005818230572004e-13
8.005818230572004e-13
8.005818230572004e-13
8.005818230572004e-13
8.005818230572004e-13
8.005818230572004e-13
8.005818230572004e-13
8.005818230572004e-13
8.005818230572004e-13
8.005818230572004e-13
8.005818230572004e-13
8.005818230572004e-13
8.005818230572004e-13
8.005818230572004e-13
8.005818230572004e-13
8.005818230572004e-13
8.005818230572004e-13
8.005818230572004e-13
8.005818230572004e-13
8.005818230572004e-13
8.005818230572004e-13
7.983613770079501e-13
7.983613770079501e-13
7.983613770079501e-13
7.982503547054876e-13
7.982503547054876e-13
1.7252865802674933e-13
1.7252865802674933e-13
1.7252865802674933e-13
1.7252865802674933e-13
1.7252865802674933e-13
1.7252865802674933e-13
1.7252865802674933e-13
1.7252865802674933e-13
1.7252865802674933e-13
1.7252865802674933e-13
1.7252865802674933e-13
1.7252865802674933e-13
1.7252865802674933e-13
1.7252865802674933e-13
1.7252865802674933e-13
1.7252865802674933e-13
1.7252865802674933e-13
1.7252865802674933e-13
1.7252865802674933e-13
1.7252865802674933e-13
1.7252865802674933e-13
1.7252865802674933e-13
1.7252865802674933e-13
1.7252865802674933e-13
1.7252865802674933e-13
1.7252865802674933e-13
1.7197354651443675e-13
1.7197354651443675e-13
1.7197354651443675e-13
1.7197354651443675e-13
1.7197354651443675e-13
1.7197354651443675e-13
1.7197354651443675e-13
1.7197354651443675e-13
1.7197354651443675e-13
1.7197354651443675e-13
1.7197354651443675e-13
1.7197354651443675e-13
1.7197354651443675e-13
1.7197354651443675e-13
1.7197354651443675e-13
1.7197354651443675e-13
1.7197354651443675e-13
1.7197354651443675e-13
1.7197354651443675e-13
1.7197354651443675e-13
1.7197354651443675e-13
1.7197354651443675e-13
1.7197354651443675e-13
1.7197354651443675e-13
1.7197354651443675e-13
1.7197354651443675e-13
1.7197354651443675e-13
1.7197354651443675e-13
1.7197354651443675e-13
1.7197354651443675e-13
1.7197354651443675e-13
1.7197354651443675e-13
1.7197354651443675e-13
1.7197354651443675e-13
1.7197354651443675e-13
1.7197354651443675e-13
1.716404796070492e-13
1.716404796070492e-13
1.716404796070492e-13
1.716404796070492e-13
1.716404796070492e-13
1.716404796070492e-13
1.7152945730458669e-13
1.7152945730458669e-13
1.7152945730458669e-13
1.7152945730458669e-13
1.7152945730458669e-13
1.7152945730458669e-13
1.7152945730458669e-13
1.7152945730458669e-13
1.7152945730458669e-13
1.7152945730458669e-13
3.68594044175552e-14
3.68594044175552e-14
3.68594044175552e-14
3.68594044175552e-14
3.68594044175552e-14
3.68594044175552e-14
3.68594044175552e-14
3.68594044175552e-14
3.68594044175552e-14
3.68594044175552e-14
3.68594044175552e-14
3.68594044175552e-14
3.68594044175552e-14
3.68594044175552e-14
3.68594044175552e-14
3.68594044175552e-14
3.68594044175552e-14
3.68594044175552e-14
3.68594044175552e-14
3.68594044175552e-14
3.68594044175552e-14
3.68594044175552e-14
3.68594044175552e-14
3.68594044175552e-14
3.6637359812630166e-14
3.6637359812630166e-14
3.6637359812630166e-14
3.6637359812630166e-14
3.6637359812630166e-14
3.6637359812630166e-14
3.6637359812630166e-14
3.6637359812630166e-14
3.6637359812630166e-14
4.3298697960381105e-15
4.107825191113079e-15
4.107825191113079e-15
4.107825191113079e-15
4.107825191113079e-15
4.107825191113079e-15
3.774758283725532e-15
3.774758283725532e-15
3.774758283725532e-15
3.774758283725532e-15
3.774758283725532e-15
3.774758283725532e-15
3.774758283725532e-15
3.774758283725532e-15
3.774758283725532e-15
3.774758283725532e-15
3.774758283725532e-15
3.774758283725532e-15
3.774758283725532e-15
3.774758283725532e-15
3.774758283725532e-15
3.774758283725532e-15
3.774758283725532e-15
3.774758283725532e-15
3.774758283725532e-15
3.774758283725532e-15
3.774758283725532e-15
3.774758283725532e-15
3.774758283725532e-15
3.774758283725532e-15
3.774758283725532e-15
3.774758283725532e-15
3.774758283725532e-15
3.774758283725532e-15
3.774758283725532e-15
3.774758283725532e-15
3.774758283725532e-15
3.774758283725532e-15
3.774758283725532e-15
3.774758283725532e-15
3.774758283725532e-15
3.774758283725532e-15
3.774758283725532e-15
3.774758283725532e-15
3.774758283725532e-15
3.774758283725532e-15
3.774758283725532e-15
3.774758283725532e-15
3.774758283725532e-15
3.774758283725532e-15
3.774758283725532e-15
3.774758283725532e-15
3.774758283725532e-15
3.774758283725532e-15
3.774758283725532e-15
3.774758283725532e-15
3.774758283725532e-15
3.774758283725532e-15
3.774758283725532e-15
3.774758283725532e-15
3.774758283725532e-15
3.774758283725532e-15
3.774758283725532e-15
3.774758283725532e-15
3.774758283725532e-15
3.774758283725532e-15
3.774758283725532e-15
3.774758283725532e-15
3.774758283725532e-15
3.774758283725532e-15
3.774758283725532e-15
3.774758283725532e-15
3.774758283725532e-15
3.774758283725532e-15
3.774758283725532e-15
3.774758283725532e-15
3.774758283725532e-15
3.774758283725532e-15
3.774758283725532e-15
3.774758283725532e-15
3.774758283725532e-15
3.774758283725532e-15
3.774758283725532e-15
3.774758283725532e-15
3.774758283725532e-15
3.774758283725532e-15
3.774758283725532e-15
3.774758283725532e-15
3.774758283725532e-15
3.774758283725532e-15
3.774758283725532e-15
3.774758283725532e-15
3.774758283725532e-15
3.774758283725532e-15
3.774758283725532e-15
3.6637359812630166e-15
3.6637359812630166e-15
3.6637359812630166e-15
3.6637359812630166e-15
3.6637359812630166e-15
3.6637359812630166e-15
3.6637359812630166e-15
3.6637359812630166e-15
3.6637359812630166e-15
3.6637359812630166e-15
3.6637359812630166e-15
3.6637359812630166e-15
3.6637359812630166e-15
3.6637359812630166e-15
3.6637359812630166e-15
3.6637359812630166e-15
3.6637359812630166e-15
3.6637359812630166e-15
3.6637359812630166e-15
3.6637359812630166e-15
3.6637359812630166e-15
3.6637359812630166e-15
3.6637359812630166e-15
3.6637359812630166e-15
3.6637359812630166e-15
3.6637359812630166e-15
3.6637359812630166e-15
3.6637359812630166e-15
3.6637359812630166e-15
3.6637359812630166e-15
3.6637359812630166e-15
3.6637359812630166e-15
3.6637359812630166e-15
3.6637359812630166e-15
3.6637359812630166e-15
3.6637359812630166e-15
3.6637359812630166e-15
3.6637359812630166e-15
3.6637359812630166e-15
3.6637359812630166e-15
3.6637359812630166e-15
3.6637359812630166e-15
3.6637359812630166e-15
3.6637359812630166e-15
3.6637359812630166e-15
3.6637359812630166e-15
3.6637359812630166e-15
3.6637359812630166e-15
3.6637359812630166e-15
3.6637359812630166e-15
3.6637359812630166e-15
3.6637359812630166e-15
3.6637359812630166e-15
3.6637359812630166e-15
3.6637359812630166e-15
3.6637359812630166e-15
3.6637359812630166e-15
3.6637359812630166e-15
3.6637359812630166e-15
3.6637359812630166e-15
3.6637359812630166e-15
3.6637359812630166e-15
3.6637359812630166e-15
3.6637359812630166e-15
3.6637359812630166e-15
3.6637359812630166e-15
3.6637359812630166e-15
3.6637359812630166e-15
3.6637359812630166e-15
3.6637359812630166e-15
3.6637359812630166e-15
3.6637359812630166e-15
3.6637359812630166e-15
3.6637359812630166e-15
3.6637359812630166e-15
3.6637359812630166e-15
3.6637359812630166e-15
3.6637359812630166e-15
3.6637359812630166e-15
3.6637359812630166e-15
3.6637359812630166e-15
3.6637359812630166e-15
3.6637359812630166e-15
3.6637359812630166e-15
3.6637359812630166e-15
3.6637359812630166e-15
3.6637359812630166e-15
3.6637359812630166e-15
3.6637359812630166e-15
3.3306690738754696e-15
3.3306690738754696e-15
3.3306690738754696e-15
3.3306690738754696e-15
3.3306690738754696e-15
3.3306690738754696e-15
3.3306690738754696e-15
3.3306690738754696e-15
3.1086244689504383e-15
3.1086244689504383e-15
3.1086244689504383e-15
3.1086244689504383e-15
3.1086244689504383e-15
3.1086244689504383e-15
3.1086244689504383e-15
3.1086244689504383e-15
3.1086244689504383e-15
3.1086244689504383e-15
3.1086244689504383e-15
3.1086244689504383e-15
3.1086244689504383e-15
3.1086244689504383e-15
3.1086244689504383e-15
3.1086244689504383e-15
3.1086244689504383e-15
3.1086244689504383e-15
3.1086244689504383e-15
3.1086244689504383e-15
3.1086244689504383e-15
3.1086244689504383e-15
3.1086244689504383e-15
3.1086244689504383e-15
3.1086244689504383e-15
3.1086244689504383e-15
3.1086244689504383e-15
3.1086244689504383e-15
3.1086244689504383e-15
3.1086244689504383e-15
3.1086244689504383e-15
3.1086244689504383e-15
0.0
0.0
0.0
0.0
0.0
0.0
0.0
0.0
0.0
0.0
0.0
0.0
0.0
0.0
0.0
0.0
0.0
0.0
0.0
0.0
0.0
0.0
0.0
0.0
0.0
0.0
0.0
0.0
0.0
0.0
0.0
0.0
0.0
0.0
0.0
0.0
0.0
0.0
0.0
0.0
0.0
0.0
0.0
0.0
0.0
0.0
0.0
0.0
0.0
0.0
0.0
0.0
0.0
0.0
0.0
0.0
0.0
0.0
0.0
0.0
0.0
0.0
0.0
0.0
0.0
0.0
0.0
0.0
0.0
0.0
0.0
0.0
0.0
0.0
0.0
0.0
0.0
0.0
0.0
0.0
0.0
0.0
0.0
0.0
0.0
0.0
0.0
0.0
0.0
0.0
0.0
0.0
0.0
0.0
0.0
0.0
0.0
0.0
0.0
0.0
0.0
0.0
0.0
0.0
0.0
0.0
0.0
0.0
0.0
0.0
0.0
0.0
0.0
0.0
0.0
0.0
0.0
0.0
0.0
0.0
0.0
0.0
0.0
0.0
0.0
0.0
0.0
0.0
0.0
0.0
0.0
0.0
0.0
0.0
0.0
0.0
0.0
0.0
0.0
0.0
0.0
0.0
0.0
0.0
0.0
0.0
0.0
0.0
0.0
0.0
0.0
0.0
0.0
0.0
0.0
0.0
0.0
0.0
0.0
0.0
0.0
0.0
0.0
0.0
0.0
0.0
0.0
0.0
0.0
0.0
0.0
0.0
0.0
0.0
0.0
0.0
0.0
0.0
0.0
0.0
0.0
0.0
0.0
0.0
0.0
0.0
0.0
0.0
0.0
0.0
0.0
0.0
0.0
0.0
0.0
0.0
0.0
0.0
0.0
0.0
0.0
0.0
0.0
0.0
0.0
0.0
0.0
0.0
0.0
0.0
0.0
0.0
0.0
0.0
0.0
0.0
0.0
0.0
0.0
0.0
0.0
0.0
0.0
0.0
0.0
0.0
0.0
0.0
0.0
0.0
0.0
0.0
0.0
0.0
0.0
0.0
0.0
0.0
0.0
0.0
0.0
0.0
0.0
0.0
0.0
0.0
0.0
0.0
0.0
0.0
0.0
0.0
0.0
0.0
0.0
0.0
0.0
0.0
0.0
0.0
0.0
0.0
0.0
0.0
0.0
0.0
0.0
0.0
0.0
0.0
0.0
0.0
0.0
0.0
0.0
0.0
0.0
0.0
0.0
0.0
0.0
0.0
0.0
0.0
0.0
0.0
0.0
0.0
0.0
0.0
0.0
0.0
0.0
0.0
0.0
0.0
0.0
0.0
0.0
0.0
0.0
0.0
0.0
0.0
0.0
0.0
0.0
0.0
0.0
0.0
0.0
0.0
0.0
0.0
0.0
0.0
0.0
0.0
0.0
0.0
0.0
0.0
0.0
0.0
0.0
0.0
0.0
0.0
0.0
0.0
0.0
0.0
0.0
0.0
0.0
0.0
0.0
0.0
0.0
0.0
0.0
0.0
0.0
0.0
0.0
0.0
0.0
0.0
0.0
0.0
0.0
0.0
0.0
0.0
0.0
0.0
0.0
0.0
0.0
0.0
0.0
0.0
0.0
0.0
0.0
0.0
0.0
0.0
0.0
0.0
0.0
0.0
0.0
0.0
0.0
0.0
0.0
0.0
0.0
0.0
0.0
0.0
0.0
0.0
0.0
0.0
0.0
0.0
0.0
0.0
0.0
0.0
0.0
0.0
0.0
0.0
0.0
0.0
0.0
0.0
0.0
0.0
0.0
0.0
0.0
0.0
0.0
0.0
0.0
0.0
0.0
0.0
0.0
0.0
0.0
0.0
0.0
0.0
0.0
0.0
0.0
0.0
0.0
0.0
0.0
0.0
0.0
0.0
0.0
0.0
0.0
0.0
0.0
0.0
0.0
0.0
0.0
0.0
0.0
0.0
0.0
0.0
0.0
0.0
0.0
0.0
0.0
0.0
0.0
0.0
0.0
0.0
0.0
0.0
0.0
0.0
0.0
0.0
0.0
0.0
0.0
0.0
0.0
0.0
0.0
0.0
0.0
0.0
0.0
0.0
0.0
0.0
0.0
0.0
0.0
0.0
0.0
0.0
0.0
0.0
0.0
0.0
0.0
0.0
0.0
0.0
0.0
0.0
0.0
0.0
0.0
0.0
0.0
0.0
0.0
0.0
0.0
0.0
0.0
0.0
0.0
0.0
0.0
0.0
0.0
0.0
0.0
0.0
0.0
0.0
0.0
0.0
0.0
0.0
0.0
0.0
0.0
0.0
0.0
0.0
0.0
0.0
0.0
0.0
0.0
0.0
0.0
0.0
0.0
0.0
0.0
0.0
0.0
0.0
0.0
0.0
0.0
0.0
0.0
0.0
0.0
0.0
0.0
0.0
0.0
0.0
0.0
0.0
0.0
0.0
0.0
0.0
0.0
0.0
0.0
0.0
0.0
0.0
0.0
0.0
0.0
0.0
0.0
0.0
0.0
0.0
0.0
0.0
0.0
0.0
0.0
0.0
0.0
0.0
0.0
0.0
0.0
0.0
0.0
0.0
0.0
0.0
0.0
0.0
0.0
0.0
0.0
0.0
0.0
0.0
0.0
0.0
0.0
0.0
0.0
0.0
0.0
0.0
0.0
0.0
0.0
0.0
0.0
0.0
0.0
0.0
0.0
0.0
0.0
0.0
0.0
0.0
0.0
0.0
0.0
0.0
0.0
0.0
0.0
0.0
0.0
0.0
0.0
0.0
0.0
0.0
0.0
0.0
0.0
0.0
0.0
0.0
0.0
0.0
0.0
0.0
0.0
0.0
0.0
0.0
0.0
0.0
0.0
0.0
0.0
0.0
0.0
0.0
0.0
0.0
0.0
0.0
0.0
0.0
0.0
0.0
0.0
0.0
0.0
0.0
0.0
0.0
0.0
0.0
0.0
0.0
0.0
0.0
0.0
0.0
0.0
0.0
0.0
0.0
0.0
0.0
0.0
0.0
0.0
0.0
0.0
0.0
0.0
0.0
0.0
0.0
0.0
0.0
0.0
0.0
0.0
0.0
0.0
0.0
0.0
0.0
0.0
0.0
0.0
0.0
0.0
0.0
0.0
0.0
0.0
0.0
0.0
0.0
0.0
0.0
0.0
0.0
0.0
0.0
0.0
0.0
0.0
0.0
0.0
0.0
0.0
0.0
0.0
0.0
0.0
0.0
0.0
0.0
0.0
0.0
0.0
0.0
0.0
0.0
0.0
0.0
0.0
0.0
0.0
0.0
0.0
0.0
0.0
0.0
0.0
0.0
0.0
0.0
0.0
0.0
0.0
0.0
0.0
0.0
0.0
0.0
0.0
0.0
0.0
0.0
0.0
0.0
0.0
0.0
0.0
0.0
0.0
0.0
0.0
0.0
0.0
0.0
0.0
0.0
0.0
0.0
0.0
0.0
0.0
0.0
0.0
0.0
0.0
0.0
0.0
0.0
0.0
0.0
0.0
0.0
0.0
0.0
0.0
0.0
0.0
0.0
0.0
0.0
0.0
0.0
0.0
0.0
0.0
0.0
0.0
0.0
0.0
0.0
0.0
0.0
0.0
0.0
0.0
0.0
0.0
0.0
0.0
0.0
0.0
0.0
0.0
0.0
0.0
0.0
0.0
0.0
0.0
0.0
0.0
0.0
0.0
0.0
0.0
0.0
0.0
0.0
0.0
0.0
0.0
0.0
0.0
0.0
0.0
0.0
0.0
0.0
0.0
0.0
0.0
0.0
0.0
0.0
0.0
0.0
0.0
0.0
0.0
0.0
0.0
0.0
0.0
0.0
0.0
0.0
0.0
0.0
0.0
0.0
0.0
0.0
0.0
0.0
0.0
0.0
0.0
0.0
0.0
0.0
0.0
0.0
0.0
0.0
0.0
0.0
0.0
0.0
0.0
0.0
0.0
0.0
0.0
0.0
0.0
0.0
0.0
0.0
0.0
0.0
0.0
0.0
0.0
0.0
0.0
0.0
0.0
0.0
0.0
0.0
0.0
0.0
0.0
0.0
0.0
0.0
0.0
0.0
0.0
0.0
0.0
0.0
0.0
0.0
0.0
0.0
0.0
0.0
0.0
0.0
0.0
0.0
0.0
0.0
0.0
0.0
0.0
0.0
0.0
0.0
0.0
0.0
0.0
0.0
0.0
0.0
0.0
0.0
0.0
0.0
0.0
0.0
0.0
0.0
0.0
0.0
0.0
0.0
0.0
0.0
0.0
0.0
0.0
0.0
0.0
0.0
0.0
0.0
0.0
0.0
0.0
0.0
0.0
0.0
0.0
0.0
0.0
0.0
0.0
0.0
0.0
0.0
0.0
0.0
0.0
0.0
0.0
0.0
0.0
0.0
0.0
0.0
0.0
0.0
0.0
0.0
0.0
0.0
0.0
0.0
0.0
0.0
0.0
0.0
0.0
0.0
0.0
0.0
0.0
0.0
0.0
0.0
0.0
0.0
0.0
0.0
0.0
0.0
0.0
0.0
0.0
0.0
0.0
0.0
0.0
0.0
0.0
0.0
0.0
0.0
0.0
0.0
0.0
0.0
0.0
0.0
0.0
0.0
0.0
0.0
0.0
0.0
0.0
0.0
0.0
0.0
0.0
0.0
0.0
0.0
0.0
0.0
0.0
0.0
0.0
0.0
0.0
0.0
0.0
0.0
0.0
0.0
0.0
0.0
0.0
0.0
0.0
0.0
0.0
0.0
0.0
0.0
0.0
0.0
0.0
0.0
0.0
0.0
0.0
0.0
0.0
0.0
0.0
0.0
0.0
0.0
0.0
0.0
0.0
0.0
0.0
0.0
0.0
0.0
0.0
0.0
0.0
0.0
0.0
0.0
0.0
0.0
0.0
0.0
0.0
0.0
0.0
0.0
0.0
0.0
0.0
0.0
0.0
0.0
0.0
0.0
0.0
0.0
0.0
0.0
0.0
0.0
0.0
0.0
0.0
0.0
0.0
0.0
0.0
0.0
0.0
0.0
0.0
0.0
0.0
0.0
0.0
0.0
0.0
0.0
0.0
0.0
0.0
0.0
0.0
0.0
0.0
0.0
0.0
0.0
0.0
0.0
0.0
0.0
0.0
0.0
0.0
0.0
0.0
0.0
0.0
0.0
0.0
0.0
0.0
0.0
0.0
0.0
0.0
0.0
0.0
0.0
0.0
0.0
0.0
0.0
0.0
0.0
0.0
0.0
0.0
0.0
0.0
0.0
0.0
0.0
0.0
0.0
0.0
0.0
0.0
0.0
0.0
0.0
0.0
0.0
0.0
0.0
0.0
0.0
0.0
0.0
0.0
0.0
0.0
0.0
0.0
0.0
0.0
0.0
0.0
0.0
0.0
0.0
0.0
0.0
0.0
0.0
0.0
0.0
0.0
0.0
0.0
0.0
0.0
0.0
0.0
0.0
0.0
0.0
0.0
0.0
0.0
0.0
0.0
0.0
0.0
0.0
0.0
0.0
0.0
0.0
0.0
0.0
0.0
0.0
0.0
0.0
0.0
0.0
0.0
0.0
0.0
0.0
0.0
0.0
0.0
0.0
0.0
0.0
0.0
0.0
0.0
0.0
0.0
0.0
0.0
0.0
0.0
0.0
0.0
0.0
0.0
0.0
0.0
0.0
0.0
0.0
0.0
0.0
0.0
0.0
0.0
0.0
0.0
0.0
0.0
0.0
0.0
0.0
0.0
0.0
0.0
0.0
0.0
0.0
0.0
0.0
0.0
0.0
0.0
0.0
0.0
0.0
0.0
0.0
0.0
0.0
0.0
0.0
0.0
0.0
0.0
0.0
0.0
0.0
0.0
0.0
0.0
0.0
0.0
0.0
0.0
0.0
0.0
0.0
0.0
0.0
0.0
0.0
0.0
0.0
0.0
0.0
0.0
0.0
0.0
0.0
0.0
0.0
0.0
0.0
0.0
0.0
0.0
0.0
0.0
0.0
0.0
0.0
0.0
0.0
0.0
0.0
0.0
0.0
0.0
0.0
0.0
0.0
0.0
0.0
0.0
0.0
0.0
0.0
0.0
0.0
0.0
0.0
0.0
0.0
0.0
0.0
0.0
0.0
0.0
0.0
0.0
0.0
0.0
0.0
0.0
0.0
0.0
0.0
0.0
0.0
0.0
0.0
0.0
0.0
0.0
0.0
0.0
0.0
0.0
0.0
0.0
0.0
0.0
0.0
0.0
0.0
0.0
0.0
0.0
0.0
0.0
0.0
0.0
0.0
0.0
0.0
0.0
0.0
0.0
0.0
0.0
0.0
0.0
0.0
0.0
0.0
0.0
0.0
0.0
0.0
0.0
0.0
0.0
0.0
0.0
0.0
0.0
0.0
0.0
0.0
0.0
0.0
0.0
0.0
0.0
0.0
0.0
0.0
0.0
0.0
0.0
0.0
0.0
0.0
0.0
0.0
0.0
0.0
0.0
0.0
0.0
0.0
0.0
0.0
0.0
0.0
0.0
0.0
0.0
0.0
0.0
0.0
0.0
0.0
0.0
0.0
0.0
0.0
0.0
0.0
0.0
0.0
0.0
0.0
0.0
0.0
0.0
0.0
0.0
0.0
0.0
0.0
0.0
0.0
0.0
0.0
0.0
0.0
0.0
0.0
0.0
0.0
0.0
0.0
0.0
0.0
0.0
0.0
0.0
0.0
0.0
0.0
0.0
0.0
0.0
0.0
0.0
0.0
0.0
0.0
0.0
0.0
0.0
0.0
0.0
0.0
0.0
0.0
0.0
0.0
0.0
0.0
0.0
0.0
0.0
0.0
0.0
0.0
0.0
0.0
0.0
0.0
0.0
0.0
0.0
0.0
0.0
0.0
0.0
0.0
0.0
0.0
0.0
0.0
0.0
0.0
0.0
0.0
0.0
0.0
0.0
0.0
0.0
0.0
0.0
0.0
0.0
0.0
0.0
0.0
0.0
0.0
0.0
0.0
0.0
0.0
0.0
0.0
0.0
0.0
0.0
0.0
0.0
0.0
0.0
0.0
0.0
0.0
0.0
0.0
0.0
0.0
0.0
0.0
0.0
0.0
0.0
0.0
0.0
0.0
0.0
0.0
0.0
0.0
0.0
0.0
0.0
0.0
0.0
0.0
0.0
0.0
0.0
0.0
0.0
0.0
0.0
0.0
0.0
0.0
0.0
0.0
0.0
0.0
0.0
0.0
0.0
0.0
0.0
0.0
0.0
0.0
0.0
0.0
0.0
0.0
0.0
0.0
0.0
0.0
0.0
0.0
0.0
0.0
0.0
0.0
0.0
0.0
0.0
0.0
0.0
0.0
0.0
0.0
0.0
0.0
0.0
0.0
0.0
0.0
0.0
0.0
0.0
0.0
0.0
0.0
0.0
0.0
0.0
0.0
0.0
0.0
0.0
0.0
0.0
0.0
0.0
0.0
0.0
0.0
0.0
0.0
0.0
0.0
0.0
0.0
0.0
0.0
0.0
0.0
0.0
0.0
0.0
0.0
0.0
0.0
0.0
0.0
0.0
0.0
0.0
0.0
0.0
0.0
0.0
0.0
0.0
0.0
0.0
0.0
0.0
0.0
0.0
0.0
0.0
0.0
0.0
0.0
0.0
0.0
0.0
0.0
0.0
0.0
0.0
0.0
0.0
0.0
0.0
0.0
0.0
0.0
0.0
0.0
0.0
0.0
0.0
0.0
0.0
0.0
0.0
0.0
0.0
0.0
0.0
0.0
0.0
0.0
0.0
0.0
0.0
0.0
0.0
0.0
0.0
0.0
0.0
0.0
0.0
0.0
0.0
0.0
0.0
0.0
0.0
0.0
0.0
0.0
0.0
0.0
0.0
0.0
0.0
0.0
0.0
0.0
0.0
0.0
0.0
0.0
0.0
0.0
0.0
0.0
0.0
0.0
0.0
0.0
0.0
0.0
0.0
0.0
0.0
0.0
0.0
0.0
0.0
0.0
0.0
0.0
0.0
0.0
0.0
0.0
0.0
0.0
0.0
0.0
0.0
0.0
0.0
0.0
0.0
0.0
0.0
0.0
0.0
0.0
0.0
0.0
0.0
0.0
0.0
0.0
0.0
0.0
0.0
0.0
0.0
0.0
0.0
0.0
0.0
0.0
0.0
0.0
0.0
0.0
0.0
0.0
0.0
0.0
0.0
0.0
0.0
0.0
0.0
0.0
0.0
0.0
0.0
0.0
0.0
0.0
0.0
0.0
0.0
0.0
0.0
0.0
0.0
0.0
0.0
0.0
0.0
0.0
0.0
0.0
0.0
0.0
0.0
0.0
0.0
0.0
0.0
0.0
0.0
0.0
0.0
0.0
0.0
0.0
0.0
0.0
0.0
0.0
0.0
0.0
0.0
0.0
0.0
0.0
0.0
0.0
0.0
0.0
0.0
0.0
0.0
0.0
0.0
0.0
0.0
0.0
0.0
0.0
0.0
0.0
0.0
0.0
0.0
0.0
0.0
0.0
0.0
0.0
0.0
0.0
0.0
0.0
0.0
0.0
0.0
0.0
0.0
0.0
0.0
0.0
0.0
0.0
0.0
0.0
0.0
0.0
0.0
0.0
0.0
0.0
0.0
0.0
0.0
0.0
0.0
0.0
0.0
0.0
0.0
0.0
0.0
0.0
0.0
0.0
0.0
0.0
0.0
0.0
0.0
0.0
0.0
0.0
0.0
0.0
0.0
0.0
0.0
0.0
0.0
0.0
0.0
0.0
0.0
0.0
0.0
0.0
0.0
0.0
0.0
0.0
0.0
0.0
0.0
0.0
0.0
0.0
0.0
0.0
0.0
0.0
0.0
0.0
0.0
0.0
0.0
0.0
0.0
0.0
0.0
0.0
0.0
0.0
0.0
0.0
0.0
0.0
0.0
0.0
0.0
0.0
0.0
0.0
0.0
0.0
0.0
0.0
0.0
0.0
0.0
0.0
0.0
0.0
0.0
0.0
0.0
0.0
0.0
0.0
0.0
0.0
0.0
0.0
0.0
0.0
0.0
0.0
0.0
0.0
0.0
0.0
0.0
0.0
0.0
0.0
0.0
0.0
0.0
0.0
0.0
0.0
0.0
0.0
0.0
0.0
0.0
0.0
0.0
0.0
0.0
0.0
0.0
0.0
0.0
0.0
0.0
0.0
0.0
0.0
0.0
0.0
0.0
0.0
0.0
0.0
0.0
0.0
0.0
0.0
0.0
0.0
0.0
0.0
0.0
0.0
0.0
0.0
0.0
0.0
0.0
0.0
0.0
0.0
0.0
0.0
0.0
0.0
0.0
0.0
0.0
0.0
0.0
0.0
0.0
0.0
0.0
0.0
0.0
0.0
0.0
0.0
0.0
0.0
0.0
0.0
0.0
0.0
0.0
0.0
0.0
0.0
0.0
0.0
0.0
0.0
0.0
0.0
0.0
0.0
0.0
0.0
0.0
0.0
0.0
0.0
0.0
0.0
0.0
0.0
0.0
0.0
0.0
0.0
0.0
0.0
0.0
0.0
0.0
0.0
0.0
0.0
0.0
0.0
0.0
0.0
0.0
0.0
0.0
0.0
0.0
0.0
0.0
0.0
0.0
0.0
0.0
0.0
0.0
0.0
0.0
0.0
0.0
0.0
0.0
0.0
0.0
0.0
0.0
0.0
0.0
0.0
0.0
0.0
0.0
0.0
0.0
0.0
0.0
0.0
0.0
0.0
0.0
0.0
0.0
0.0
0.0
0.0
0.0
0.0
0.0
0.0
0.0
0.0
0.0
0.0
0.0
0.0
0.0
0.0
0.0
0.0
0.0
0.0
0.0
0.0
0.0
0.0
0.0
0.0
0.0
0.0
0.0
0.0
0.0
0.0
0.0
0.0
0.0
0.0
0.0
0.0
0.0
0.0
0.0
0.0
0.0
0.0
0.0
0.0
0.0
0.0
0.0
0.0
0.0
0.0
0.0
0.0
0.0
0.0
0.0
0.0
0.0
0.0
0.0
0.0
0.0
0.0
0.0
0.0
0.0
0.0
0.0
0.0
0.0
0.0
0.0
0.0
0.0
0.0
0.0
0.0
0.0
0.0
0.0
0.0
0.0
0.0
0.0
0.0
0.0
0.0
0.0
0.0
0.0
0.0
0.0
0.0
0.0
0.0
0.0
0.0
0.0
0.0
0.0
0.0
0.0
0.0
0.0
0.0
0.0
0.0
0.0
0.0
0.0
0.0
0.0
0.0
0.0
0.0
0.0
0.0
0.0
0.0
0.0
0.0
0.0
0.0
0.0
0.0
0.0
0.0
0.0
0.0
0.0
0.0
0.0
0.0
0.0
0.0
0.0
0.0
0.0
0.0
0.0
0.0
0.0
0.0
0.0
0.0
0.0
0.0
0.0
0.0
0.0
0.0
0.0
0.0
0.0
0.0
0.0
0.0
0.0
0.0
0.0
0.0
0.0
0.0
0.0
0.0
0.0
0.0
0.0
0.0
0.0
0.0
0.0
0.0
0.0
0.0
0.0
0.0
0.0
0.0
0.0
0.0
0.0
0.0
0.0
0.0
0.0
0.0
0.0
0.0
0.0
0.0
0.0
0.0
0.0
0.0
0.0
0.0
0.0
0.0
0.0
0.0
0.0
0.0
0.0
0.0
0.0
0.0
0.0
0.0
0.0
0.0
0.0
0.0
0.0
0.0
0.0
0.0
0.0
0.0
0.0
0.0
0.0
0.0
0.0
0.0
0.0
0.0
0.0
0.0
0.0
0.0
0.0
0.0
0.0
0.0
0.0
0.0
0.0
0.0
0.0
0.0
0.0
0.0
0.0
0.0
0.0
0.0
0.0
0.0
0.0
0.0
0.0
0.0
0.0
0.0
0.0
0.0
0.0
0.0
0.0
0.0
0.0
0.0
0.0
0.0
0.0
0.0
0.0
0.0
0.0
0.0
0.0
0.0
0.0
0.0
0.0
0.0
0.0
0.0
0.0
0.0
0.0
0.0
0.0
0.0
0.0
0.0
0.0
0.0
0.0
0.0
0.0
0.0
0.0
0.0
0.0
0.0
0.0
0.0
0.0
0.0
0.0
0.0
0.0
0.0
0.0
0.0
0.0
0.0
0.0
0.0
0.0
0.0
0.0
0.0
0.0
0.0
0.0
0.0
0.0
0.0
0.0
0.0
0.0
0.0
0.0
0.0
0.0
0.0
0.0
0.0
0.0
0.0
0.0
0.0
0.0
0.0
0.0
0.0
0.0
0.0
0.0
0.0
0.0
0.0
0.0
0.0
0.0
0.0
0.0
0.0
0.0
0.0
0.0
0.0
0.0
0.0
0.0
0.0
0.0
0.0
0.0
0.0
0.0
0.0
0.0
0.0
0.0
0.0
0.0
0.0
0.0
0.0
0.0
0.0
0.0
0.0
0.0
0.0
0.0
0.0
0.0
0.0
0.0
0.0
0.0
0.0
0.0
0.0
0.0
0.0
0.0
0.0
0.0
0.0
0.0
0.0
0.0
0.0
0.0
0.0
0.0
0.0
0.0
0.0
0.0
0.0
0.0
0.0
0.0
0.0
0.0
0.0
0.0
0.0
0.0
0.0
0.0
0.0
0.0
0.0
0.0
0.0
0.0
0.0
0.0
0.0
0.0
0.0
0.0
0.0
0.0
0.0
0.0
0.0
0.0
0.0
0.0
0.0
0.0
0.0
0.0
0.0
0.0
0.0
0.0
0.0
0.0
0.0
0.0
0.0
0.0
0.0
0.0
0.0
0.0
0.0
0.0
0.0
0.0
0.0
0.0
0.0
0.0
0.0
0.0
0.0
0.0
0.0
0.0
0.0
0.0
0.0
0.0
0.0
0.0
0.0
0.0
0.0
0.0
0.0
0.0
0.0
0.0
0.0
0.0
0.0
0.0
0.0
0.0
0.0
0.0
0.0
0.0
0.0
0.0
0.0
0.0
0.0
0.0
0.0
0.0
0.0
0.0
0.0
0.0
0.0
0.0
0.0
0.0
0.0
0.0
0.0
0.0
0.0
0.0
0.0
0.0
0.0
0.0
0.0
0.0
0.0
0.0
0.0
0.0
0.0
0.0
0.0
0.0
0.0
0.0
0.0
0.0
0.0
0.0
0.0
0.0
0.0
0.0
0.0
0.0
0.0
0.0
0.0
0.0
0.0
0.0
0.0
0.0
0.0
0.0
0.0
0.0
0.0
0.0
0.0
0.0
0.0
0.0
0.0
0.0
0.0
0.0
0.0
0.0
0.0
0.0
0.0
0.0
0.0
0.0
0.0
0.0
0.0
0.0
0.0
0.0
0.0
0.0
0.0
0.0
0.0
0.0
0.0
0.0
0.0
0.0
0.0
0.0
0.0
0.0
0.0
0.0
0.0
0.0
0.0
0.0
0.0
0.0
0.0
0.0
0.0
0.0
0.0
0.0
0.0
0.0
0.0
0.0
0.0
0.0
0.0
0.0
0.0
0.0
0.0
0.0
0.0
0.0
0.0
0.0
0.0
0.0
0.0
0.0
0.0
0.0
0.0
0.0
0.0
0.0
0.0
0.0
0.0
0.0
0.0
0.0
0.0
0.0
0.0
0.0
0.0
0.0
0.0
0.0
0.0
0.0
0.0
0.0
0.0
0.0
0.0
0.0
0.0
0.0
0.0
0.0
0.0
0.0
0.0
0.0
0.0
0.0
0.0
0.0
0.0
0.0
0.0
0.0
0.0
0.0
0.0
0.0
0.0
0.0
0.0
0.0
0.0
0.0
0.0
0.0
0.0
0.0
0.0
0.0
0.0
0.0
0.0
0.0
0.0
0.0
0.0
0.0
0.0
0.0
0.0
0.0
0.0
0.0
0.0
0.0
0.0
0.0
0.0
0.0
0.0
0.0
0.0
0.0
0.0
0.0
0.0
0.0
0.0
0.0
0.0
0.0
0.0
0.0
0.0
0.0
0.0
0.0
0.0
0.0
0.0
0.0
0.0
0.0
0.0
0.0
0.0
0.0
0.0
0.0
0.0
0.0
0.0
0.0
0.0
0.0
0.0
0.0
0.0
0.0
0.0
0.0
0.0
0.0
0.0
0.0
0.0
0.0
0.0
0.0
0.0
0.0
0.0
0.0
0.0
0.0
0.0
0.0
0.0
0.0
0.0
0.0
0.0
0.0
0.0
0.0
0.0
0.0
0.0
0.0
0.0
0.0
0.0
0.0
0.0
0.0
0.0
0.0
0.0
0.0
0.0
0.0
0.0
0.0
0.0
0.0
0.0
0.0
0.0
0.0
0.0
0.0
0.0
0.0
0.0
0.0
0.0
0.0
0.0
0.0
0.0
0.0
0.0
0.0
0.0
0.0
0.0
0.0
0.0
0.0
0.0
0.0
0.0
0.0
0.0
0.0
0.0
0.0
0.0
0.0
0.0
0.0
0.0
0.0
0.0
0.0
0.0
0.0
0.0
0.0
0.0
0.0
0.0
0.0
0.0
0.0
0.0
0.0
0.0
0.0
0.0
0.0
0.0
0.0
0.0
0.0
0.0
0.0
0.0
0.0
0.0
0.0
0.0
0.0
0.0
0.0
0.0
0.0
0.0
0.0
0.0
0.0
0.0
0.0
0.0
0.0
0.0
0.0
0.0
0.0
0.0
0.0
0.0
0.0
0.0
0.0
0.0
0.0
0.0
0.0
0.0
0.0
0.0
0.0
0.0
0.0
0.0
0.0
0.0
0.0
0.0
0.0
0.0
0.0
0.0
0.0
0.0
0.0
0.0
0.0
0.0
0.0
0.0
0.0
0.0
0.0
0.0
0.0
0.0
0.0
0.0
0.0
0.0
0.0
0.0
0.0
0.0
0.0
0.0
0.0
0.0
0.0
0.0
0.0
0.0
0.0
0.0
0.0
0.0
0.0
0.0
0.0
0.0
0.0
0.0
0.0
0.0
0.0
0.0
0.0
0.0
0.0
0.0
0.0
0.0
0.0
0.0
0.0
0.0
0.0
0.0
0.0
0.0
0.0
0.0
0.0
0.0
0.0
0.0
0.0
0.0
0.0
0.0
0.0
0.0
0.0
0.0
0.0
0.0
0.0
0.0
0.0
0.0
0.0
0.0
0.0
0.0
0.0
0.0
0.0
0.0
0.0
0.0
0.0
0.0
0.0
0.0
0.0
0.0
0.0
0.0
0.0
0.0
0.0
0.0
0.0
0.0
0.0
0.0
0.0
0.0
0.0
0.0
0.0
0.0
0.0
0.0
0.0
0.0
0.0
0.0
0.0
0.0
0.0
0.0
0.0
0.0
0.0
0.0
0.0
0.0
0.0
0.0
0.0
0.0
0.0
0.0
0.0
0.0
0.0
0.0
0.0
0.0
0.0
0.0
0.0
0.0
0.0
0.0
0.0
0.0
0.0
0.0
0.0
0.0
0.0
0.0
0.0
0.0
0.0
0.0
0.0
0.0
0.0
0.0
0.0
0.0
0.0
0.0
0.0
0.0
0.0
0.0
0.0
0.0
0.0
0.0
0.0
0.0
0.0
0.0
0.0
0.0
0.0
0.0
0.0
0.0
0.0
0.0
0.0
0.0
0.0
0.0
0.0
0.0
0.0
0.0
0.0
0.0
0.0
0.0
0.0
0.0
0.0
0.0
0.0
0.0
0.0
0.0
0.0
0.0
0.0
0.0
0.0
0.0
0.0
0.0
0.0
0.0
0.0
0.0
0.0
0.0
0.0
0.0
0.0
0.0
0.0
0.0
0.0
0.0
0.0
0.0
0.0
0.0
0.0
0.0
0.0
0.0
0.0
0.0
0.0
0.0
0.0
0.0
0.0
0.0
0.0
0.0
0.0
0.0
0.0
0.0
0.0
0.0
0.0
0.0
0.0
0.0
0.0
0.0
0.0
0.0
0.0
0.0
0.0
0.0
0.0
0.0
0.0
0.0
0.0
0.0
0.0
0.0
0.0
0.0
0.0
0.0
0.0
0.0
0.0
0.0
0.0
0.0
0.0
0.0
0.0
0.0
0.0
0.0
0.0
0.0
0.0
0.0
0.0
0.0
0.0
0.0
0.0
0.0
0.0
0.0
0.0
0.0
0.0
0.0
0.0
0.0
0.0
0.0
0.0
0.0
0.0
0.0
0.0
0.0
0.0
0.0
0.0
0.0
0.0
0.0
0.0
0.0
0.0
0.0
0.0
0.0
0.0
0.0
0.0
0.0
0.0
0.0
0.0
0.0
0.0
0.0
0.0
0.0
0.0
0.0
0.0
0.0
0.0
0.0
0.0
0.0
0.0
0.0
0.0
0.0
0.0
0.0
0.0
0.0
0.0
0.0
0.0
0.0
0.0
0.0
0.0
0.0
0.0
0.0
0.0
0.0
0.0
0.0
0.0
0.0
0.0
0.0
0.0
0.0
0.0
0.0
0.0
0.0
0.0
0.0
0.0
0.0
0.0
0.0
0.0
0.0
0.0
0.0
0.0
0.0
0.0
0.0
0.0
0.0
0.0
0.0
0.0
0.0
0.0
0.0
0.0
0.0
0.0
0.0
0.0
0.0
0.0
0.0
0.0
0.0
0.0
0.0
0.0
0.0
0.0
0.0
0.0
0.0
0.0
0.0
0.0
0.0
0.0
0.0
0.0
0.0
0.0
0.0
0.0
0.0
0.0
0.0
0.0
0.0
0.0
0.0
0.0
0.0
0.0
0.0
0.0
0.0
0.0
0.0
0.0
0.0
0.0
0.0
0.0
0.0
0.0
0.0
0.0
0.0
0.0
0.0
0.0
0.0
0.0
0.0
0.0
0.0
0.0
0.0
0.0
0.0
0.0
0.0
0.0
0.0
0.0
0.0
0.0
0.0
0.0
0.0
0.0
0.0
0.0
0.0
0.0
0.0
0.0
0.0
0.0
0.0
0.0
0.0
0.0
0.0
0.0
0.0
0.0
0.0
0.0
0.0
0.0
0.0
0.0
0.0
0.0
0.0
0.0
0.0
0.0
0.0
0.0
0.0
0.0
0.0
0.0
0.0
0.0
0.0
0.0
0.0
0.0
0.0
0.0
0.0
0.0
0.0
0.0
0.0
0.0
0.0
0.0
0.0
0.0
0.0
0.0
0.0
0.0
0.0
0.0
0.0
0.0
0.0
0.0
0.0
0.0
0.0
0.0
0.0
0.0
0.0
0.0
0.0
0.0
0.0
0.0
0.0
0.0
0.0
0.0
0.0
0.0
0.0
0.0
0.0
0.0
0.0
0.0
0.0
0.0
0.0
0.0
0.0
0.0
0.0
0.0
0.0
0.0
0.0
0.0
0.0
0.0
0.0
0.0
0.0
0.0
0.0
0.0
0.0
0.0
0.0
0.0
0.0
0.0
0.0
0.0
0.0
0.0
0.0
0.0
0.0
0.0
0.0
0.0
0.0
0.0
0.0
0.0
0.0
0.0
0.0
0.0
0.0
0.0
0.0
0.0
0.0
0.0
0.0
0.0
0.0
0.0
0.0
0.0
0.0
0.0
0.0
0.0
0.0
0.0
0.0
0.0
0.0
0.0
0.0
0.0
0.0
0.0
0.0
0.0
0.0
0.0
0.0
0.0
0.0
0.0
0.0
0.0
0.0
0.0
0.0
0.0
0.0
0.0
0.0
0.0
0.0
0.0
0.0
0.0
0.0
0.0
0.0
0.0
0.0
0.0
0.0
0.0
0.0
0.0
0.0
0.0
0.0
0.0
0.0
0.0
0.0
0.0
0.0
0.0
0.0
0.0
0.0
0.0
0.0
0.0
0.0
0.0
0.0
0.0
0.0
0.0
0.0
0.0
0.0
0.0
0.0
0.0
0.0
0.0
0.0
0.0
0.0
0.0
0.0
0.0
0.0
0.0
0.0
0.0
0.0
0.0
0.0
0.0
0.0
0.0
0.0
0.0
0.0
0.0
0.0
0.0
0.0
0.0
0.0
0.0
0.0
0.0
0.0
0.0
0.0
0.0
0.0
0.0
0.0
0.0
0.0
0.0
0.0
0.0
0.0
0.0
0.0
0.0
0.0
0.0
0.0
0.0
0.0
0.0
0.0
0.0
0.0
0.0
0.0
0.0
0.0
0.0
0.0
0.0
0.0
0.0
0.0
0.0
0.0
0.0
0.0
0.0
0.0
0.0
0.0
0.0
0.0
0.0
0.0
0.0
0.0
0.0
0.0
0.0
0.0
0.0
0.0
0.0
0.0
0.0
0.0
0.0
0.0
0.0
0.0
0.0
0.0
0.0
0.0
0.0
0.0
0.0
0.0
0.0
0.0
0.0
0.0
0.0
0.0
0.0
0.0
0.0
0.0
0.0
0.0
0.0
0.0
0.0
0.0
0.0
0.0
0.0
0.0
0.0
0.0
0.0
0.0
0.0
0.0
0.0
0.0
0.0
0.0
0.0
0.0
0.0
0.0
0.0
0.0
0.0
0.0
0.0
0.0
0.0
0.0
0.0
0.0
0.0
0.0
0.0
0.0
0.0
0.0
0.0
0.0
0.0
0.0
0.0
0.0
0.0
0.0
0.0
0.0
0.0
0.0
0.0
0.0
0.0
0.0
0.0
0.0
0.0
0.0
0.0
0.0
0.0
0.0
0.0
0.0
0.0
0.0
0.0
0.0
0.0
0.0
0.0
0.0
0.0
0.0
0.0
0.0
0.0
0.0
0.0
0.0
0.0
0.0
0.0
0.0
0.0
0.0
0.0
0.0
0.0
0.0
0.0
0.0
0.0
0.0
0.0
0.0
0.0
0.0
0.0
0.0
0.0
0.0
0.0
0.0
0.0
0.0
0.0
0.0
0.0
0.0
0.0
0.0
0.0
0.0
0.0
0.0
0.0
0.0
0.0
0.0
0.0
0.0
0.0
0.0
0.0
0.0
0.0
0.0
0.0
0.0
0.0
0.0
0.0
0.0
0.0
0.0
0.0
0.0
0.0
0.0
0.0
0.0
0.0
0.0
0.0
0.0
0.0
0.0
0.0
0.0
0.0
0.0
0.0
0.0
0.0
0.0
0.0
0.0
0.0
0.0
0.0
0.0
0.0
0.0
0.0
0.0
0.0
0.0
0.0
0.0
0.0
0.0
0.0
0.0
0.0
0.0
0.0
0.0
0.0
0.0
0.0
0.0
0.0
0.0
0.0
0.0
0.0
0.0
0.0
0.0
0.0
0.0
0.0
0.0
0.0
0.0
0.0
0.0
0.0
0.0
0.0
0.0
0.0
0.0
0.0
0.0
0.0
0.0
0.0
0.0
0.0
0.0
0.0
0.0
0.0
0.0
0.0
0.0
0.0
0.0
0.0
0.0
0.0
0.0
0.0
0.0
0.0
0.0
0.0
0.0
0.0
0.0
0.0
0.0
0.0
0.0
0.0
0.0
0.0
0.0
0.0
0.0
0.0
0.0
0.0
0.0
0.0
0.0
0.0
0.0
0.0
0.0
0.0
0.0
0.0
0.0
0.0
0.0
0.0
0.0
0.0
0.0
0.0
0.0
0.0
0.0
0.0
0.0
0.0
0.0
0.0
0.0
0.0
0.0
0.0
0.0
0.0
0.0
0.0
0.0
0.0
0.0
0.0
0.0
0.0
0.0
0.0
0.0
0.0
0.0
0.0
0.0
0.0
0.0
0.0
0.0
0.0
0.0
0.0
0.0
0.0
0.0
0.0
0.0
0.0
0.0
0.0
0.0
0.0
0.0
0.0
0.0
0.0
0.0
0.0
0.0
0.0
0.0
0.0
0.0
0.0
0.0
0.0
0.0
0.0
0.0
0.0
0.0
0.0
0.0
0.0
0.0
0.0
0.0
0.0
0.0
0.0
0.0
0.0
0.0
0.0
0.0
0.0
0.0
0.0
0.0
0.0
0.0
0.0
0.0
0.0
0.0
0.0
0.0
0.0
0.0
0.0
0.0
0.0
0.0
0.0
0.0
0.0
0.0
0.0
0.0
0.0
0.0
0.0
0.0
0.0
0.0
0.0
0.0
0.0
0.0
0.0
0.0
0.0
0.0
0.0
0.0
0.0
0.0
0.0
0.0
0.0
0.0
0.0
0.0
0.0
0.0
0.0
0.0
0.0
0.0
0.0
0.0
0.0
0.0
0.0
0.0
0.0
0.0
0.0
0.0
0.0
0.0
0.0
0.0
0.0
0.0
0.0
0.0
0.0
0.0
0.0
0.0
0.0
0.0
0.0
0.0
0.0
0.0
0.0
0.0
0.0
0.0
0.0
0.0
0.0
0.0
0.0
0.0
0.0
0.0
0.0
0.0
0.0
0.0
0.0
0.0
0.0
0.0
0.0
0.0
0.0
0.0
0.0
0.0
0.0
0.0
0.0
0.0
0.0
0.0
0.0
0.0
0.0
0.0
0.0
0.0
0.0
0.0
0.0
0.0
0.0
0.0
0.0
0.0
0.0
0.0
0.0
0.0
0.0
0.0
0.0
0.0
0.0
0.0
0.0
0.0
0.0
0.0
0.0
0.0
0.0
0.0
0.0
0.0
0.0
0.0
0.0
0.0
0.0
0.0
0.0
0.0
0.0
0.0
0.0
0.0
0.0
0.0
0.0
0.0
0.0
0.0
0.0
0.0
0.0
0.0
0.0
0.0
0.0
0.0
0.0
0.0
0.0
0.0
0.0
0.0
0.0
0.0
0.0
0.0
0.0
0.0
0.0
0.0
0.0
0.0
0.0
0.0
0.0
0.0
0.0
0.0
0.0
0.0
0.0
0.0
0.0
0.0
0.0
0.0
0.0
0.0
0.0
0.0
0.0
0.0
0.0
0.0
0.0
0.0
0.0
0.0
0.0
0.0
0.0
0.0
0.0
0.0
0.0
0.0
0.0
0.0
0.0
0.0
0.0
0.0
0.0
0.0
0.0
0.0
0.0
0.0
0.0
0.0
0.0
0.0
0.0
0.0
0.0
0.0
0.0
0.0
0.0
0.0
0.0
0.0
0.0
0.0
0.0
0.0
0.0
0.0
0.0
0.0
0.0
0.0
0.0
0.0
0.0
0.0
0.0
0.0
0.0
0.0
0.0
0.0
0.0
0.0
0.0
0.0
0.0
0.0
0.0
0.0
0.0
0.0
0.0
0.0
0.0
0.0
0.0
0.0
0.0
0.0
0.0
0.0
0.0
0.0
0.0
0.0
0.0
0.0
0.0
0.0
0.0
0.0
0.0
0.0
0.0
0.0
0.0
0.0
0.0
0.0
0.0
0.0
0.0
0.0
0.0
0.0
0.0
0.0
0.0
0.0
0.0
0.0
0.0
0.0
0.0
0.0
0.0
0.0
0.0
0.0
0.0
0.0
0.0
0.0
0.0
0.0
0.0
0.0
0.0
0.0
0.0
0.0
0.0
0.0
0.0
0.0
0.0
0.0
0.0
0.0
0.0
0.0
0.0
0.0
0.0
0.0
0.0
0.0
0.0
0.0
0.0
0.0
0.0
0.0
0.0
0.0
0.0
0.0
0.0
0.0
0.0
0.0
0.0
0.0
0.0
0.0
0.0
0.0
0.0
0.0
0.0
0.0
0.0
0.0
0.0
0.0
0.0
0.0
0.0
0.0
0.0
0.0
0.0
0.0
0.0
0.0
0.0
0.0
0.0
0.0
0.0
0.0
0.0
0.0
0.0
0.0
0.0
0.0
0.0
0.0
0.0
0.0
0.0
0.0
0.0
0.0
0.0
0.0
0.0
0.0
0.0
0.0
0.0
0.0
0.0
0.0
0.0
0.0
0.0
0.0
0.0
0.0
0.0
0.0
0.0
0.0
0.0
0.0
0.0
0.0
0.0
0.0
0.0
0.0
0.0
0.0
0.0
0.0
0.0
0.0
0.0
0.0
0.0
0.0
0.0
0.0
0.0
0.0
0.0
0.0
0.0
0.0
0.0
0.0
0.0
0.0
0.0
0.0
0.0
0.0
0.0
0.0
0.0
0.0
0.0
0.0
0.0
0.0
0.0
0.0
0.0
0.0
0.0
0.0
0.0
0.0
0.0
0.0
0.0
0.0
0.0
0.0
0.0
0.0
0.0
0.0
0.0
0.0
0.0
0.0
0.0
0.0
0.0
0.0
0.0
0.0
0.0
0.0
0.0
0.0
0.0
0.0
0.0
0.0
0.0
0.0
0.0
0.0
0.0
0.0
0.0
0.0
0.0
0.0
0.0
0.0
0.0
0.0
0.0
0.0
0.0
0.0
0.0
0.0
0.0
0.0
0.0
0.0
0.0
0.0
0.0
0.0
0.0
0.0
0.0
0.0
0.0
0.0
0.0
0.0
0.0
0.0
0.0
0.0
0.0
0.0
0.0
0.0
0.0
0.0
0.0
0.0
0.0
0.0
0.0
0.0
0.0
0.0
0.0
0.0
0.0
0.0
0.0
0.0
0.0
0.0
0.0
0.0
0.0
0.0
0.0
0.0
0.0
0.0
0.0
0.0
0.0
0.0
0.0
0.0
0.0
0.0
0.0
0.0
0.0
0.0
0.0
0.0
0.0
0.0
0.0
0.0
0.0
0.0
0.0
0.0
0.0
0.0
0.0
0.0
0.0
0.0
0.0
0.0
0.0
0.0
0.0
0.0
0.0
0.0
0.0
0.0
0.0
0.0
0.0
0.0
0.0
0.0
0.0
0.0
0.0
0.0
0.0
0.0
0.0
0.0
0.0
0.0
0.0
0.0
0.0
0.0
0.0
0.0
0.0
0.0
0.0
0.0
0.0
0.0
0.0
0.0
0.0
0.0
0.0
0.0
0.0
0.0
0.0
0.0
0.0
0.0
0.0
0.0
0.0
0.0
0.0
0.0
0.0
0.0
0.0
0.0
0.0
0.0
0.0
0.0
0.0
0.0
0.0
0.0
0.0
0.0
0.0
0.0
0.0
0.0
0.0
0.0
0.0
0.0
0.0
0.0
0.0
0.0
0.0
0.0
0.0
0.0
0.0
0.0
0.0
0.0
0.0
0.0
0.0
0.0
0.0
0.0
0.0
0.0
0.0
0.0
0.0
0.0
0.0
0.0
0.0
0.0
0.0
0.0
0.0
0.0
0.0
0.0
0.0
0.0
0.0
0.0
0.0
0.0
0.0
0.0
0.0
0.0
0.0
0.0
0.0
0.0
0.0
0.0
0.0
0.0
0.0
0.0
0.0
0.0
0.0
0.0
0.0
0.0
0.0
0.0
0.0
0.0
0.0
0.0
0.0
0.0
0.0
0.0
0.0
0.0
0.0
0.0
0.0
0.0
0.0
0.0
0.0
0.0
0.0
0.0
0.0
0.0
0.0
0.0
0.0
0.0
0.0
0.0
0.0
0.0
0.0
0.0
0.0
0.0
0.0
0.0
0.0
0.0
0.0
0.0
0.0
0.0
0.0
0.0
0.0
0.0
0.0
0.0
0.0
0.0
0.0
0.0
0.0
0.0
0.0
0.0
0.0
0.0
0.0
0.0
0.0
0.0
0.0
0.0
0.0
0.0
0.0
0.0
0.0
0.0
0.0
0.0
0.0
0.0
0.0
0.0
0.0
0.0
0.0
0.0
0.0
0.0
0.0
0.0
0.0
0.0
0.0
0.0
0.0
0.0
0.0
0.0
0.0
0.0
0.0
0.0
0.0
0.0
0.0
0.0
0.0
0.0
0.0
0.0
0.0
0.0
0.0
0.0
0.0
0.0
0.0
0.0
0.0
0.0
0.0
0.0
0.0
0.0
0.0
0.0
0.0
0.0
0.0
0.0
0.0
0.0
0.0
0.0
0.0
0.0
0.0
0.0
0.0
0.0
0.0
0.0
0.0
0.0
0.0
0.0
0.0
0.0
0.0
0.0
0.0
0.0
0.0
0.0
0.0
0.0
0.0
0.0
0.0
0.0
0.0
0.0
0.0
0.0
0.0
0.0
0.0
0.0
0.0
0.0
0.0
0.0
0.0
0.0
0.0
0.0
0.0
0.0
0.0
0.0
0.0
0.0
0.0
0.0
0.0
0.0
0.0
0.0
0.0
0.0
0.0
0.0
0.0
0.0
0.0
0.0
0.0
0.0
0.0
0.0
0.0
0.0
0.0
0.0
0.0
0.0
0.0
0.0
0.0
0.0
0.0
0.0
0.0
0.0
0.0
0.0
0.0
0.0
0.0
0.0
0.0
0.0
0.0
0.0
0.0
0.0
0.0
0.0
0.0
0.0
0.0
0.0
0.0
0.0
0.0
0.0
0.0
0.0
0.0
0.0
0.0
0.0
0.0
0.0
0.0
0.0
0.0
0.0
0.0
0.0
0.0
0.0
0.0
0.0
0.0
0.0
0.0
0.0
0.0
0.0
0.0
0.0
0.0
0.0
0.0
0.0
0.0
0.0
0.0
0.0
0.0
0.0
0.0
0.0
0.0
0.0
0.0
0.0
0.0
0.0
0.0
0.0
0.0
0.0
0.0
0.0
0.0
0.0
0.0
0.0
0.0
0.0
0.0
0.0
0.0
0.0
0.0
0.0
0.0
0.0
0.0
0.0
0.0
0.0
0.0
0.0
0.0
0.0
0.0
0.0
0.0
0.0
0.0
0.0
0.0
0.0
0.0
0.0
0.0
0.0
0.0
0.0
0.0
0.0
0.0
0.0
0.0
0.0
0.0
0.0
0.0
0.0
0.0
0.0
0.0
0.0
0.0
0.0
0.0
0.0
0.0
0.0
0.0
0.0
0.0
0.0
0.0
0.0
0.0
0.0
0.0
0.0
0.0
0.0
0.0
0.0
0.0
0.0
0.0
0.0
0.0
0.0
0.0
0.0
0.0
0.0
0.0
0.0
0.0
0.0
0.0
0.0
0.0
0.0
0.0
0.0
0.0
0.0
0.0
0.0
0.0
0.0
0.0
0.0
0.0
0.0
0.0
0.0
0.0
0.0
0.0
0.0
0.0
0.0
0.0
0.0
0.0
0.0
0.0
0.0
0.0
0.0
0.0
0.0
0.0
0.0
0.0
0.0
0.0
0.0
0.0
0.0
0.0
0.0
0.0
0.0
0.0
0.0
0.0
0.0
0.0
0.0
0.0
0.0
0.0
0.0
0.0
0.0
0.0
0.0
0.0
0.0
0.0
0.0
0.0
0.0
0.0
0.0
0.0
0.0
0.0
0.0
0.0
0.0
0.0
0.0
0.0
0.0
0.0
0.0
0.0
0.0
0.0
0.0
0.0
0.0
0.0
0.0
0.0
0.0
0.0
0.0
0.0
0.0
0.0
0.0
0.0
0.0
0.0
0.0
0.0
0.0
0.0
0.0
0.0
0.0
0.0
0.0
0.0
0.0
0.0
0.0
0.0
0.0
0.0
0.0
0.0
0.0
0.0
0.0
0.0
0.0
0.0
0.0
0.0
0.0
0.0
0.0
0.0
0.0
0.0
0.0
0.0
0.0
0.0
0.0
0.0
0.0
0.0
0.0
0.0
0.0
0.0
0.0
0.0
0.0
0.0
0.0
0.0
0.0
0.0
0.0
0.0
0.0
0.0
0.0
0.0
0.0
0.0
0.0
0.0
0.0
0.0
0.0
0.0
0.0
0.0
0.0
0.0
0.0
0.0
0.0
0.0
0.0
0.0
0.0
0.0
0.0
0.0
0.0
0.0
0.0
0.0
0.0
0.0
0.0
0.0
0.0
0.0
0.0
0.0
0.0
0.0
0.0
0.0
0.0
0.0
0.0
0.0
0.0
0.0
0.0
0.0
0.0
0.0
0.0
0.0
0.0
0.0
0.0
0.0
0.0
0.0
0.0
0.0
0.0
0.0
0.0
0.0
0.0
0.0
0.0
0.0
0.0
0.0
0.0
0.0
0.0
0.0
0.0
0.0
0.0
0.0
0.0
0.0
0.0
0.0
0.0
0.0
0.0
0.0
0.0
0.0
0.0
0.0
0.0
0.0
0.0
0.0
0.0
0.0
0.0
0.0
0.0
0.0
0.0
0.0
0.0
0.0
0.0
0.0
0.0
0.0
0.0
0.0
0.0
0.0
0.0
0.0
0.0
0.0
0.0
0.0
0.0
0.0
0.0
0.0
0.0
0.0
0.0
0.0
0.0
0.0
0.0
0.0
0.0
0.0
0.0
0.0
0.0
0.0
0.0
0.0
0.0
0.0
0.0
0.0
0.0
0.0
0.0
0.0
0.0
0.0
0.0
0.0
0.0
0.0
0.0
0.0
0.0
0.0
0.0
0.0
0.0
0.0
0.0
0.0
0.0
0.0
0.0
0.0
0.0
0.0
0.0
0.0
0.0
0.0
0.0
0.0
0.0
0.0
0.0
0.0
0.0
0.0
0.0
0.0
0.0
0.0
0.0
0.0
0.0
0.0
0.0
0.0
0.0
0.0
0.0
0.0
0.0
0.0
0.0
0.0
0.0
0.0
0.0
0.0
0.0
0.0
0.0
0.0
0.0
0.0
0.0
0.0
0.0
0.0
0.0
0.0
0.0
0.0
0.0
0.0
0.0
0.0
0.0
0.0
0.0
0.0
0.0
0.0
0.0
0.0
0.0
0.0
0.0
0.0
0.0
0.0
0.0
0.0
0.0
0.0
0.0
0.0
0.0
0.0
0.0
0.0
0.0
0.0
0.0
0.0
0.0
0.0
0.0
0.0
0.0
0.0
0.0
0.0
0.0
0.0
0.0
0.0
0.0
0.0
0.0
0.0
0.0
0.0
0.0
0.0
0.0
0.0
0.0
0.0
0.0
0.0
0.0
0.0
0.0
0.0
0.0
0.0
0.0
0.0
0.0
0.0
0.0
0.0
0.0
0.0
0.0
0.0
0.0
0.0
0.0
0.0
0.0
0.0
0.0
0.0
0.0
0.0
0.0
0.0
0.0
0.0
0.0
0.0
0.0
0.0
0.0
0.0
0.0
0.0
0.0
0.0
0.0
0.0
0.0
0.0
0.0
0.0
0.0
0.0
0.0
0.0
0.0
0.0
0.0
0.0
0.0
0.0
0.0
0.0
0.0
0.0
0.0
0.0
0.0
0.0
0.0
0.0
0.0
0.0
0.0
0.0
0.0
0.0
0.0
0.0
0.0
0.0
0.0
0.0
0.0
0.0
0.0
0.0
0.0
0.0
0.0
0.0
0.0
0.0
0.0
0.0
0.0
0.0
0.0
0.0
0.0
0.0
0.0
0.0
0.0
0.0
0.0
0.0
0.0
0.0
0.0
0.0
0.0
0.0
0.0
0.0
0.0
0.0
0.0
0.0
0.0
0.0
0.0
0.0
0.0
0.0
0.0
0.0
0.0
0.0
0.0
0.0
0.0
0.0
0.0
0.0
0.0
0.0
0.0
0.0
0.0
0.0
0.0
0.0
0.0
0.0
0.0
0.0
0.0
0.0
0.0
0.0
0.0
0.0
0.0
0.0
0.0
0.0
0.0
0.0
0.0
0.0
0.0
0.0
0.0
0.0
0.0
0.0
0.0
0.0
0.0
0.0
0.0
0.0
0.0
0.0
0.0
0.0
0.0
0.0
0.0
0.0
0.0
0.0
0.0
0.0
0.0
0.0
0.0
0.0
0.0
0.0
0.0
0.0
0.0
0.0
0.0
0.0
0.0
0.0
0.0
0.0
0.0
0.0
0.0
0.0
0.0
0.0
0.0
0.0
0.0
0.0
0.0
0.0
0.0
0.0
0.0
0.0
0.0
0.0
0.0
0.0
0.0
0.0
0.0
0.0
0.0
0.0
0.0
0.0
0.0
0.0
0.0
0.0
0.0
0.0
0.0
0.0
0.0
0.0
0.0
0.0
0.0
0.0
0.0
0.0
0.0
0.0
0.0
0.0
0.0
0.0
0.0
0.0
0.0
0.0
0.0
0.0
0.0
0.0
0.0
0.0
0.0
0.0
0.0
0.0
0.0
0.0
0.0
0.0
0.0
0.0
0.0
0.0
0.0
0.0
0.0
0.0
0.0
0.0
0.0
0.0
0.0
0.0
0.0
0.0
0.0
0.0
0.0
0.0
0.0
0.0
0.0
0.0
0.0
0.0
0.0
0.0
0.0
0.0
0.0
0.0
0.0
0.0
0.0
0.0
0.0
0.0
0.0
0.0
0.0
0.0
0.0
0.0
0.0
0.0
0.0
0.0
0.0
0.0
0.0
0.0
0.0
0.0
0.0
0.0
0.0
0.0
0.0
0.0
0.0
0.0
0.0
0.0
0.0
0.0
0.0
0.0
0.0
0.0
0.0
0.0
0.0
0.0
0.0
0.0
0.0
0.0
0.0
0.0
0.0
0.0
0.0
0.0
0.0
0.0
0.0
0.0
0.0
0.0
0.0
0.0
0.0
0.0
0.0
0.0
0.0
0.0
0.0
0.0
0.0
0.0
0.0
0.0
0.0
0.0
0.0
0.0
0.0
0.0
0.0
0.0
0.0
0.0
0.0
0.0
0.0
0.0
0.0
0.0
0.0
0.0
0.0
0.0
0.0
0.0
0.0
0.0
0.0
0.0
0.0
0.0
0.0
0.0
0.0
0.0
0.0
0.0
0.0
0.0
0.0
0.0
0.0
0.0
0.0
0.0
0.0
0.0
0.0
0.0
0.0
0.0
0.0
0.0
0.0
0.0
0.0
0.0
0.0
0.0
0.0
0.0
0.0
0.0
0.0
0.0
0.0
0.0
0.0
0.0
0.0
0.0
0.0
0.0
0.0
0.0
0.0
0.0
0.0
0.0
0.0
0.0
0.0
0.0
0.0
0.0
0.0
0.0
0.0
0.0
0.0
0.0
0.0
0.0
0.0
0.0
0.0
0.0
0.0
0.0
0.0
0.0
0.0
0.0
0.0
0.0
0.0
0.0
0.0
0.0
0.0
0.0
0.0
0.0
0.0
0.0
0.0
0.0
0.0
0.0
0.0
0.0
0.0
0.0
0.0
0.0
0.0
0.0
0.0
0.0
0.0
0.0
0.0
0.0
0.0
0.0
0.0
0.0
0.0
0.0
0.0
0.0
0.0
0.0
0.0
0.0
0.0
0.0
0.0
0.0
0.0
0.0
0.0
0.0
0.0
0.0
0.0
0.0
0.0
0.0
0.0
0.0
0.0
0.0
0.0
0.0
0.0
0.0
0.0
0.0
0.0
0.0
0.0
0.0
0.0
0.0
0.0
0.0
0.0
0.0
0.0
0.0
0.0
0.0
0.0
0.0
0.0
0.0
0.0
0.0
0.0
0.0
0.0
0.0
0.0
0.0
0.0
0.0
0.0
0.0
0.0
0.0
0.0
0.0
0.0
0.0
0.0
0.0
0.0
0.0
0.0
0.0
0.0
0.0
0.0
0.0
0.0
0.0
0.0
0.0
0.0
0.0
0.0
0.0
0.0
0.0
0.0
0.0
0.0
0.0
0.0
0.0
0.0
0.0
0.0
0.0
0.0
0.0
0.0
0.0
0.0
0.0
0.0
0.0
0.0
0.0
0.0
0.0
0.0
0.0
0.0
0.0
0.0
0.0
0.0
0.0
0.0
0.0
0.0
0.0
0.0
0.0
0.0
0.0
0.0
0.0
0.0
0.0
0.0
0.0
0.0
0.0
0.0
0.0
0.0
0.0
0.0
0.0
0.0
0.0
0.0
0.0
0.0
0.0
0.0
0.0
0.0
0.0
0.0
0.0
0.0
0.0
0.0
0.0
0.0
0.0
0.0
0.0
0.0
0.0
0.0
0.0
0.0
0.0
0.0
0.0
0.0
0.0
0.0
0.0
0.0
0.0
0.0
0.0
0.0
0.0
0.0
0.0
0.0
0.0
0.0
0.0
0.0
0.0
0.0
0.0
0.0
0.0
0.0
0.0
0.0
0.0
0.0
0.0
0.0
0.0
0.0
0.0
0.0
0.0
0.0
0.0
0.0
0.0
0.0
0.0
0.0
0.0
0.0
0.0
0.0
0.0
0.0
0.0
0.0
0.0
0.0
0.0
0.0
0.0
0.0
0.0
0.0
0.0
0.0
0.0
0.0
0.0
0.0
0.0
0.0
0.0
0.0
0.0
0.0
0.0
0.0
0.0
0.0
0.0
0.0
0.0
0.0
0.0
0.0
0.0
0.0
0.0
0.0
0.0
0.0
0.0
0.0
0.0
0.0
0.0
0.0
0.0
0.0
0.0
0.0
0.0
0.0
0.0
0.0
0.0
0.0
0.0
0.0
0.0
0.0
0.0
0.0
0.0
0.0
0.0
0.0
0.0
0.0
0.0
0.0
0.0
0.0
0.0
0.0
0.0
0.0
0.0
0.0
0.0
0.0
0.0
0.0
0.0
0.0
0.0
0.0
0.0
0.0
0.0
0.0
0.0
0.0
0.0
0.0
0.0
0.0
0.0
0.0
0.0
0.0
0.0
0.0
0.0
0.0
0.0
0.0
0.0
0.0
0.0
0.0
0.0
0.0
0.0
0.0
0.0
0.0
0.0
0.0
0.0
0.0
0.0
0.0
0.0
0.0
0.0
0.0
0.0
0.0
0.0
0.0
0.0
0.0
0.0
0.0
0.0
0.0
0.0
0.0
0.0
0.0
0.0
0.0
0.0
0.0
0.0
0.0
0.0
0.0
0.0
0.0
0.0
0.0
0.0
0.0
0.0
0.0
0.0
0.0
0.0
0.0
0.0
0.0
0.0
0.0
0.0
0.0
0.0
0.0
0.0
0.0
0.0
0.0
0.0
0.0
0.0
0.0
0.0
0.0
0.0
0.0
0.0
0.0
0.0
0.0
0.0
0.0
0.0
0.0
0.0
0.0
0.0
0.0
0.0
0.0
0.0
0.0
0.0
0.0
0.0
0.0
0.0
0.0
0.0
0.0
0.0
0.0
0.0
0.0
0.0
0.0
0.0
0.0
0.0
0.0
0.0
0.0
0.0
0.0
0.0
0.0
0.0
0.0
0.0
0.0
0.0
0.0
0.0
0.0
0.0
0.0
0.0
0.0
0.0
0.0
0.0
0.0
0.0
0.0
0.0
0.0
0.0
0.0
0.0
0.0
0.0
0.0
0.0
0.0
0.0
0.0
0.0
0.0
0.0
0.0
0.0
0.0
0.0
0.0
0.0
0.0
0.0
0.0
0.0
0.0
0.0
0.0
0.0
0.0
0.0
0.0
0.0
0.0
0.0
0.0
0.0
0.0
0.0
0.0
0.0
0.0
0.0
0.0
0.0
0.0
0.0
0.0
0.0
0.0
0.0
0.0
0.0
0.0
0.0
0.0
0.0
0.0
0.0
0.0
0.0
0.0
0.0
0.0
0.0
0.0
0.0
0.0
0.0
0.0
0.0
0.0
0.0
0.0
0.0
0.0
0.0
0.0
0.0
0.0
0.0
0.0
0.0
0.0
0.0
0.0
0.0
0.0
0.0
0.0
0.0
0.0
0.0
0.0
0.0
0.0
0.0
0.0
0.0
0.0
0.0
0.0
0.0
0.0
0.0
0.0
0.0
0.0
0.0
0.0
0.0
0.0
0.0
0.0
0.0
0.0
0.0
0.0
0.0
0.0
0.0
0.0
0.0
0.0
0.0
0.0
0.0
0.0
0.0
0.0
0.0
0.0
0.0
0.0
0.0
0.0
0.0
0.0
0.0
0.0
0.0
0.0
0.0
0.0
0.0
0.0
0.0
0.0
0.0
0.0
0.0
0.0
0.0
0.0
0.0
0.0
0.0
0.0
0.0
0.0
0.0
0.0
0.0
0.0
0.0
0.0
0.0
0.0
0.0
0.0
0.0
0.0
0.0
0.0
0.0
0.0
0.0
0.0
0.0
0.0
0.0
0.0
0.0
0.0
0.0
0.0
0.0
0.0
0.0
0.0
0.0
0.0
0.0
0.0
0.0
0.0
0.0
0.0
0.0
0.0
0.0
0.0
0.0
0.0
0.0
0.0
0.0
0.0
0.0
0.0
0.0
0.0
0.0
0.0
0.0
0.0
0.0
0.0
0.0
0.0
0.0
0.0
0.0
0.0
0.0
0.0
0.0
0.0
0.0
0.0
0.0
0.0
0.0
0.0
0.0
0.0
0.0
0.0
0.0
0.0
0.0
0.0
0.0
0.0
0.0
0.0
0.0
0.0
0.0
0.0
0.0
0.0
0.0
0.0
0.0
0.0
0.0
0.0
0.0
0.0
0.0
0.0
0.0
0.0
0.0
0.0
0.0
0.0
0.0
0.0
0.0
0.0
0.0
0.0
0.0
0.0
0.0
0.0
0.0
0.0
0.0
0.0
0.0
0.0
0.0
0.0
0.0
0.0
0.0
0.0
0.0
0.0
0.0
0.0
0.0
0.0
0.0
0.0
0.0
0.0
0.0
0.0
0.0
0.0
0.0
0.0
0.0
0.0
0.0
0.0
0.0
0.0
0.0
0.0
0.0
0.0
0.0
0.0
0.0
0.0
0.0
0.0
0.0
0.0
0.0
0.0
0.0
0.0
0.0
0.0
0.0
0.0
0.0
0.0
0.0
0.0
0.0
0.0
0.0
0.0
0.0
0.0
0.0
0.0
0.0
0.0
0.0
0.0
0.0
0.0
0.0
0.0
0.0
0.0
0.0
0.0
0.0
0.0
0.0
0.0
0.0
0.0
0.0
0.0
0.0
0.0
0.0
0.0
0.0
0.0
0.0
0.0
0.0
0.0
0.0
0.0
0.0
0.0
0.0
0.0
0.0
0.0
0.0
0.0
0.0
0.0
0.0
0.0
0.0
0.0
0.0
0.0
0.0
0.0
0.0
0.0
0.0
0.0
0.0
0.0
0.0
0.0
0.0
0.0
0.0
0.0
0.0
0.0
0.0
0.0
0.0
0.0
0.0
0.0
0.0
0.0
0.0
0.0
0.0
0.0
0.0
0.0
0.0
0.0
0.0
0.0
0.0
0.0
0.0
0.0
0.0
0.0
0.0
0.0
0.0
0.0
0.0
0.0
0.0
0.0
0.0
0.0
0.0
0.0
0.0
0.0
0.0
0.0
0.0
0.0
0.0
0.0
0.0
0.0
0.0
0.0
0.0
0.0
0.0
0.0
0.0
0.0
0.0
0.0
0.0
0.0
0.0
0.0
0.0
0.0
0.0
0.0
0.0
0.0
0.0
0.0
0.0
0.0
0.0
0.0
0.0
0.0
0.0
0.0
0.0
0.0
0.0
0.0
0.0
0.0
0.0
0.0
0.0
0.0
0.0
0.0
0.0
0.0
0.0
0.0
0.0
0.0
0.0
0.0
0.0
0.0
0.0
0.0
0.0
0.0
0.0
0.0
0.0
0.0
0.0
0.0
0.0
0.0
0.0
0.0
0.0
0.0
0.0
0.0
0.0
0.0
0.0
0.0
0.0
0.0
0.0
0.0
0.0
0.0
0.0
0.0
0.0
0.0
0.0
0.0
0.0
0.0
0.0
0.0
0.0
0.0
0.0
0.0
0.0
0.0
0.0
0.0
0.0
0.0
0.0
0.0
0.0
0.0
0.0
0.0
0.0
0.0
0.0
0.0
0.0
0.0
0.0
0.0
0.0
0.0
0.0
0.0
0.0
0.0
0.0
0.0
0.0
0.0
0.0
0.0
0.0
0.0
0.0
0.0
0.0
0.0
0.0
0.0
0.0
0.0
0.0
0.0
0.0
0.0
0.0
0.0
0.0
0.0
0.0
0.0
0.0
0.0
0.0
0.0
0.0
0.0
0.0
0.0
0.0
0.0
0.0
0.0
0.0
0.0
0.0
0.0
0.0
0.0
0.0
0.0
0.0
0.0
0.0
0.0
0.0
0.0
0.0
0.0
0.0
0.0
0.0
0.0
0.0
0.0
0.0
0.0
0.0
0.0
0.0
0.0
0.0
0.0
0.0
0.0
0.0
0.0
0.0
0.0
0.0
0.0
0.0
0.0
0.0
0.0
0.0
0.0
0.0
0.0
0.0
0.0
0.0
0.0
0.0
0.0
0.0
0.0
0.0
0.0
0.0
0.0
0.0
0.0
0.0
0.0
0.0
0.0
0.0
0.0
0.0
0.0
0.0
0.0
0.0
0.0
0.0
0.0
0.0
0.0
0.0
0.0
0.0
0.0
0.0
0.0
0.0
0.0
0.0
0.0
0.0
0.0
0.0
0.0
0.0
0.0
0.0
0.0
0.0
0.0
0.0
0.0
0.0
0.0
0.0
0.0
0.0
0.0
0.0
0.0
0.0
0.0
0.0
0.0
0.0
0.0
0.0
0.0
0.0
0.0
0.0
0.0
0.0
0.0
0.0
0.0
0.0
0.0
0.0
0.0
0.0
0.0
0.0
0.0
0.0
0.0
0.0
0.0
0.0
0.0
0.0
0.0
0.0
0.0
0.0
0.0
0.0
0.0
0.0
0.0
0.0
0.0
0.0
0.0
0.0
0.0
0.0
0.0
0.0
0.0
0.0
0.0
0.0
0.0
0.0
0.0
0.0
0.0
0.0
0.0
0.0
0.0
0.0
0.0
0.0
0.0
0.0
0.0
0.0
0.0
0.0
0.0
0.0
0.0
0.0
0.0
0.0
0.0
0.0
0.0
0.0
0.0
0.0
0.0
0.0
0.0
0.0
0.0
0.0
0.0
0.0
0.0
0.0
0.0
0.0
0.0
0.0
0.0
0.0
0.0
0.0
0.0
0.0
0.0
0.0
0.0
0.0
0.0
0.0
0.0
0.0
0.0
0.0
0.0
0.0
0.0
0.0
0.0
0.0
0.0
0.0
0.0
0.0
0.0
0.0
0.0
0.0
0.0
0.0
0.0
0.0
0.0
0.0
0.0
0.0
0.0
0.0
0.0
0.0
0.0
0.0
0.0
0.0
0.0
0.0
0.0
0.0
0.0
0.0
0.0
0.0
0.0
0.0
0.0
0.0
0.0
0.0
0.0
0.0
0.0
0.0
0.0
0.0
0.0
0.0
0.0
0.0
0.0
0.0
0.0
0.0
0.0
0.0
0.0
0.0
0.0
0.0
0.0
0.0
0.0
0.0
0.0
0.0
0.0
0.0
0.0
0.0
0.0
0.0
0.0
0.0
0.0
0.0
0.0
0.0
0.0
0.0
0.0
0.0
0.0
0.0
0.0
0.0
0.0
0.0
0.0
0.0
0.0
0.0
0.0
0.0
0.0
0.0
0.0
0.0
0.0
0.0
0.0
0.0
0.0
0.0
0.0
0.0
0.0
0.0
0.0
0.0
0.0
0.0
0.0
0.0
0.0
0.0
0.0
0.0
0.0
0.0
0.0
0.0
0.0
0.0
0.0
0.0
0.0
0.0
0.0
0.0
0.0
0.0
0.0
0.0
0.0
0.0
0.0
0.0
0.0
0.0
0.0
0.0
0.0
0.0
0.0
0.0
0.0
0.0
0.0
0.0
0.0
0.0
0.0
0.0
0.0
0.0
0.0
0.0
0.0
0.0
0.0
0.0
0.0
0.0
0.0
0.0
0.0
0.0
0.0
0.0
0.0
0.0
0.0
0.0
0.0
0.0
0.0
0.0
0.0
0.0
0.0
0.0
0.0
0.0
0.0
0.0
0.0
0.0
0.0
0.0
0.0
0.0
0.0
0.0
0.0
0.0
0.0
0.0
0.0
0.0
0.0
0.0
0.0
0.0
0.0
0.0
0.0
0.0
0.0
0.0
0.0
0.0
0.0
0.0
0.0
0.0
0.0
0.0
0.0
0.0
0.0
0.0
0.0
0.0
0.0
0.0
0.0
0.0
0.0
0.0
0.0
0.0
0.0
0.0
0.0
0.0
0.0
0.0
0.0
0.0
0.0
0.0
0.0
0.0
0.0
0.0
0.0
0.0
0.0
0.0
0.0
0.0
0.0
0.0
0.0
0.0
0.0
0.0
0.0
0.0
0.0
0.0
0.0
0.0
0.0
0.0
0.0
0.0
0.0
0.0
0.0
0.0
0.0
0.0
0.0
0.0
0.0
0.0
0.0
0.0
0.0
0.0
0.0
0.0
0.0
0.0
0.0
0.0
0.0
0.0
0.0
0.0
0.0
0.0
0.0
0.0
0.0
0.0
0.0
0.0
0.0
0.0
0.0
0.0
0.0
0.0
0.0
0.0
0.0
0.0
0.0
0.0
0.0
0.0
0.0
0.0
0.0
0.0
0.0
0.0
0.0
0.0
0.0
0.0
0.0
0.0
0.0
0.0
0.0
0.0
0.0
0.0
0.0
0.0
0.0
0.0
0.0
0.0
0.0
0.0
0.0
0.0
0.0
0.0
0.0
0.0
0.0
0.0
0.0
0.0
0.0
0.0
0.0
0.0
0.0
0.0
0.0
0.0
0.0
0.0
0.0
0.0
0.0
0.0
0.0
0.0
0.0
0.0
0.0
0.0
0.0
0.0
0.0
0.0
0.0
0.0
0.0
0.0
0.0
0.0
0.0
0.0
0.0
0.0
0.0
0.0
0.0
0.0
0.0
0.0
0.0
0.0
0.0
0.0
0.0
0.0
0.0
0.0
0.0
0.0
0.0
0.0
0.0
0.0
0.0
0.0
0.0
0.0
0.0
0.0
0.0
0.0
0.0
0.0
0.0
0.0
0.0
0.0
0.0
0.0
0.0
0.0
0.0
0.0
0.0
0.0
0.0
0.0
0.0
0.0
0.0
0.0
0.0
0.0
0.0
0.0
0.0
0.0
0.0
0.0
0.0
0.0
0.0
0.0
0.0
0.0
0.0
0.0
0.0
0.0
0.0
0.0
0.0
0.0
0.0
0.0
0.0
0.0
0.0
0.0
0.0
0.0
0.0
0.0
0.0
0.0
0.0
0.0
0.0
0.0
0.0
0.0
0.0
0.0
0.0
0.0
0.0
0.0
0.0
0.0
0.0
0.0
0.0
0.0
0.0
0.0
0.0
0.0
0.0
0.0
0.0
0.0
0.0
0.0
0.0
0.0
0.0
0.0
0.0
0.0
0.0
0.0
0.0
0.0
0.0
0.0
0.0
0.0
0.0
0.0
0.0
0.0
0.0
0.0
0.0
0.0
0.0
0.0
0.0
0.0
0.0
0.0
0.0
0.0
0.0
0.0
0.0
0.0
0.0
0.0
0.0
0.0
0.0
0.0
0.0
0.0
0.0
0.0
0.0
0.0
0.0
0.0
0.0
0.0
0.0
0.0
0.0
0.0
0.0
0.0
0.0
0.0
0.0
0.0
0.0
0.0
0.0
0.0
0.0
0.0
0.0
0.0
0.0
0.0
0.0
0.0
0.0
0.0
0.0
0.0
0.0
0.0
0.0
0.0
0.0
0.0
0.0
0.0
0.0
0.0
0.0
0.0
0.0
0.0
0.0
0.0
0.0
0.0
0.0
0.0
0.0
0.0
0.0
0.0
0.0
0.0
0.0
0.0
0.0
0.0
0.0
0.0
0.0
0.0
0.0
0.0
0.0
0.0
0.0
0.0
0.0
0.0
0.0
0.0
0.0
0.0
0.0
0.0
0.0
0.0
0.0
0.0
0.0
0.0
0.0
0.0
0.0
0.0
0.0
0.0
0.0
0.0
0.0
0.0
0.0
0.0
0.0
0.0
0.0
0.0
0.0
0.0
0.0
0.0
0.0
0.0
0.0
0.0
0.0
0.0
0.0
0.0
0.0
0.0
0.0
0.0
0.0
0.0
0.0
0.0
0.0
0.0
0.0
0.0
0.0
0.0
0.0
0.0
0.0
0.0
0.0
0.0
0.0
0.0
0.0
0.0
0.0
0.0
0.0
0.0
0.0
0.0
0.0
0.0
0.0
0.0
0.0
0.0
0.0
0.0
0.0
0.0
0.0
0.0
0.0
0.0
0.0
0.0
0.0
0.0
0.0
0.0
0.0
0.0
0.0
0.0
0.0
0.0
0.0
0.0
0.0
0.0
0.0
0.0
0.0
0.0
0.0
0.0
0.0
0.0
0.0
0.0
0.0
0.0
0.0
0.0
0.0
0.0
0.0
0.0
0.0
0.0
0.0
0.0
0.0
0.0
0.0
0.0
0.0
0.0
0.0
0.0
0.0
0.0
0.0
0.0
0.0
0.0
0.0
0.0
0.0
0.0
0.0
0.0
0.0
0.0
0.0
0.0
0.0
0.0
0.0
0.0
0.0
0.0
0.0
0.0
0.0
0.0
0.0
0.0
0.0
0.0
0.0
0.0
0.0
0.0
0.0
0.0
0.0
0.0
0.0
0.0
0.0
0.0
0.0
0.0
0.0
0.0
0.0
0.0
0.0
0.0
0.0
0.0
0.0
0.0
0.0
0.0
0.0
0.0
0.0
0.0
0.0
0.0
0.0
0.0
0.0
0.0
0.0
0.0
0.0
0.0
0.0
0.0
0.0
0.0
0.0
0.0
0.0
0.0
0.0
0.0
0.0
0.0
0.0
0.0
0.0
0.0
0.0
0.0
0.0
0.0
0.0
0.0
0.0
0.0
0.0
0.0
0.0
0.0
0.0
0.0
0.0
0.0
0.0
0.0
0.0
0.0
0.0
0.0
0.0
0.0
0.0
0.0
0.0
0.0
0.0
0.0
0.0
0.0
0.0
0.0
0.0
0.0
0.0
0.0
0.0
0.0
0.0
0.0
0.0
0.0
0.0
0.0
0.0
0.0
0.0
0.0
0.0
0.0
0.0
0.0
0.0
0.0
0.0
0.0
0.0
0.0
0.0
0.0
0.0
0.0
0.0
0.0
0.0
0.0
0.0
0.0
0.0
0.0
0.0
0.0
0.0
0.0
0.0
0.0
0.0
0.0
0.0
0.0
0.0
0.0
0.0
0.0
0.0
0.0
