1.0469834439585641
1.043705397055276
1.043705397055276
1.0436798121083062
1.0430717071830924
1.0414929663396215
1.0391473019282418
1.0391473019282418
1.039106749074276
1.0369462509203975
1.0363840821835304
1.0363169872699247
1.0342488303424398
1.0339772093516089
1.0339772093516089
1.0332797430966547
1.0332797430966547
1.0332797430966547
1.0329615202835434
1.0324102662287356
1.0324102662287356
1.0290337196459753
1.0290337196459753
1.0284014615115267
1.0282806896781402
1.025206632406872
1.0182441315390456
1.0165773047204094
1.0165773047204094
1.016119228849579
0.986573104857286
0.9821423748941772
0.9821423748941772
0.9821423748941772
0.9821423748941772
0.9821423748941772
0.9817645266810568
0.9745640728515292
0.9745640728515292
0.9668502364220913
0.9667964103422388
0.961511751771276
0.9610164040669421
0.9603510250269447
0.9598890754331438
0.9593608011154802
0.9505931913137106
0.9505554073058029
0.9440963437500253
0.9440963437500253
0.9440963437500253
0.9439803871875223
0.9439394363583361
0.9167455712769426
0.903454912552106
0.9032885128496901
0.9010018424588936
0.8991170741170383
0.8990821588968778
0.8990821588968778
0.8978119351601662
0.8978119351601662
0.8739956582300072
0.8152817329078762
0.8132618635277781
0.7974002192194103
0.7974002192194103
0.7839401275210988
0.7751722308984175
0.7751722308984175
0.7751704202261701
0.7743254385939599
0.774223435429759
0.7693980250484922
0.7650852461258834
0.7650852461258834
0.765025291208248
0.7249534123918631
0.7249534123918631
0.6839023164585285
0.6839023164585285
0.6839023164585285
0.6839023164585285
0.6831616657214856
0.6831616657214856
0.6823980177790485
0.6796932512561318
0.6789300908227978
0.6766808546191968
0.6747460331988112
0.6747460331988112
0.637885046976612
0.6372772936117856
0.637217293333116
0.637217293333116
0.6371589591707612
0.6371589591707612
0.6367056919695828
0.5688080327021334
0.5688080327021334
0.5688080327021334
0.5688080327021334
0.5688080327021334
0.5688080327021334
0.48695773932467734
0.3544717070772081
0.3544717070772081
0.3544717070772081
0.3544717070772081
0.3544717070772081
0.3544717070772081
0.3206022576724096
0.32010654131658967
0.32010654131658967
0.32010654131658967
0.3189710967870485
0.31878286941485234
0.31878286941485234
0.3186120708735988
0.3146204188648396
0.30604570402959863
0.30604269955327756
0.3058836119040621
0.265775646498999
0.265775646498999
0.265775646498999
0.2656244224911166
0.2656244224911166
0.2597435960821286
0.2597435960821286
0.258130563027127
0.2577308708259728
0.2577308708259728
0.2577061957917641
0.2439089091617508
0.24316881049315675
0.13190047981079622
0.1318917304221292
0.10667890755598641
0.10667637817456221
0.10615405176039516
0.10615405176039516
0.10614795239568653
0.10576232830554622
0.10576232830554622
0.10530932505575463
0.09470988164344196
0.09462177854469689
0.0941957413897534
0.0941957413897534
0.0941957413897534
0.08452040757271206
0.08452040757271206
0.08452030561261603
0.08445357915005003
0.08445357915005003
0.07161232823944552
0.07105992445314668
0.07104013475742077
0.06438634511909846
0.061609403678364316
0.061609403678364316
0.061606562174123525
0.061589610522787774
0.061589610522787774
0.061459177497872
0.061438121209382524
0.061428089778175377
0.05302674305809929
0.05302674305809929
0.04012768033981895
0.04012768033981895
0.033438455094668806
0.02948935962830912
0.029462734783605282
0.029462734783605282
0.029196730342419652
0.029196730342419652
0.029196730342419652
0.029196730342419652
0.029196730342419652
0.029196730342419652
0.029196159160717383
0.02236636958081295
0.020125577511379555
0.019735880985479515
0.019707838326044724
0.019707838326044724
0.019707838326044724
0.019493392810739474
0.019493392810739474
0.019493392810739474
0.019160813537419163
0.019125869683384367
0.01798020120628807
0.01798020120628807
0.01764515081153628
0.01764515081153628
0.01764515081153628
0.01764515081153628
0.01757255759433818
0.01757255759433818
0.0175722076470034
0.0175722076470034
0.0175722076470034
0.0175722076470034
0.016066220797317343
0.01606609205166698
0.016065838774403818
0.016065838774403818
0.016065838774403818
0.016065838774403818
0.016065838774403818
0.016060423894379228
0.014199177361789883
0.014170281210110769
0.014170281210110769
0.014145562147685697
0.014145562147685697
0.014145562147685697
0.014145562147685697
0.014145562147685697
0.014131299670369524
0.014131299670369524
0.013238608211520675
0.013185461639334428
0.013170080736055967
0.013170080736055967
0.013169807720590732
0.013154281743278706
0.013154281743278706
0.013154281743278706
0.01315138729569143
0.01315138729569143
0.011889910849127716
0.011889910849127716
0.01186968919656417
0.01186968919656417
0.01186968919656417
0.01186968919656417
0.0048180626106578694
0.0048179119703118944
0.0048179119703118944
0.004811345904511266
0.004811345904511266
0.004811345904511266
0.004807459010508053
0.004807459010508053
0.004806562005171933
0.004806562005171933
0.004802190984641741
0.004728880047457862
0.004725274294591131
0.004676904545660054
0.004676904545660054
0.004676904545660054
0.004556924740516166
0.0036238551657568063
0.0036238551657568063
0.0036238551657568063
0.0036238551657568063
0.0036238551657568063
0.0036238551657568063
0.0036238551657568063
0.0036238551657568063
0.0036238551657568063
0.0036238514282036505
0.0036238514282036505
0.0036238514282036505
0.0036238514282036505
0.0036238514282036505
0.0036071479380364035
0.0036071479380364035
0.0036071479380364035
0.002460790811640412
0.002460790811640412
0.0024301190192246303
0.0024301190192246303
0.0024299993456350366
0.0024299172204824693
0.0024299172204824693
0.002428676008377595
0.0024286523929160087
0.0024286523929160087
0.00242754830366132
0.0024275438847535247
0.0024275438847535247
0.0024268547065576795
0.0024268547065576795
0.002419304279651313
0.002419304279651313
0.002419304279651313
0.002419304279651313
0.002419304279651313
0.002419304279651313
0.002419304279651313
0.0024185478348031086
0.0024185478348031086
0.002415025944575988
0.0024150231989606974
0.0024150231989606974
0.0024150231989606974
0.0024150231989606974
0.002414860975326172
0.002414860975326172
0.0024034170613020933
0.0024034170613020933
0.0024034170613020933
0.0023703761958167036
0.00225840803821431
0.00225840803821431
0.0022440190620567346
0.0022440020233038815
0.0022438802907501776
0.0022438802907501776
0.002243873050190026
0.002243843683278568
0.002243843683278568
0.0008531146300795323
0.0008531146300795323
0.0008531146300795323
0.0004347344591272284
0.0004347344591272284
0.0004347344591272284
0.0004347344591272284
0.0004347344591272284
0.0004347344591272284
0.0004347344591272284
0.0004346982455492032
0.00040091219397941913
0.0003964514099832339
0.0003964514099832339
0.0003964514099832339
0.0003964514099832339
0.0003964514099832339
0.0003964514099832339
0.0003964514099832339
0.00039644907814284647
0.00039644907814284647
0.00039644907814284647
0.00034369128120848025
0.00034363208181209526
0.00034363208181209526
0.00034363208181209526
0.0003436310638516016
0.0003436310638516016
0.0003436310638516016
0.00034199144349211785
0.00033614684519667204
0.00033614684519667204
0.0003361160344040881
0.0003361160344040881
0.0003361160344040881
0.0003361160344040881
0.00033607400928115094
0.00033607400928115094
0.0003345217324749461
0.00033445044061986007
0.0003334803404710929
0.00033347891933543927
0.00033347891933543927
0.00033347891933543927
7.398693501903253e-05
7.398693501903253e-05
7.376622497123897e-05
7.371871534844754e-05
7.371850127391166e-05
7.36516246395702e-05
7.36516246395702e-05
7.340806486733076e-05
7.336826179127343e-05
7.336826179127343e-05
7.335627409088552e-05
7.335412839204469e-05
7.335412839204469e-05
7.331563716594935e-05
7.331563716594935e-05
7.331563716594935e-05
6.52156543875515e-05
6.52156543875515e-05
6.52156543875515e-05
6.521438927264978e-05
6.493730613776894e-05
6.493730613776894e-05
6.493694560838481e-05
6.493694560838481e-05
6.493694560838481e-05
6.493694560838481e-05
6.492540828584303e-05
6.489507520146542e-05
6.489507520146542e-05
6.489507520146542e-05
6.489507520146542e-05
6.489507520146542e-05
6.432222397989573e-05
6.432222397989573e-05
6.432222397989573e-05
6.364413645676414e-05
6.36391165813599e-05
6.363851948198995e-05
6.363851948198995e-05
6.363140613363516e-05
6.363140613363516e-05
6.363140613363516e-05
6.363140613363516e-05
6.363140613363516e-05
6.28173116983266e-05
6.280284591120289e-05
6.280284591120289e-05
6.280284591120289e-05
6.280284591120289e-05
6.280278448478338e-05
6.280278448478338e-05
6.279940375530924e-05
6.279242545581543e-05
6.279242545581543e-05
6.279035160006163e-05
3.765480691708678e-05
3.739130945279445e-05
3.5509955858548103e-05
3.550967911769565e-05
3.528228742677442e-05
3.528228742677442e-05
3.528228742677442e-05
3.528209916903169e-05
3.528209916903169e-05
3.5282099035693903e-05
3.5282099035693903e-05
3.5282099035693903e-05
3.5282099035693903e-05
3.5282099035693903e-05
1.2730323699639001e-05
1.2309475145189097e-05
1.2295252277971791e-05
1.2295252277971791e-05
1.2295252277971791e-05
1.2295214023128054e-05
1.2294975043181111e-05
1.2292993400220276e-05
1.2292993400220276e-05
1.2292993400220276e-05
1.217439045786417e-05
1.2173160500950075e-05
1.2011436437697753e-05
1.2011436437697753e-05
1.1436054169089438e-05
1.1435549470029116e-05
1.122314687029835e-05
1.122314687029835e-05
1.122314687029835e-05
1.122213323778709e-05
1.122213323778709e-05
1.122213323778709e-05
1.105858417260741e-05
1.105858417260741e-05
1.105855773508857e-05
1.105855773508857e-05
9.588611776023548e-06
9.588276790095662e-06
9.588276790095662e-06
9.588276790095662e-06
5.429103087206677e-06
5.4289962435616346e-06
5.408251016691956e-06
4.373970667326255e-06
4.373970667326255e-06
4.373970667326255e-06
4.371661578184138e-06
4.371661578184138e-06
4.371661578184138e-06
4.144541556283521e-06
4.144541556283521e-06
2.787840971074651e-06
2.787840971074651e-06
1.8593892605611728e-06
1.8593892605611728e-06
1.7832420674546157e-06
1.7832420674546157e-06
1.7832420674546157e-06
1.643690975328127e-06
1.643690975328127e-06
1.643545746388142e-06
1.5694753957573582e-06
1.5545656635307381e-06
1.5021138547455237e-06
1.4973461016642986e-06
1.4973461016642986e-06
1.4973461016642986e-06
1.4973461016642986e-06
1.3677112402632474e-06
1.3677112402632474e-06
1.3677111572185652e-06
1.3677111572185652e-06
1.3677085199947925e-06
1.3660667685932992e-06
1.3578396844682317e-06
1.3577553376054041e-06
1.3577553376054041e-06
1.3577553376054041e-06
1.3577553376054041e-06
1.3337604580776485e-06
1.1504033361475763e-06
1.8410396074308721e-07
1.8410396074308721e-07
1.840692585020065e-07
1.840357607418852e-07
1.0991590881914703e-07
1.094924111377793e-07
1.0735112798698765e-07
1.0735112798698765e-07
1.0735112798698765e-07
1.0735112798698765e-07
1.0732840527438725e-07
1.0707748565597086e-07
1.0707748565597086e-07
1.0706965913875877e-07
1.0706872866084183e-07
1.068915255197922e-07
1.068915255197922e-07
1.068915255197922e-07
1.068915255197922e-07
1.0671543870799383e-07
1.0671543348994561e-07
1.0671543348994561e-07
1.0371167535883075e-07
7.456590866983248e-08
7.44391214224649e-08
7.432503612569974e-08
7.432498116966002e-08
7.418016667593008e-08
7.418016667593008e-08
7.418016667593008e-08
7.418016667593008e-08
5.746248010751742e-08
5.745911979548879e-08
5.743253317369579e-08
5.743252695644685e-08
5.743252695644685e-08
5.743252695644685e-08
5.7143418885630126e-08
5.7143418885630126e-08
5.7143418885630126e-08
5.711743944480929e-08
5.591143059646697e-08
5.591071361443767e-08
5.591071361443767e-08
5.575077544062168e-08
5.2430710550943616e-08
5.2430710550943616e-08
5.223888299710211e-08
5.223888299710211e-08
5.220035836916992e-08
5.220034937636342e-08
5.219229270991832e-08
4.617507287640876e-08
4.617493654102134e-08
4.501702433046262e-08
4.501702433046262e-08
4.062077030297928e-08
4.062076897071165e-08
4.062068370558336e-08
3.868259590422696e-08
3.868259590422696e-08
3.868259590422696e-08
3.868259590422696e-08
3.865100173250369e-08
3.824328953516698e-08
3.824328953516698e-08
3.824328953516698e-08
3.824328953516698e-08
3.3100760910009797e-08
3.3100760910009797e-08
3.3100760910009797e-08
3.2988602627348484e-08
3.124962111300533e-08
3.070784970748974e-08
3.810498583334265e-09
3.810498583334265e-09
3.810498583334265e-09
3.808940829408414e-09
3.808940829408414e-09
3.808940829408414e-09
3.615654109445643e-09
3.615654109445643e-09
3.171525486678206e-09
3.154991712328581e-09
2.905541141018375e-09
2.905541141018375e-09
2.878439819831158e-09
2.878439819831158e-09
2.878439819831158e-09
2.863680514941791e-09
2.8351165859419325e-09
2.8351165859419325e-09
2.8351165859419325e-09
2.8340825242167966e-09
2.8340825242167966e-09
2.819942612752868e-09
2.819942612752868e-09
2.8174479416165354e-09
2.8174479416165354e-09
2.817377775521379e-09
2.817377775521379e-09
2.8173768873429594e-09
2.8173768873429594e-09
2.8139270913385417e-09
2.8139270913385417e-09
2.801944121166855e-09
2.801944121166855e-09
2.8005551211407465e-09
2.8004960572758364e-09
2.8004960572758364e-09
2.799584564172619e-09
2.799584564172619e-09
2.799584564172619e-09
2.799584564172619e-09
2.799584564172619e-09
2.799584564172619e-09
2.799584564172619e-09
2.799584009061107e-09
2.7995215035048204e-09
2.7995215035048204e-09
2.799514398077463e-09
2.799514398077463e-09
2.799514398077463e-09
2.799514398077463e-09
2.7951650993784938e-09
2.7951650993784938e-09
2.677559396424556e-09
2.675279997532698e-09
2.675279997532698e-09
2.663576137429402e-09
2.663576137429402e-09
2.663576137429402e-09
2.663432585592318e-09
2.663432585592318e-09
1.5231438332818925e-09
1.5231438332818925e-09
1.4852059582182164e-09
1.4852059582182164e-09
1.4733944064815319e-09
1.423883788653768e-09
1.423883788653768e-09
1.423883788653768e-09
1.4101770862140484e-09
1.3028088607924815e-09
1.3028084167032716e-09
1.3028084167032716e-09
1.288079420902477e-09
9.948292190031793e-10
9.904571607322055e-10
9.90188708804851e-10
9.901875985818265e-10
9.901875985818265e-10
9.901875985818265e-10
9.898594166557473e-10
9.898579733658153e-10
9.898579733658153e-10
9.898579733658153e-10
9.898579733658153e-10
9.898579733658153e-10
9.898527553175995e-10
9.879149720504188e-10
9.879149720504188e-10
9.879149720504188e-10
9.878199369595109e-10
9.878199369595109e-10
9.878199369595109e-10
9.878199369595109e-10
9.878199369595109e-10
9.878199369595109e-10
9.872123118981335e-10
9.871945483297395e-10
9.868891259756651e-10
9.868891259756651e-10
9.868891259756651e-10
9.861654826082145e-10
9.001505096861706e-10
8.978872090281698e-10
8.978872090281698e-10
8.977940613164037e-10
8.977940613164037e-10
8.977940613164037e-10
8.957460329028777e-10
8.948396468255737e-10
8.545099072776452e-10
8.54349035961377e-10
8.348403079949662e-10
8.348403079949662e-10
8.348403079949662e-10
8.348403079949662e-10
8.348332025676086e-10
8.230224279870413e-10
8.228031589396778e-10
8.228031589396778e-10
8.22802714850468e-10
8.226883618789316e-10
8.226881398343266e-10
8.226881398343266e-10
8.226873626782094e-10
8.226868075666971e-10
8.226868075666971e-10
8.226868075666971e-10
6.950563458119063e-10
6.936532459533851e-10
6.479444758511477e-10
6.476712499647874e-10
6.37540020775873e-10
6.37540020775873e-10
6.243291439389509e-10
6.243273675821115e-10
6.243273675821115e-10
4.379381302044294e-10
4.379028251122463e-10
2.4305546464375993e-10
2.4305546464375993e-10
2.3300650298097025e-10
2.2997137527625e-10
2.2793478215987761e-10
2.2793478215987761e-10
2.2791268872168757e-10
2.2791268872168757e-10
2.2791268872168757e-10
2.2791268872168757e-10
2.2400525878651933e-10
2.2400525878651933e-10
2.233573326293481e-10
2.233569995624407e-10
1.2210499278353382e-10
1.221038825605092e-10
1.220721301820049e-10
1.220721301820049e-10
1.220721301820049e-10
1.220721301820049e-10
1.220721301820049e-10
1.2207168609279506e-10
1.2207168609279506e-10
1.2206724520069656e-10
1.2206469168773992e-10
1.2206469168773992e-10
1.0385947657454153e-10
1.0385947657454153e-10
1.0385947657454153e-10
1.0052136900640107e-10
1.0051515175746317e-10
1.0046907750194123e-10
1.0046907750194123e-10
1.0046907750194123e-10
1.0046907750194123e-10
1.0046596887747228e-10
1.0046596887747228e-10
1.0046596887747228e-10
1.0046596887747228e-10
1.0046596887747228e-10
1.0008904816061204e-10
1.0008882611600711e-10
9.865630534733327e-11
8.818901164886483e-11
7.96542831693614e-11
7.96542831693614e-11
7.962297488006698e-11
7.962297488006698e-11
7.962297488006698e-11
7.709932692279153e-11
7.709932692279153e-11
7.709932692279153e-11
7.709932692279153e-11
7.709932692279153e-11
7.709932692279153e-11
7.709932692279153e-11
7.709932692279153e-11
7.709932692279153e-11
7.699096915558812e-11
7.699052506637827e-11
7.699052506637827e-11
7.699052506637827e-11
7.669065382742701e-11
7.669065382742701e-11
7.669065382742701e-11
7.669065382742701e-11
7.669065382742701e-11
7.620004627284516e-11
7.620004627284516e-11
7.617795283465512e-11
7.617795283465512e-11
7.617795283465512e-11
7.616196562310051e-11
7.616196562310051e-11
7.616196562310051e-11
7.616196562310051e-11
7.616185460079805e-11
7.562483972378686e-11
7.562483972378686e-11
7.562483972378686e-11
7.562284132234254e-11
7.562284132234254e-11
7.562284132234254e-11
6.115252748628563e-11
6.115252748628563e-11
6.038725075541151e-11
6.038725075541151e-11
6.038725075541151e-11
6.038625155468935e-11
6.038625155468935e-11
6.038625155468935e-11
6.038625155468935e-11
6.038614053238689e-11
6.038347599712779e-11
6.038081146186869e-11
6.038036737265884e-11
6.037570443595541e-11
6.037570443595541e-11
6.037570443595541e-11
6.027389698459729e-11
6.024558629746934e-11
6.024558629746934e-11
5.708888917155264e-11
5.707667671828176e-11
5.707667671828176e-11
5.707667671828176e-11
5.707667671828176e-11
5.707456729453497e-11
5.707456729453497e-11
5.707456729453497e-11
5.707456729453497e-11
5.707079253625125e-11
5.7070237424738934e-11
5.706346506428872e-11
9.301781567216949e-12
9.301781567216949e-12
9.164224934465892e-12
9.164224934465892e-12
9.164224934465892e-12
9.162559599928954e-12
9.162559599928954e-12
9.107270493302622e-12
9.107048448697697e-12
9.107048448697697e-12
5.809130954048669e-12
5.8053561957649435e-12
5.387135182388647e-12
5.3221871354480754e-12
5.288436355499471e-12
5.288103288592083e-12
5.288103288592083e-12
5.08937336718418e-12
5.08937336718418e-12
5.08937336718418e-12
5.08937336718418e-12
5.088707233369405e-12
5.088707233369405e-12
4.356182081721727e-12
4.356182081721727e-12
4.356182081721727e-12
3.206102050512527e-12
3.206102050512527e-12
3.206102050512527e-12
3.19122506198255e-12
3.19122506198255e-12
3.19122506198255e-12
3.19122506198255e-12
3.19122506198255e-12
3.19122506198255e-12
2.7036151095671812e-12
2.7036151095671812e-12
2.7036151095671812e-12
2.7036151095671812e-12
2.7036151095671812e-12
2.7036151095671812e-12
2.7036151095671812e-12
2.7036151095671812e-12
2.7036151095671812e-12
2.7036151095671812e-12
2.7036151095671812e-12
2.7036151095671812e-12
2.7036151095671812e-12
2.7030599980548686e-12
2.7030599980548686e-12
2.7030599980548686e-12
2.7030599980548686e-12
2.7030599980548686e-12
2.7030599980548686e-12
2.7028379534499436e-12
2.7028379534499436e-12
2.7028379534499436e-12
2.5421886817866834e-12
2.5385249458054204e-12
2.5385249458054204e-12
2.5385249458054204e-12
7.720490913243339e-13
7.720490913243339e-13
7.717160244169463e-13
7.699396675775461e-13
7.698286452750835e-13
7.698286452750835e-13
7.698286452750835e-13
7.698286452750835e-13
7.698286452750835e-13
7.698286452750835e-13
7.698286452750835e-13
7.698286452750835e-13
7.698286452750835e-13
7.698286452750835e-13
7.698286452750835e-13
7.698286452750835e-13
7.698286452750835e-13
7.698286452750835e-13
7.698286452750835e-13
7.69495578367696e-13
7.69495578367696e-13
7.69495578367696e-13
7.69495578367696e-13
7.69495578367696e-13
7.69495578367696e-13
7.69495578367696e-13
7.69495578367696e-13
7.69495578367696e-13
7.693845560652335e-13
7.693845560652335e-13
7.693845560652335e-13
7.693845560652335e-13
7.69273533762771e-13
7.637224186396452e-13
7.637224186396452e-13
7.637224186396452e-13
6.766809335090329e-13
6.766809335090329e-13
6.733502644351574e-13
6.733502644351574e-13
6.432632204678157e-13
6.177280909014371e-13
2.913225216616411e-13
2.913225216616411e-13
2.913225216616411e-13
2.913225216616411e-13
1.2723155862204294e-13
1.2723155862204294e-13
1.2723155862204294e-13
1.2712053631958042e-13
1.2712053631958042e-13
1.2712053631958042e-13
1.2712053631958042e-13
1.2712053631958042e-13
1.2712053631958042e-13
1.2712053631958042e-13
1.2712053631958042e-13
1.247890679678676e-13
1.247890679678676e-13
1.1080025785759062e-13
1.1080025785759062e-13
1.1080025785759062e-13
1.1080025785759062e-13
1.1080025785759062e-13
1.1080025785759062e-13
1.1080025785759062e-13
1.0613732115416497e-13
1.0613732115416497e-13
1.0613732115416497e-13
1.0613732115416497e-13
1.0613732115416497e-13
1.0613732115416497e-13
1.0613732115416497e-13
1.0547118733938987e-13
1.0547118733938987e-13
1.0547118733938987e-13
1.0480505352461478e-13
1.0480505352461478e-13
1.0380585280245214e-13
1.0380585280245214e-13
1.0380585280245214e-13
1.0380585280245214e-13
1.0380585280245214e-13
1.0347278589506459e-13
1.0347278589506459e-13
9.992007221626409e-14
9.992007221626409e-14
9.992007221626409e-14
9.992007221626409e-14
9.336975637097567e-14
9.336975637097567e-14
4.54081217071689e-14
4.54081217071689e-14
4.54081217071689e-14
4.54081217071689e-14
4.5075054799781356e-14
4.5075054799781356e-14
4.496403249731884e-14
4.496403249731884e-14
4.496403249731884e-14
4.496403249731884e-14
4.496403249731884e-14
4.451994328746878e-14
4.451994328746878e-14
4.451994328746878e-14
4.451994328746878e-14
4.451994328746878e-14
4.451994328746878e-14
4.451994328746878e-14
4.3298697960381105e-14
4.318767565791859e-14
4.318767565791859e-14
3.47499806707674e-14
3.47499806707674e-14
3.47499806707674e-14
3.47499806707674e-14
3.47499806707674e-14
3.47499806707674e-14
3.042011087472929e-14
3.042011087472929e-14
3.042011087472929e-14
3.042011087472929e-14
3.0309088572266774e-14
3.0309088572266774e-14
2.9753977059954195e-14
2.9753977059954195e-14
2.9753977059954195e-14
2.9753977059954195e-14
2.9753977059954195e-14
2.9753977059954195e-14
2.9753977059954195e-14
2.9753977059954195e-14
2.9753977059954195e-14
2.9753977059954195e-14
2.9753977059954195e-14
2.9753977059954195e-14
2.9753977059954195e-14
2.9753977059954195e-14
2.9753977059954195e-14
2.9753977059954195e-14
2.9753977059954195e-14
2.9753977059954195e-14
2.9753977059954195e-14
2.9753977059954195e-14
2.9753977059954195e-14
2.9753977059954195e-14
2.9753977059954195e-14
2.9753977059954195e-14
2.9753977059954195e-14
2.9753977059954195e-14
2.9753977059954195e-14
2.9753977059954195e-14
2.9753977059954195e-14
2.9753977059954195e-14
2.9753977059954195e-14
2.9753977059954195e-14
2.9753977059954195e-14
6.994405055138486e-15
6.994405055138486e-15
6.994405055138486e-15
6.994405055138486e-15
6.994405055138486e-15
6.994405055138486e-15
6.994405055138486e-15
6.994405055138486e-15
6.994405055138486e-15
6.994405055138486e-15
6.994405055138486e-15
6.994405055138486e-15
6.994405055138486e-15
6.994405055138486e-15
6.994405055138486e-15
6.994405055138486e-15
6.772360450213455e-15
6.772360450213455e-15
6.772360450213455e-15
6.772360450213455e-15
6.772360450213455e-15
6.772360450213455e-15
6.772360450213455e-15
6.772360450213455e-15
6.772360450213455e-15
6.772360450213455e-15
6.772360450213455e-15
6.772360450213455e-15
6.772360450213455e-15
6.772360450213455e-15
6.772360450213455e-15
5.329070518200751e-15
5.329070518200751e-15
5.329070518200751e-15
5.329070518200751e-15
5.329070518200751e-15
5.329070518200751e-15
5.329070518200751e-15
5.329070518200751e-15
5.329070518200751e-15
5.329070518200751e-15
5.329070518200751e-15
5.329070518200751e-15
5.329070518200751e-15
5.329070518200751e-15
5.329070518200751e-15
5.329070518200751e-15
5.329070518200751e-15
5.329070518200751e-15
5.329070518200751e-15
5.329070518200751e-15
5.329070518200751e-15
5.329070518200751e-15
5.329070518200751e-15
5.329070518200751e-15
5.329070518200751e-15
5.329070518200751e-15
5.329070518200751e-15
5.329070518200751e-15
5.329070518200751e-15
5.329070518200751e-15
5.329070518200751e-15
5.329070518200751e-15
5.329070518200751e-15
5.329070518200751e-15
5.329070518200751e-15
5.329070518200751e-15
5.329070518200751e-15
5.329070518200751e-15
5.329070518200751e-15
5.329070518200751e-15
5.329070518200751e-15
5.329070518200751e-15
5.329070518200751e-15
5.329070518200751e-15
5.329070518200751e-15
5.329070518200751e-15
5.329070518200751e-15
5.329070518200751e-15
5.329070518200751e-15
1.9984014443252818e-15
1.9984014443252818e-15
1.9984014443252818e-15
1.9984014443252818e-15
1.9984014443252818e-15
1.9984014443252818e-15
1.9984014443252818e-15
1.9984014443252818e-15
1.9984014443252818e-15
1.9984014443252818e-15
1.9984014443252818e-15
1.9984014443252818e-15
1.9984014443252818e-15
1.9984014443252818e-15
1.9984014443252818e-15
1.9984014443252818e-15
1.9984014443252818e-15
1.9984014443252818e-15
1.9984014443252818e-15
1.9984014443252818e-15
1.9984014443252818e-15
1.9984014443252818e-15
1.887379141862766e-15
9.992007221626409e-16
9.992007221626409e-16
9.992007221626409e-16
9.992007221626409e-16
9.992007221626409e-16
9.992007221626409e-16
9.992007221626409e-16
9.992007221626409e-16
9.992007221626409e-16
9.992007221626409e-16
9.992007221626409e-16
9.992007221626409e-16
9.992007221626409e-16
9.992007221626409e-16
9.992007221626409e-16
9.992007221626409e-16
9.992007221626409e-16
9.992007221626409e-16
9.992007221626409e-16
9.992007221626409e-16
9.992007221626409e-16
9.992007221626409e-16
9.992007221626409e-16
9.992007221626409e-16
9.992007221626409e-16
9.992007221626409e-16
9.992007221626409e-16
9.992007221626409e-16
9.992007221626409e-16
9.992007221626409e-16
9.992007221626409e-16
9.992007221626409e-16
9.992007221626409e-16
9.992007221626409e-16
9.992007221626409e-16
9.992007221626409e-16
9.992007221626409e-16
9.992007221626409e-16
9.992007221626409e-16
9.992007221626409e-16
9.992007221626409e-16
9.992007221626409e-16
9.992007221626409e-16
9.992007221626409e-16
9.992007221626409e-16
9.992007221626409e-16
9.992007221626409e-16
9.992007221626409e-16
9.992007221626409e-16
9.992007221626409e-16
9.992007221626409e-16
9.992007221626409e-16
8.881784197001252e-16
8.881784197001252e-16
8.881784197001252e-16
8.881784197001252e-16
8.881784197001252e-16
8.881784197001252e-16
8.881784197001252e-16
8.881784197001252e-16
8.881784197001252e-16
8.881784197001252e-16
8.881784197001252e-16
8.881784197001252e-16
8.881784197001252e-16
8.881784197001252e-16
8.881784197001252e-16
8.881784197001252e-16
8.881784197001252e-16
8.881784197001252e-16
8.881784197001252e-16
8.881784197001252e-16
8.881784197001252e-16
8.881784197001252e-16
8.881784197001252e-16
8.881784197001252e-16
8.881784197001252e-16
8.881784197001252e-16
8.881784197001252e-16
8.881784197001252e-16
8.881784197001252e-16
8.881784197001252e-16
6.661338147750939e-16
6.661338147750939e-16
6.661338147750939e-16
5.551115123125783e-16
5.551115123125783e-16
5.551115123125783e-16
5.551115123125783e-16
5.551115123125783e-16
5.551115123125783e-16
5.551115123125783e-16
5.551115123125783e-16
5.551115123125783e-16
5.551115123125783e-16
5.551115123125783e-16
5.551115123125783e-16
5.551115123125783e-16
5.551115123125783e-16
5.551115123125783e-16
5.551115123125783e-16
5.551115123125783e-16
5.551115123125783e-16
5.551115123125783e-16
5.551115123125783e-16
5.551115123125783e-16
5.551115123125783e-16
5.551115123125783e-16
5.551115123125783e-16
5.551115123125783e-16
5.551115123125783e-16
5.551115123125783e-16
5.551115123125783e-16
5.551115123125783e-16
5.551115123125783e-16
5.551115123125783e-16
5.551115123125783e-16
5.551115123125783e-16
5.551115123125783e-16
5.551115123125783e-16
5.551115123125783e-16
5.551115123125783e-16
5.551115123125783e-16
5.551115123125783e-16
5.551115123125783e-16
5.551115123125783e-16
5.551115123125783e-16
5.551115123125783e-16
5.551115123125783e-16
3.3306690738754696e-16
3.3306690738754696e-16
3.3306690738754696e-16
3.3306690738754696e-16
3.3306690738754696e-16
3.3306690738754696e-16
3.3306690738754696e-16
3.3306690738754696e-16
3.3306690738754696e-16
3.3306690738754696e-16
3.3306690738754696e-16
3.3306690738754696e-16
3.3306690738754696e-16
3.3306690738754696e-16
3.3306690738754696e-16
3.3306690738754696e-16
3.3306690738754696e-16
3.3306690738754696e-16
3.3306690738754696e-16
3.3306690738754696e-16
3.3306690738754696e-16
3.3306690738754696e-16
3.3306690738754696e-16
3.3306690738754696e-16
3.3306690738754696e-16
3.3306690738754696e-16
3.3306690738754696e-16
3.3306690738754696e-16
3.3306690738754696e-16
3.3306690738754696e-16
3.3306690738754696e-16
3.3306690738754696e-16
3.3306690738754696e-16
3.3306690738754696e-16
3.3306690738754696e-16
3.3306690738754696e-16
3.3306690738754696e-16
3.3306690738754696e-16
3.3306690738754696e-16
3.3306690738754696e-16
3.3306690738754696e-16
3.3306690738754696e-16
3.3306690738754696e-16
3.3306690738754696e-16
3.3306690738754696e-16
3.3306690738754696e-16
3.3306690738754696e-16
3.3306690738754696e-16
3.3306690738754696e-16
3.3306690738754696e-16
3.3306690738754696e-16
3.3306690738754696e-16
3.3306690738754696e-16
2.220446049250313e-16
2.220446049250313e-16
2.220446049250313e-16
2.220446049250313e-16
2.220446049250313e-16
2.220446049250313e-16
2.220446049250313e-16
1.1102230246251565e-16
1.1102230246251565e-16
1.1102230246251565e-16
1.1102230246251565e-16
1.1102230246251565e-16
1.1102230246251565e-16
1.1102230246251565e-16
1.1102230246251565e-16
1.1102230246251565e-16
1.1102230246251565e-16
1.1102230246251565e-16
1.1102230246251565e-16
1.1102230246251565e-16
1.1102230246251565e-16
1.1102230246251565e-16
1.1102230246251565e-16
1.1102230246251565e-16
1.1102230246251565e-16
1.1102230246251565e-16
1.1102230246251565e-16
1.1102230246251565e-16
1.1102230246251565e-16
1.1102230246251565e-16
1.1102230246251565e-16
1.1102230246251565e-16
1.1102230246251565e-16
1.1102230246251565e-16
1.1102230246251565e-16
1.1102230246251565e-16
1.1102230246251565e-16
1.1102230246251565e-16
1.1102230246251565e-16
1.1102230246251565e-16
1.1102230246251565e-16
1.1102230246251565e-16
1.1102230246251565e-16
1.1102230246251565e-16
1.1102230246251565e-16
1.1102230246251565e-16
1.1102230246251565e-16
1.1102230246251565e-16
1.1102230246251565e-16
1.1102230246251565e-16
1.1102230246251565e-16
1.1102230246251565e-16
1.1102230246251565e-16
1.1102230246251565e-16
1.1102230246251565e-16
1.1102230246251565e-16
1.1102230246251565e-16
1.1102230246251565e-16
1.1102230246251565e-16
1.1102230246251565e-16
1.1102230246251565e-16
1.1102230246251565e-16
1.1102230246251565e-16
1.1102230246251565e-16
1.1102230246251565e-16
1.1102230246251565e-16
1.1102230246251565e-16
1.1102230246251565e-16
1.1102230246251565e-16
1.1102230246251565e-16
1.1102230246251565e-16
1.1102230246251565e-16
1.1102230246251565e-16
1.1102230246251565e-16
1.1102230246251565e-16
1.1102230246251565e-16
1.1102230246251565e-16
1.1102230246251565e-16
1.1102230246251565e-16
1.1102230246251565e-16
1.1102230246251565e-16
1.1102230246251565e-16
1.1102230246251565e-16
1.1102230246251565e-16
1.1102230246251565e-16
1.1102230246251565e-16
1.1102230246251565e-16
1.1102230246251565e-16
1.1102230246251565e-16
1.1102230246251565e-16
1.1102230246251565e-16
1.1102230246251565e-16
1.1102230246251565e-16
1.1102230246251565e-16
1.1102230246251565e-16
1.1102230246251565e-16
1.1102230246251565e-16
1.1102230246251565e-16
1.1102230246251565e-16
1.1102230246251565e-16
1.1102230246251565e-16
1.1102230246251565e-16
1.1102230246251565e-16
1.1102230246251565e-16
1.1102230246251565e-16
1.1102230246251565e-16
1.1102230246251565e-16
1.1102230246251565e-16
1.1102230246251565e-16
1.1102230246251565e-16
1.1102230246251565e-16
1.1102230246251565e-16
1.1102230246251565e-16
1.1102230246251565e-16
1.1102230246251565e-16
1.1102230246251565e-16
1.1102230246251565e-16
1.1102230246251565e-16
1.1102230246251565e-16
1.1102230246251565e-16
1.1102230246251565e-16
1.1102230246251565e-16
1.1102230246251565e-16
1.1102230246251565e-16
1.1102230246251565e-16
1.1102230246251565e-16
1.1102230246251565e-16
1.1102230246251565e-16
1.1102230246251565e-16
1.1102230246251565e-16
1.1102230246251565e-16
1.1102230246251565e-16
1.1102230246251565e-16
1.1102230246251565e-16
1.1102230246251565e-16
1.1102230246251565e-16
1.1102230246251565e-16
1.1102230246251565e-16
1.1102230246251565e-16
1.1102230246251565e-16
1.1102230246251565e-16
1.1102230246251565e-16
1.1102230246251565e-16
1.1102230246251565e-16
1.1102230246251565e-16
1.1102230246251565e-16
1.1102230246251565e-16
1.1102230246251565e-16
1.1102230246251565e-16
1.1102230246251565e-16
1.1102230246251565e-16
1.1102230246251565e-16
1.1102230246251565e-16
1.1102230246251565e-16
1.1102230246251565e-16
1.1102230246251565e-16
1.1102230246251565e-16
1.1102230246251565e-16
1.1102230246251565e-16
1.1102230246251565e-16
1.1102230246251565e-16
1.1102230246251565e-16
1.1102230246251565e-16
1.1102230246251565e-16
1.1102230246251565e-16
1.1102230246251565e-16
1.1102230246251565e-16
1.1102230246251565e-16
1.1102230246251565e-16
1.1102230246251565e-16
1.1102230246251565e-16
1.1102230246251565e-16
1.1102230246251565e-16
1.1102230246251565e-16
1.1102230246251565e-16
1.1102230246251565e-16
1.1102230246251565e-16
1.1102230246251565e-16
1.1102230246251565e-16
1.1102230246251565e-16
1.1102230246251565e-16
1.1102230246251565e-16
1.1102230246251565e-16
1.1102230246251565e-16
1.1102230246251565e-16
1.1102230246251565e-16
1.1102230246251565e-16
1.1102230246251565e-16
1.1102230246251565e-16
1.1102230246251565e-16
1.1102230246251565e-16
1.1102230246251565e-16
1.1102230246251565e-16
1.1102230246251565e-16
1.1102230246251565e-16
1.1102230246251565e-16
1.1102230246251565e-16
1.1102230246251565e-16
1.1102230246251565e-16
1.1102230246251565e-16
1.1102230246251565e-16
1.1102230246251565e-16
1.1102230246251565e-16
1.1102230246251565e-16
1.1102230246251565e-16
1.1102230246251565e-16
1.1102230246251565e-16
0.0
0.0
0.0
0.0
0.0
0.0
0.0
0.0
0.0
0.0
0.0
0.0
0.0
0.0
0.0
0.0
0.0
0.0
0.0
0.0
0.0
0.0
0.0
0.0
0.0
0.0
0.0
0.0
0.0
0.0
0.0
0.0
0.0
0.0
0.0
0.0
0.0
0.0
0.0
0.0
0.0
0.0
0.0
0.0
0.0
0.0
0.0
0.0
0.0
0.0
0.0
0.0
0.0
0.0
0.0
0.0
0.0
0.0
0.0
0.0
0.0
0.0
0.0
0.0
0.0
0.0
0.0
0.0
0.0
0.0
0.0
0.0
0.0
0.0
0.0
0.0
0.0
0.0
0.0
0.0
0.0
0.0
0.0
0.0
0.0
0.0
0.0
0.0
0.0
0.0
0.0
0.0
0.0
0.0
0.0
0.0
0.0
0.0
0.0
0.0
0.0
0.0
0.0
0.0
0.0
0.0
0.0
0.0
0.0
0.0
0.0
0.0
0.0
0.0
0.0
0.0
0.0
0.0
0.0
0.0
0.0
0.0
0.0
0.0
0.0
0.0
0.0
0.0
0.0
0.0
0.0
0.0
0.0
0.0
0.0
0.0
0.0
0.0
0.0
0.0
0.0
0.0
0.0
0.0
0.0
0.0
0.0
0.0
0.0
0.0
0.0
0.0
0.0
0.0
0.0
0.0
0.0
0.0
0.0
0.0
0.0
0.0
0.0
0.0
0.0
0.0
0.0
0.0
0.0
0.0
0.0
0.0
0.0
0.0
0.0
0.0
0.0
0.0
0.0
0.0
0.0
0.0
0.0
0.0
0.0
0.0
0.0
0.0
0.0
0.0
0.0
0.0
0.0
0.0
0.0
0.0
0.0
0.0
0.0
0.0
0.0
0.0
0.0
0.0
0.0
0.0
0.0
0.0
0.0
0.0
0.0
0.0
0.0
0.0
0.0
0.0
0.0
0.0
0.0
0.0
0.0
0.0
0.0
0.0
0.0
0.0
0.0
0.0
0.0
0.0
0.0
0.0
0.0
0.0
0.0
0.0
0.0
0.0
0.0
0.0
0.0
0.0
0.0
0.0
0.0
0.0
0.0
0.0
0.0
0.0
0.0
0.0
0.0
0.0
0.0
0.0
0.0
0.0
0.0
0.0
0.0
0.0
0.0
0.0
0.0
0.0
0.0
0.0
0.0
0.0
0.0
0.0
0.0
0.0
0.0
0.0
0.0
0.0
0.0
0.0
0.0
0.0
0.0
0.0
0.0
0.0
0.0
0.0
0.0
0.0
0.0
0.0
0.0
0.0
0.0
0.0
0.0
0.0
0.0
0.0
0.0
0.0
0.0
0.0
0.0
0.0
0.0
0.0
0.0
0.0
0.0
0.0
0.0
0.0
0.0
0.0
0.0
0.0
0.0
0.0
0.0
0.0
0.0
0.0
0.0
0.0
0.0
0.0
0.0
0.0
0.0
0.0
0.0
0.0
0.0
0.0
0.0
0.0
0.0
0.0
0.0
0.0
0.0
0.0
0.0
0.0
0.0
0.0
0.0
0.0
0.0
0.0
0.0
0.0
0.0
0.0
0.0
0.0
0.0
0.0
0.0
0.0
0.0
0.0
0.0
0.0
0.0
0.0
0.0
0.0
0.0
0.0
0.0
0.0
0.0
0.0
0.0
0.0
0.0
0.0
0.0
0.0
0.0
0.0
0.0
0.0
0.0
0.0
0.0
0.0
0.0
0.0
0.0
0.0
0.0
0.0
0.0
0.0
0.0
0.0
0.0
0.0
0.0
0.0
0.0
0.0
0.0
0.0
0.0
0.0
0.0
0.0
0.0
0.0
0.0
0.0
0.0
0.0
0.0
0.0
0.0
0.0
0.0
0.0
0.0
0.0
0.0
0.0
0.0
0.0
0.0
0.0
0.0
0.0
0.0
0.0
0.0
0.0
0.0
0.0
0.0
0.0
0.0
0.0
0.0
0.0
0.0
0.0
0.0
0.0
0.0
0.0
0.0
0.0
0.0
0.0
0.0
0.0
0.0
0.0
0.0
0.0
0.0
0.0
0.0
0.0
0.0
0.0
0.0
0.0
0.0
0.0
0.0
0.0
0.0
0.0
0.0
0.0
0.0
0.0
0.0
0.0
0.0
0.0
0.0
0.0
0.0
0.0
0.0
0.0
0.0
0.0
0.0
0.0
0.0
0.0
0.0
0.0
0.0
0.0
0.0
0.0
0.0
0.0
0.0
0.0
0.0
0.0
0.0
0.0
0.0
0.0
0.0
0.0
0.0
0.0
0.0
0.0
0.0
0.0
0.0
0.0
0.0
0.0
0.0
0.0
0.0
0.0
0.0
0.0
0.0
0.0
0.0
0.0
0.0
0.0
0.0
0.0
0.0
0.0
0.0
0.0
0.0
0.0
0.0
0.0
0.0
0.0
0.0
0.0
0.0
0.0
0.0
0.0
0.0
0.0
0.0
0.0
0.0
0.0
0.0
0.0
0.0
0.0
0.0
0.0
0.0
0.0
0.0
0.0
0.0
0.0
0.0
0.0
0.0
0.0
0.0
0.0
0.0
0.0
0.0
0.0
0.0
0.0
0.0
0.0
0.0
0.0
0.0
0.0
0.0
0.0
0.0
0.0
0.0
0.0
0.0
0.0
0.0
0.0
0.0
0.0
0.0
0.0
0.0
0.0
0.0
0.0
0.0
0.0
0.0
0.0
0.0
0.0
0.0
0.0
0.0
0.0
0.0
0.0
0.0
0.0
0.0
0.0
0.0
0.0
0.0
0.0
0.0
0.0
0.0
0.0
0.0
0.0
0.0
0.0
0.0
0.0
0.0
0.0
0.0
0.0
0.0
0.0
0.0
0.0
0.0
0.0
0.0
0.0
0.0
0.0
0.0
0.0
0.0
0.0
0.0
0.0
0.0
0.0
0.0
0.0
0.0
0.0
0.0
0.0
0.0
0.0
0.0
0.0
0.0
0.0
0.0
0.0
0.0
0.0
0.0
0.0
0.0
0.0
0.0
0.0
0.0
0.0
0.0
0.0
0.0
0.0
0.0
0.0
0.0
0.0
0.0
0.0
0.0
0.0
0.0
0.0
0.0
0.0
0.0
0.0
0.0
0.0
0.0
0.0
0.0
0.0
0.0
0.0
0.0
0.0
0.0
0.0
0.0
0.0
0.0
0.0
0.0
0.0
0.0
0.0
0.0
0.0
0.0
0.0
0.0
0.0
0.0
0.0
0.0
0.0
0.0
0.0
0.0
0.0
0.0
0.0
0.0
0.0
0.0
0.0
0.0
0.0
0.0
0.0
0.0
0.0
0.0
0.0
0.0
0.0
0.0
0.0
0.0
0.0
0.0
0.0
0.0
0.0
0.0
0.0
0.0
0.0
0.0
0.0
0.0
0.0
0.0
0.0
0.0
0.0
0.0
0.0
0.0
0.0
0.0
0.0
0.0
0.0
0.0
0.0
0.0
0.0
0.0
0.0
0.0
0.0
0.0
0.0
0.0
0.0
0.0
0.0
0.0
0.0
0.0
0.0
0.0
0.0
0.0
0.0
0.0
0.0
0.0
0.0
0.0
0.0
0.0
0.0
0.0
0.0
0.0
0.0
0.0
0.0
0.0
0.0
0.0
0.0
0.0
0.0
0.0
0.0
0.0
0.0
0.0
0.0
0.0
0.0
0.0
0.0
0.0
0.0
0.0
0.0
0.0
0.0
0.0
0.0
0.0
0.0
0.0
0.0
0.0
0.0
0.0
0.0
0.0
0.0
0.0
0.0
0.0
0.0
0.0
0.0
0.0
0.0
0.0
0.0
0.0
0.0
0.0
0.0
0.0
0.0
0.0
0.0
0.0
0.0
0.0
0.0
0.0
0.0
0.0
0.0
0.0
0.0
0.0
0.0
0.0
0.0
0.0
0.0
0.0
0.0
0.0
0.0
0.0
0.0
0.0
0.0
0.0
0.0
0.0
0.0
0.0
0.0
0.0
0.0
0.0
0.0
0.0
0.0
0.0
0.0
0.0
0.0
0.0
0.0
0.0
0.0
0.0
0.0
0.0
0.0
0.0
0.0
0.0
0.0
0.0
0.0
0.0
0.0
0.0
0.0
0.0
0.0
0.0
0.0
0.0
0.0
0.0
0.0
0.0
0.0
0.0
0.0
0.0
0.0
0.0
0.0
0.0
0.0
0.0
0.0
0.0
0.0
0.0
0.0
0.0
0.0
0.0
0.0
0.0
0.0
0.0
0.0
0.0
0.0
0.0
0.0
0.0
0.0
0.0
0.0
0.0
0.0
0.0
0.0
0.0
0.0
0.0
0.0
0.0
0.0
0.0
0.0
0.0
0.0
0.0
0.0
0.0
0.0
0.0
0.0
0.0
0.0
0.0
0.0
0.0
0.0
0.0
0.0
0.0
0.0
0.0
0.0
0.0
0.0
0.0
0.0
0.0
0.0
0.0
0.0
0.0
0.0
0.0
0.0
0.0
0.0
0.0
0.0
0.0
0.0
0.0
0.0
0.0
0.0
0.0
0.0
0.0
0.0
0.0
0.0
0.0
0.0
0.0
0.0
0.0
0.0
0.0
0.0
0.0
0.0
0.0
0.0
0.0
0.0
0.0
0.0
0.0
0.0
0.0
0.0
0.0
0.0
0.0
0.0
0.0
0.0
0.0
0.0
0.0
0.0
0.0
0.0
0.0
0.0
0.0
0.0
0.0
0.0
0.0
0.0
0.0
0.0
0.0
0.0
0.0
0.0
0.0
0.0
0.0
0.0
0.0
0.0
0.0
0.0
0.0
0.0
0.0
0.0
0.0
0.0
0.0
0.0
0.0
0.0
0.0
0.0
0.0
0.0
0.0
0.0
0.0
0.0
0.0
0.0
0.0
0.0
0.0
0.0
0.0
0.0
0.0
0.0
0.0
0.0
0.0
0.0
0.0
0.0
0.0
0.0
0.0
0.0
0.0
0.0
0.0
0.0
0.0
0.0
0.0
0.0
0.0
0.0
0.0
0.0
0.0
0.0
0.0
0.0
0.0
0.0
0.0
0.0
0.0
0.0
0.0
0.0
0.0
0.0
0.0
0.0
0.0
0.0
0.0
0.0
0.0
0.0
0.0
0.0
0.0
0.0
0.0
0.0
0.0
0.0
0.0
0.0
0.0
0.0
0.0
0.0
0.0
0.0
0.0
0.0
0.0
0.0
0.0
0.0
0.0
0.0
0.0
0.0
0.0
0.0
0.0
0.0
0.0
0.0
0.0
0.0
0.0
0.0
0.0
0.0
0.0
0.0
0.0
0.0
0.0
0.0
0.0
0.0
0.0
0.0
0.0
0.0
0.0
0.0
0.0
0.0
0.0
0.0
0.0
0.0
0.0
0.0
0.0
0.0
0.0
0.0
0.0
0.0
0.0
0.0
0.0
0.0
0.0
0.0
0.0
0.0
0.0
0.0
0.0
0.0
0.0
0.0
0.0
0.0
0.0
0.0
0.0
0.0
0.0
0.0
0.0
0.0
0.0
0.0
0.0
0.0
0.0
0.0
0.0
0.0
0.0
0.0
0.0
0.0
0.0
0.0
0.0
0.0
0.0
0.0
0.0
0.0
0.0
0.0
0.0
0.0
0.0
0.0
0.0
0.0
0.0
0.0
0.0
0.0
0.0
0.0
0.0
0.0
0.0
0.0
0.0
0.0
0.0
0.0
0.0
0.0
0.0
0.0
0.0
0.0
0.0
0.0
0.0
0.0
0.0
0.0
0.0
0.0
0.0
0.0
0.0
0.0
0.0
0.0
0.0
0.0
0.0
0.0
0.0
0.0
0.0
0.0
0.0
0.0
0.0
0.0
0.0
0.0
0.0
0.0
0.0
0.0
0.0
0.0
0.0
0.0
0.0
0.0
0.0
0.0
0.0
0.0
0.0
0.0
0.0
0.0
0.0
0.0
0.0
0.0
0.0
0.0
0.0
0.0
0.0
0.0
0.0
0.0
0.0
0.0
0.0
0.0
0.0
0.0
0.0
0.0
0.0
0.0
0.0
0.0
0.0
0.0
0.0
0.0
0.0
0.0
0.0
0.0
0.0
0.0
0.0
0.0
0.0
0.0
0.0
0.0
0.0
0.0
0.0
0.0
0.0
0.0
0.0
0.0
0.0
0.0
0.0
0.0
0.0
0.0
0.0
0.0
0.0
0.0
0.0
0.0
0.0
0.0
0.0
0.0
0.0
0.0
0.0
0.0
0.0
0.0
0.0
0.0
0.0
0.0
0.0
0.0
0.0
0.0
0.0
0.0
0.0
0.0
0.0
0.0
0.0
0.0
0.0
0.0
0.0
0.0
0.0
0.0
0.0
0.0
0.0
0.0
0.0
0.0
0.0
0.0
0.0
0.0
0.0
0.0
0.0
0.0
0.0
0.0
0.0
0.0
0.0
0.0
0.0
0.0
0.0
0.0
0.0
0.0
0.0
0.0
0.0
0.0
0.0
0.0
0.0
0.0
0.0
0.0
0.0
0.0
0.0
0.0
0.0
0.0
0.0
0.0
0.0
0.0
0.0
0.0
0.0
0.0
0.0
0.0
0.0
0.0
0.0
0.0
0.0
0.0
0.0
0.0
0.0
0.0
0.0
0.0
0.0
0.0
0.0
0.0
0.0
0.0
0.0
0.0
0.0
0.0
0.0
0.0
0.0
0.0
0.0
0.0
0.0
0.0
0.0
0.0
0.0
0.0
0.0
0.0
0.0
0.0
0.0
0.0
0.0
0.0
0.0
0.0
0.0
0.0
0.0
0.0
0.0
0.0
0.0
0.0
0.0
0.0
0.0
0.0
0.0
0.0
0.0
0.0
0.0
0.0
0.0
0.0
0.0
0.0
0.0
0.0
0.0
0.0
0.0
0.0
0.0
0.0
0.0
0.0
0.0
0.0
0.0
0.0
0.0
0.0
0.0
0.0
0.0
0.0
0.0
0.0
0.0
0.0
0.0
0.0
0.0
0.0
0.0
0.0
0.0
0.0
0.0
0.0
0.0
0.0
0.0
0.0
0.0
0.0
0.0
0.0
0.0
0.0
0.0
0.0
0.0
0.0
0.0
0.0
0.0
0.0
0.0
0.0
0.0
0.0
0.0
0.0
0.0
0.0
0.0
0.0
0.0
0.0
0.0
0.0
0.0
0.0
0.0
0.0
0.0
0.0
0.0
0.0
0.0
0.0
0.0
0.0
0.0
0.0
0.0
0.0
0.0
0.0
0.0
0.0
0.0
0.0
0.0
0.0
0.0
0.0
0.0
0.0
0.0
0.0
0.0
0.0
0.0
0.0
0.0
0.0
0.0
0.0
0.0
0.0
0.0
0.0
0.0
0.0
0.0
0.0
0.0
0.0
0.0
0.0
0.0
0.0
0.0
0.0
0.0
0.0
0.0
0.0
0.0
0.0
0.0
0.0
0.0
0.0
0.0
0.0
0.0
0.0
0.0
0.0
0.0
0.0
0.0
0.0
0.0
0.0
0.0
0.0
0.0
0.0
0.0
0.0
0.0
0.0
0.0
0.0
0.0
0.0
0.0
0.0
0.0
0.0
0.0
0.0
0.0
0.0
0.0
0.0
0.0
0.0
0.0
0.0
0.0
0.0
0.0
0.0
0.0
0.0
0.0
0.0
0.0
0.0
0.0
0.0
0.0
0.0
0.0
0.0
0.0
0.0
0.0
0.0
0.0
0.0
0.0
0.0
0.0
0.0
0.0
0.0
0.0
0.0
0.0
0.0
0.0
0.0
0.0
0.0
0.0
0.0
0.0
0.0
0.0
0.0
0.0
0.0
0.0
0.0
0.0
0.0
0.0
0.0
0.0
0.0
0.0
0.0
0.0
0.0
0.0
0.0
0.0
0.0
0.0
0.0
0.0
0.0
0.0
0.0
0.0
0.0
0.0
0.0
0.0
0.0
0.0
0.0
0.0
0.0
0.0
0.0
0.0
0.0
0.0
0.0
0.0
0.0
0.0
0.0
0.0
0.0
0.0
0.0
0.0
0.0
0.0
0.0
0.0
0.0
0.0
0.0
0.0
0.0
0.0
0.0
0.0
0.0
0.0
0.0
0.0
0.0
0.0
0.0
0.0
0.0
0.0
0.0
0.0
0.0
0.0
0.0
0.0
0.0
0.0
0.0
0.0
0.0
0.0
0.0
0.0
0.0
0.0
0.0
0.0
0.0
0.0
0.0
0.0
0.0
0.0
0.0
0.0
0.0
0.0
0.0
0.0
0.0
0.0
0.0
0.0
0.0
0.0
0.0
0.0
0.0
0.0
0.0
0.0
0.0
0.0
0.0
0.0
0.0
0.0
0.0
0.0
0.0
0.0
0.0
0.0
0.0
0.0
0.0
0.0
0.0
0.0
0.0
0.0
0.0
0.0
0.0
0.0
0.0
0.0
0.0
0.0
0.0
0.0
0.0
0.0
0.0
0.0
0.0
0.0
0.0
0.0
0.0
0.0
0.0
0.0
0.0
0.0
0.0
0.0
0.0
0.0
0.0
0.0
0.0
0.0
0.0
0.0
0.0
0.0
0.0
0.0
0.0
0.0
0.0
0.0
0.0
0.0
0.0
0.0
0.0
0.0
0.0
0.0
0.0
0.0
0.0
0.0
0.0
0.0
0.0
0.0
0.0
0.0
0.0
0.0
0.0
0.0
0.0
0.0
0.0
0.0
0.0
0.0
0.0
0.0
0.0
0.0
0.0
0.0
0.0
0.0
0.0
0.0
0.0
0.0
0.0
0.0
0.0
0.0
0.0
0.0
0.0
0.0
0.0
0.0
0.0
0.0
0.0
0.0
0.0
0.0
0.0
0.0
0.0
0.0
0.0
0.0
0.0
0.0
0.0
0.0
0.0
0.0
0.0
0.0
0.0
0.0
0.0
0.0
0.0
0.0
0.0
0.0
0.0
0.0
0.0
0.0
0.0
0.0
0.0
0.0
0.0
0.0
0.0
0.0
0.0
0.0
0.0
0.0
0.0
0.0
0.0
0.0
0.0
0.0
0.0
0.0
0.0
0.0
0.0
0.0
0.0
0.0
0.0
0.0
0.0
0.0
0.0
0.0
0.0
0.0
0.0
0.0
0.0
0.0
0.0
0.0
0.0
0.0
0.0
0.0
0.0
0.0
0.0
0.0
0.0
0.0
0.0
0.0
0.0
0.0
0.0
0.0
0.0
0.0
0.0
0.0
0.0
0.0
0.0
0.0
0.0
0.0
0.0
0.0
0.0
0.0
0.0
0.0
0.0
0.0
0.0
0.0
0.0
0.0
0.0
0.0
0.0
0.0
0.0
0.0
0.0
0.0
0.0
0.0
0.0
0.0
0.0
0.0
0.0
0.0
0.0
0.0
0.0
0.0
0.0
0.0
0.0
0.0
0.0
0.0
0.0
0.0
0.0
0.0
0.0
0.0
0.0
0.0
0.0
0.0
0.0
0.0
0.0
0.0
0.0
0.0
0.0
0.0
0.0
0.0
0.0
0.0
0.0
0.0
0.0
0.0
0.0
0.0
0.0
0.0
0.0
0.0
0.0
0.0
0.0
0.0
0.0
0.0
0.0
0.0
0.0
0.0
0.0
0.0
0.0
0.0
0.0
0.0
0.0
0.0
0.0
0.0
0.0
0.0
0.0
0.0
0.0
0.0
0.0
0.0
0.0
0.0
0.0
0.0
0.0
0.0
0.0
0.0
0.0
0.0
0.0
0.0
0.0
0.0
0.0
0.0
0.0
0.0
0.0
0.0
0.0
0.0
0.0
0.0
0.0
0.0
0.0
0.0
0.0
0.0
0.0
0.0
0.0
0.0
0.0
0.0
0.0
0.0
0.0
0.0
0.0
0.0
0.0
0.0
0.0
0.0
0.0
0.0
0.0
0.0
0.0
0.0
0.0
0.0
0.0
0.0
0.0
0.0
0.0
0.0
0.0
0.0
0.0
0.0
0.0
0.0
0.0
0.0
0.0
0.0
0.0
0.0
0.0
0.0
0.0
0.0
0.0
0.0
0.0
0.0
0.0
0.0
0.0
0.0
0.0
0.0
0.0
0.0
0.0
0.0
0.0
0.0
0.0
0.0
0.0
0.0
0.0
0.0
0.0
0.0
0.0
0.0
0.0
0.0
0.0
0.0
0.0
0.0
0.0
0.0
0.0
0.0
0.0
0.0
0.0
0.0
0.0
0.0
0.0
0.0
0.0
0.0
0.0
0.0
0.0
0.0
0.0
0.0
0.0
0.0
0.0
0.0
0.0
0.0
0.0
0.0
0.0
0.0
0.0
0.0
0.0
0.0
0.0
0.0
0.0
0.0
0.0
0.0
0.0
0.0
0.0
0.0
0.0
0.0
0.0
0.0
0.0
0.0
0.0
0.0
0.0
0.0
0.0
0.0
0.0
0.0
0.0
0.0
0.0
0.0
0.0
0.0
0.0
0.0
0.0
0.0
0.0
0.0
0.0
0.0
0.0
0.0
0.0
0.0
0.0
0.0
0.0
0.0
0.0
0.0
0.0
0.0
0.0
0.0
0.0
0.0
0.0
0.0
0.0
0.0
0.0
0.0
0.0
0.0
0.0
0.0
0.0
0.0
0.0
0.0
0.0
0.0
0.0
0.0
0.0
0.0
0.0
0.0
0.0
0.0
0.0
0.0
0.0
0.0
0.0
0.0
0.0
0.0
0.0
0.0
0.0
0.0
0.0
0.0
0.0
0.0
0.0
0.0
0.0
0.0
0.0
0.0
0.0
0.0
0.0
0.0
0.0
0.0
0.0
0.0
0.0
0.0
0.0
0.0
0.0
0.0
0.0
0.0
0.0
0.0
0.0
0.0
0.0
0.0
0.0
0.0
0.0
0.0
0.0
0.0
0.0
0.0
0.0
0.0
0.0
0.0
0.0
0.0
0.0
0.0
0.0
0.0
0.0
0.0
0.0
0.0
0.0
0.0
0.0
0.0
0.0
0.0
0.0
0.0
0.0
0.0
0.0
0.0
0.0
0.0
0.0
0.0
0.0
0.0
0.0
0.0
0.0
0.0
0.0
0.0
0.0
0.0
0.0
0.0
0.0
0.0
0.0
0.0
0.0
0.0
0.0
0.0
0.0
0.0
0.0
0.0
0.0
0.0
0.0
0.0
0.0
0.0
0.0
0.0
0.0
0.0
0.0
0.0
0.0
0.0
0.0
0.0
0.0
0.0
0.0
0.0
0.0
0.0
0.0
0.0
0.0
0.0
0.0
0.0
0.0
0.0
0.0
0.0
0.0
0.0
0.0
0.0
0.0
0.0
0.0
0.0
0.0
0.0
0.0
0.0
0.0
0.0
0.0
0.0
0.0
0.0
0.0
0.0
0.0
0.0
0.0
0.0
0.0
0.0
0.0
0.0
0.0
0.0
0.0
0.0
0.0
0.0
0.0
0.0
0.0
0.0
0.0
0.0
0.0
0.0
0.0
0.0
0.0
0.0
0.0
0.0
0.0
0.0
0.0
0.0
0.0
0.0
0.0
0.0
0.0
0.0
0.0
0.0
0.0
0.0
0.0
0.0
0.0
0.0
0.0
0.0
0.0
0.0
0.0
0.0
0.0
0.0
0.0
0.0
0.0
0.0
0.0
0.0
0.0
0.0
0.0
0.0
0.0
0.0
0.0
0.0
0.0
0.0
0.0
0.0
0.0
0.0
0.0
0.0
0.0
0.0
0.0
0.0
0.0
0.0
0.0
0.0
0.0
0.0
0.0
0.0
0.0
0.0
0.0
0.0
0.0
0.0
0.0
0.0
0.0
0.0
0.0
0.0
0.0
0.0
0.0
0.0
0.0
0.0
0.0
0.0
0.0
0.0
0.0
0.0
0.0
0.0
0.0
0.0
0.0
0.0
0.0
0.0
0.0
0.0
0.0
0.0
0.0
0.0
0.0
0.0
0.0
0.0
0.0
0.0
0.0
0.0
0.0
0.0
0.0
0.0
0.0
0.0
0.0
0.0
0.0
0.0
0.0
0.0
0.0
0.0
0.0
0.0
0.0
0.0
0.0
0.0
0.0
0.0
0.0
0.0
0.0
0.0
0.0
0.0
0.0
0.0
0.0
0.0
0.0
0.0
0.0
0.0
0.0
0.0
0.0
0.0
0.0
0.0
0.0
0.0
0.0
0.0
0.0
0.0
0.0
0.0
0.0
0.0
0.0
0.0
0.0
0.0
0.0
0.0
0.0
0.0
0.0
0.0
0.0
0.0
0.0
0.0
0.0
0.0
0.0
0.0
0.0
0.0
0.0
0.0
0.0
0.0
0.0
0.0
0.0
0.0
0.0
0.0
0.0
0.0
0.0
0.0
0.0
0.0
0.0
0.0
0.0
0.0
0.0
0.0
0.0
0.0
0.0
0.0
0.0
0.0
0.0
0.0
0.0
0.0
0.0
0.0
0.0
0.0
0.0
0.0
0.0
0.0
0.0
0.0
0.0
0.0
0.0
0.0
0.0
0.0
0.0
0.0
0.0
0.0
0.0
0.0
0.0
0.0
0.0
0.0
0.0
0.0
0.0
0.0
0.0
0.0
0.0
0.0
0.0
0.0
0.0
0.0
0.0
0.0
0.0
0.0
0.0
0.0
0.0
0.0
0.0
0.0
0.0
0.0
0.0
0.0
0.0
0.0
0.0
0.0
0.0
0.0
0.0
0.0
0.0
0.0
0.0
0.0
0.0
0.0
0.0
0.0
0.0
0.0
0.0
0.0
0.0
0.0
0.0
0.0
0.0
0.0
0.0
0.0
0.0
0.0
0.0
0.0
0.0
0.0
0.0
0.0
0.0
0.0
0.0
0.0
0.0
0.0
0.0
0.0
0.0
0.0
0.0
0.0
0.0
0.0
0.0
0.0
0.0
0.0
0.0
0.0
0.0
0.0
0.0
0.0
0.0
0.0
0.0
0.0
0.0
0.0
0.0
0.0
0.0
0.0
0.0
0.0
0.0
0.0
0.0
0.0
0.0
0.0
0.0
0.0
0.0
0.0
0.0
0.0
0.0
0.0
0.0
0.0
0.0
0.0
0.0
0.0
0.0
0.0
0.0
0.0
0.0
0.0
0.0
0.0
0.0
0.0
0.0
0.0
0.0
0.0
0.0
0.0
0.0
0.0
0.0
0.0
0.0
0.0
0.0
0.0
0.0
0.0
0.0
0.0
0.0
0.0
0.0
0.0
0.0
0.0
0.0
0.0
0.0
0.0
0.0
0.0
0.0
0.0
0.0
0.0
0.0
0.0
0.0
0.0
0.0
0.0
0.0
0.0
0.0
0.0
0.0
0.0
0.0
0.0
0.0
0.0
0.0
0.0
0.0
0.0
0.0
0.0
0.0
0.0
0.0
0.0
0.0
0.0
0.0
0.0
0.0
0.0
0.0
0.0
0.0
0.0
0.0
0.0
0.0
0.0
0.0
0.0
0.0
0.0
0.0
0.0
0.0
0.0
0.0
0.0
0.0
0.0
0.0
0.0
0.0
0.0
0.0
0.0
0.0
0.0
0.0
0.0
0.0
0.0
0.0
0.0
0.0
0.0
0.0
0.0
0.0
0.0
0.0
0.0
0.0
0.0
0.0
0.0
0.0
0.0
0.0
0.0
0.0
0.0
0.0
0.0
0.0
0.0
0.0
0.0
0.0
0.0
0.0
0.0
0.0
0.0
0.0
0.0
0.0
0.0
0.0
0.0
0.0
0.0
0.0
0.0
0.0
0.0
0.0
0.0
0.0
0.0
0.0
0.0
0.0
0.0
0.0
0.0
0.0
0.0
0.0
0.0
0.0
0.0
0.0
0.0
0.0
0.0
0.0
0.0
0.0
0.0
0.0
0.0
0.0
0.0
0.0
0.0
0.0
0.0
0.0
0.0
0.0
0.0
0.0
0.0
0.0
0.0
0.0
0.0
0.0
0.0
0.0
0.0
0.0
0.0
0.0
0.0
0.0
0.0
0.0
0.0
0.0
0.0
0.0
0.0
0.0
0.0
0.0
0.0
0.0
0.0
0.0
0.0
0.0
0.0
0.0
0.0
0.0
0.0
0.0
0.0
0.0
0.0
0.0
0.0
0.0
0.0
0.0
0.0
0.0
0.0
0.0
0.0
0.0
0.0
0.0
0.0
0.0
0.0
0.0
0.0
0.0
0.0
0.0
0.0
0.0
0.0
0.0
0.0
0.0
0.0
0.0
0.0
0.0
0.0
0.0
0.0
0.0
0.0
0.0
0.0
0.0
0.0
0.0
0.0
0.0
0.0
0.0
0.0
0.0
0.0
0.0
0.0
0.0
0.0
0.0
0.0
0.0
0.0
0.0
0.0
0.0
0.0
0.0
0.0
0.0
0.0
0.0
0.0
0.0
0.0
0.0
0.0
0.0
0.0
0.0
0.0
0.0
0.0
0.0
0.0
0.0
0.0
0.0
0.0
0.0
0.0
0.0
0.0
0.0
0.0
0.0
0.0
0.0
0.0
0.0
0.0
0.0
0.0
0.0
0.0
0.0
0.0
0.0
0.0
0.0
0.0
0.0
0.0
0.0
0.0
0.0
0.0
0.0
0.0
0.0
0.0
0.0
0.0
0.0
0.0
0.0
0.0
0.0
0.0
0.0
0.0
0.0
0.0
0.0
0.0
0.0
0.0
0.0
0.0
0.0
0.0
0.0
0.0
0.0
0.0
0.0
0.0
0.0
0.0
0.0
0.0
0.0
0.0
0.0
0.0
0.0
0.0
0.0
0.0
0.0
0.0
0.0
0.0
0.0
0.0
0.0
0.0
0.0
0.0
0.0
0.0
0.0
0.0
0.0
0.0
0.0
0.0
0.0
0.0
0.0
0.0
0.0
0.0
0.0
0.0
0.0
0.0
0.0
0.0
0.0
0.0
0.0
0.0
0.0
0.0
0.0
0.0
0.0
0.0
0.0
0.0
0.0
0.0
0.0
0.0
0.0
0.0
0.0
0.0
0.0
0.0
0.0
0.0
0.0
0.0
0.0
0.0
0.0
0.0
0.0
0.0
0.0
0.0
0.0
0.0
0.0
0.0
0.0
0.0
0.0
0.0
0.0
0.0
0.0
0.0
0.0
0.0
0.0
0.0
0.0
0.0
0.0
0.0
0.0
0.0
0.0
0.0
0.0
0.0
0.0
0.0
0.0
0.0
0.0
0.0
0.0
0.0
0.0
0.0
0.0
0.0
0.0
0.0
0.0
0.0
0.0
0.0
0.0
0.0
0.0
0.0
0.0
0.0
0.0
0.0
0.0
0.0
0.0
0.0
0.0
0.0
0.0
0.0
0.0
0.0
0.0
0.0
0.0
0.0
0.0
0.0
0.0
0.0
0.0
0.0
0.0
0.0
0.0
0.0
0.0
0.0
0.0
0.0
0.0
0.0
0.0
0.0
0.0
0.0
0.0
0.0
0.0
0.0
0.0
0.0
0.0
0.0
0.0
0.0
0.0
0.0
0.0
0.0
0.0
0.0
0.0
0.0
0.0
0.0
0.0
0.0
0.0
0.0
0.0
0.0
0.0
0.0
0.0
0.0
0.0
0.0
0.0
0.0
0.0
0.0
0.0
0.0
0.0
0.0
0.0
0.0
0.0
0.0
0.0
0.0
0.0
0.0
0.0
0.0
0.0
0.0
0.0
0.0
0.0
0.0
0.0
0.0
0.0
0.0
0.0
0.0
0.0
0.0
0.0
0.0
0.0
0.0
0.0
0.0
0.0
0.0
0.0
0.0
0.0
0.0
0.0
0.0
0.0
0.0
0.0
0.0
0.0
0.0
0.0
0.0
0.0
0.0
0.0
0.0
0.0
0.0
0.0
0.0
0.0
0.0
0.0
0.0
0.0
0.0
0.0
0.0
0.0
0.0
0.0
0.0
0.0
0.0
0.0
0.0
0.0
0.0
0.0
0.0
0.0
0.0
0.0
0.0
0.0
0.0
0.0
0.0
0.0
0.0
0.0
0.0
0.0
0.0
0.0
0.0
0.0
0.0
0.0
0.0
0.0
0.0
0.0
0.0
0.0
0.0
0.0
0.0
0.0
0.0
0.0
0.0
0.0
0.0
0.0
0.0
0.0
0.0
0.0
0.0
0.0
0.0
0.0
0.0
0.0
0.0
0.0
0.0
0.0
0.0
0.0
0.0
0.0
0.0
0.0
0.0
0.0
0.0
0.0
0.0
0.0
0.0
0.0
0.0
0.0
0.0
0.0
0.0
0.0
0.0
0.0
0.0
0.0
0.0
0.0
0.0
0.0
0.0
0.0
0.0
0.0
0.0
0.0
0.0
0.0
0.0
0.0
0.0
0.0
0.0
0.0
0.0
0.0
0.0
0.0
0.0
0.0
0.0
0.0
0.0
0.0
0.0
0.0
0.0
0.0
0.0
0.0
0.0
0.0
0.0
0.0
0.0
0.0
0.0
0.0
0.0
0.0
0.0
0.0
0.0
0.0
0.0
0.0
0.0
0.0
0.0
0.0
0.0
0.0
0.0
0.0
0.0
0.0
0.0
0.0
0.0
0.0
0.0
0.0
0.0
0.0
0.0
0.0
0.0
0.0
0.0
0.0
0.0
0.0
0.0
0.0
0.0
0.0
0.0
0.0
0.0
0.0
0.0
0.0
0.0
0.0
0.0
0.0
0.0
0.0
0.0
0.0
0.0
0.0
0.0
0.0
0.0
0.0
0.0
0.0
0.0
0.0
0.0
0.0
0.0
0.0
0.0
0.0
0.0
0.0
0.0
0.0
0.0
0.0
0.0
0.0
0.0
0.0
0.0
0.0
0.0
0.0
0.0
0.0
0.0
0.0
0.0
0.0
0.0
0.0
0.0
0.0
0.0
0.0
0.0
0.0
0.0
0.0
0.0
0.0
0.0
0.0
0.0
0.0
0.0
0.0
0.0
0.0
0.0
0.0
0.0
0.0
0.0
0.0
0.0
0.0
0.0
0.0
0.0
0.0
0.0
0.0
0.0
0.0
0.0
0.0
0.0
0.0
0.0
0.0
0.0
0.0
0.0
0.0
0.0
0.0
0.0
0.0
0.0
0.0
0.0
0.0
0.0
0.0
0.0
0.0
0.0
0.0
0.0
0.0
0.0
0.0
0.0
0.0
0.0
0.0
0.0
0.0
0.0
0.0
0.0
0.0
0.0
0.0
0.0
0.0
0.0
0.0
0.0
0.0
0.0
0.0
0.0
0.0
0.0
0.0
0.0
0.0
0.0
0.0
0.0
0.0
0.0
0.0
0.0
0.0
0.0
0.0
0.0
0.0
0.0
0.0
0.0
0.0
0.0
0.0
0.0
0.0
0.0
0.0
0.0
0.0
0.0
0.0
0.0
0.0
0.0
0.0
0.0
0.0
0.0
0.0
0.0
0.0
0.0
0.0
0.0
0.0
0.0
0.0
0.0
0.0
0.0
0.0
0.0
0.0
0.0
0.0
0.0
0.0
0.0
0.0
0.0
0.0
0.0
0.0
0.0
0.0
0.0
0.0
0.0
0.0
0.0
0.0
0.0
0.0
0.0
0.0
0.0
0.0
0.0
0.0
0.0
0.0
0.0
0.0
0.0
0.0
0.0
0.0
0.0
0.0
0.0
0.0
0.0
0.0
0.0
0.0
0.0
0.0
0.0
0.0
0.0
0.0
0.0
0.0
0.0
0.0
0.0
0.0
0.0
0.0
0.0
0.0
0.0
0.0
0.0
0.0
0.0
0.0
0.0
0.0
0.0
0.0
0.0
0.0
0.0
0.0
0.0
0.0
0.0
0.0
0.0
0.0
0.0
0.0
0.0
0.0
0.0
0.0
0.0
0.0
0.0
0.0
0.0
0.0
0.0
0.0
0.0
0.0
0.0
0.0
0.0
0.0
0.0
0.0
0.0
0.0
0.0
0.0
0.0
0.0
0.0
0.0
0.0
0.0
0.0
0.0
0.0
0.0
0.0
0.0
0.0
0.0
0.0
0.0
0.0
0.0
0.0
0.0
0.0
0.0
0.0
0.0
0.0
0.0
0.0
0.0
0.0
0.0
0.0
0.0
0.0
0.0
0.0
0.0
0.0
0.0
0.0
0.0
0.0
0.0
0.0
0.0
0.0
0.0
0.0
0.0
0.0
0.0
0.0
0.0
0.0
0.0
0.0
0.0
0.0
0.0
0.0
0.0
0.0
0.0
0.0
0.0
0.0
0.0
0.0
0.0
0.0
0.0
0.0
0.0
0.0
0.0
0.0
0.0
0.0
0.0
0.0
0.0
0.0
0.0
0.0
0.0
0.0
0.0
0.0
0.0
0.0
0.0
0.0
0.0
0.0
0.0
0.0
0.0
0.0
0.0
0.0
0.0
0.0
0.0
0.0
0.0
0.0
0.0
0.0
0.0
0.0
0.0
0.0
0.0
0.0
0.0
0.0
0.0
0.0
0.0
0.0
0.0
0.0
0.0
0.0
0.0
0.0
0.0
0.0
0.0
0.0
0.0
0.0
0.0
0.0
0.0
0.0
0.0
0.0
0.0
0.0
0.0
0.0
0.0
0.0
0.0
0.0
0.0
0.0
0.0
0.0
0.0
0.0
0.0
0.0
0.0
0.0
0.0
0.0
0.0
0.0
0.0
0.0
0.0
0.0
0.0
0.0
0.0
0.0
0.0
0.0
0.0
0.0
0.0
0.0
0.0
0.0
0.0
0.0
0.0
0.0
0.0
0.0
0.0
0.0
0.0
0.0
0.0
0.0
0.0
0.0
0.0
0.0
0.0
0.0
0.0
0.0
0.0
0.0
0.0
0.0
0.0
0.0
0.0
0.0
0.0
0.0
0.0
0.0
0.0
0.0
0.0
0.0
0.0
0.0
0.0
0.0
0.0
0.0
0.0
0.0
0.0
0.0
0.0
0.0
0.0
0.0
0.0
0.0
0.0
0.0
0.0
0.0
0.0
0.0
0.0
0.0
0.0
0.0
0.0
0.0
0.0
0.0
0.0
0.0
0.0
0.0
0.0
0.0
0.0
0.0
0.0
0.0
0.0
0.0
0.0
0.0
0.0
0.0
0.0
0.0
0.0
0.0
0.0
0.0
0.0
0.0
0.0
0.0
0.0
0.0
0.0
0.0
0.0
0.0
0.0
0.0
0.0
0.0
0.0
0.0
0.0
0.0
0.0
0.0
0.0
0.0
0.0
0.0
0.0
0.0
0.0
0.0
0.0
0.0
0.0
0.0
0.0
0.0
0.0
0.0
0.0
0.0
0.0
0.0
0.0
0.0
0.0
0.0
0.0
0.0
0.0
0.0
0.0
0.0
0.0
0.0
0.0
0.0
0.0
0.0
0.0
0.0
0.0
0.0
0.0
0.0
0.0
0.0
0.0
0.0
0.0
0.0
0.0
0.0
0.0
0.0
0.0
0.0
0.0
0.0
0.0
0.0
0.0
0.0
0.0
0.0
0.0
0.0
0.0
0.0
0.0
0.0
0.0
0.0
0.0
0.0
0.0
0.0
0.0
0.0
0.0
0.0
0.0
0.0
0.0
0.0
0.0
0.0
0.0
0.0
0.0
0.0
0.0
0.0
0.0
0.0
0.0
0.0
0.0
0.0
0.0
0.0
0.0
0.0
0.0
0.0
0.0
0.0
0.0
0.0
0.0
0.0
0.0
0.0
0.0
0.0
0.0
0.0
0.0
0.0
0.0
0.0
0.0
0.0
0.0
0.0
0.0
0.0
0.0
0.0
0.0
0.0
0.0
0.0
0.0
0.0
0.0
0.0
0.0
0.0
0.0
0.0
0.0
0.0
0.0
0.0
0.0
0.0
0.0
0.0
0.0
0.0
0.0
0.0
0.0
0.0
0.0
0.0
0.0
0.0
0.0
0.0
0.0
0.0
0.0
0.0
0.0
0.0
0.0
0.0
0.0
0.0
0.0
0.0
0.0
0.0
0.0
0.0
0.0
0.0
0.0
0.0
0.0
0.0
0.0
0.0
0.0
0.0
0.0
0.0
0.0
0.0
0.0
0.0
0.0
0.0
0.0
0.0
0.0
0.0
0.0
0.0
0.0
0.0
0.0
0.0
0.0
0.0
0.0
0.0
0.0
0.0
0.0
0.0
0.0
0.0
0.0
0.0
0.0
0.0
0.0
0.0
0.0
0.0
0.0
0.0
0.0
0.0
0.0
0.0
0.0
0.0
0.0
0.0
0.0
0.0
0.0
0.0
0.0
0.0
0.0
0.0
0.0
0.0
0.0
0.0
0.0
0.0
0.0
0.0
0.0
0.0
0.0
0.0
0.0
0.0
0.0
0.0
0.0
0.0
0.0
0.0
0.0
0.0
0.0
0.0
0.0
0.0
0.0
0.0
0.0
0.0
0.0
0.0
0.0
0.0
0.0
0.0
0.0
0.0
0.0
0.0
0.0
0.0
0.0
0.0
0.0
0.0
0.0
0.0
0.0
0.0
0.0
0.0
0.0
0.0
0.0
0.0
0.0
0.0
0.0
0.0
0.0
0.0
0.0
0.0
0.0
0.0
0.0
0.0
0.0
0.0
0.0
0.0
0.0
0.0
0.0
0.0
0.0
0.0
0.0
0.0
0.0
0.0
0.0
0.0
0.0
0.0
0.0
0.0
0.0
0.0
0.0
0.0
0.0
0.0
0.0
0.0
0.0
0.0
0.0
0.0
0.0
0.0
0.0
0.0
0.0
0.0
0.0
0.0
0.0
0.0
0.0
0.0
0.0
0.0
0.0
0.0
0.0
0.0
0.0
0.0
0.0
0.0
0.0
0.0
0.0
0.0
0.0
0.0
0.0
0.0
0.0
0.0
0.0
0.0
0.0
0.0
0.0
0.0
0.0
0.0
0.0
0.0
0.0
0.0
0.0
0.0
0.0
0.0
0.0
0.0
0.0
0.0
0.0
0.0
0.0
0.0
0.0
0.0
0.0
0.0
0.0
0.0
0.0
0.0
0.0
0.0
0.0
0.0
0.0
0.0
0.0
0.0
0.0
0.0
0.0
0.0
0.0
0.0
0.0
0.0
0.0
0.0
0.0
0.0
0.0
0.0
0.0
0.0
0.0
0.0
0.0
0.0
0.0
0.0
0.0
0.0
0.0
0.0
0.0
0.0
0.0
0.0
0.0
0.0
0.0
0.0
0.0
0.0
0.0
0.0
0.0
0.0
0.0
0.0
0.0
0.0
0.0
0.0
0.0
0.0
0.0
0.0
0.0
0.0
0.0
0.0
0.0
0.0
0.0
0.0
0.0
0.0
0.0
0.0
0.0
0.0
0.0
0.0
0.0
0.0
0.0
0.0
0.0
0.0
0.0
0.0
0.0
0.0
0.0
0.0
0.0
0.0
0.0
0.0
0.0
0.0
0.0
0.0
0.0
0.0
0.0
0.0
0.0
0.0
0.0
0.0
0.0
0.0
0.0
0.0
0.0
0.0
0.0
0.0
0.0
0.0
0.0
0.0
0.0
0.0
0.0
0.0
0.0
0.0
0.0
0.0
0.0
0.0
0.0
0.0
0.0
0.0
0.0
0.0
0.0
0.0
0.0
0.0
0.0
0.0
0.0
0.0
0.0
0.0
0.0
0.0
0.0
0.0
0.0
0.0
0.0
0.0
0.0
0.0
0.0
0.0
0.0
0.0
0.0
0.0
0.0
0.0
0.0
0.0
0.0
0.0
0.0
0.0
0.0
0.0
0.0
0.0
0.0
0.0
0.0
0.0
0.0
0.0
0.0
0.0
0.0
0.0
0.0
0.0
0.0
0.0
0.0
0.0
0.0
0.0
0.0
0.0
0.0
0.0
0.0
0.0
0.0
0.0
0.0
0.0
0.0
0.0
0.0
0.0
0.0
0.0
0.0
0.0
0.0
0.0
0.0
0.0
0.0
0.0
0.0
0.0
0.0
0.0
0.0
0.0
0.0
0.0
0.0
0.0
0.0
0.0
0.0
0.0
0.0
0.0
0.0
0.0
0.0
0.0
0.0
0.0
0.0
0.0
0.0
0.0
0.0
0.0
0.0
0.0
0.0
0.0
0.0
0.0
0.0
0.0
0.0
0.0
0.0
0.0
0.0
0.0
0.0
0.0
0.0
0.0
0.0
0.0
0.0
0.0
0.0
0.0
0.0
0.0
0.0
0.0
0.0
0.0
0.0
0.0
0.0
0.0
0.0
0.0
0.0
0.0
0.0
0.0
0.0
0.0
0.0
0.0
0.0
0.0
0.0
0.0
0.0
0.0
0.0
0.0
0.0
0.0
0.0
0.0
0.0
0.0
0.0
0.0
0.0
0.0
0.0
0.0
0.0
0.0
0.0
0.0
0.0
0.0
0.0
0.0
0.0
0.0
0.0
0.0
0.0
0.0
0.0
0.0
0.0
0.0
0.0
0.0
0.0
0.0
0.0
0.0
0.0
0.0
0.0
0.0
0.0
0.0
0.0
0.0
0.0
0.0
0.0
0.0
0.0
0.0
0.0
0.0
0.0
0.0
0.0
0.0
0.0
0.0
0.0
0.0
0.0
0.0
0.0
0.0
0.0
0.0
0.0
0.0
0.0
0.0
0.0
0.0
0.0
0.0
0.0
0.0
0.0
0.0
0.0
0.0
0.0
0.0
0.0
0.0
0.0
0.0
0.0
0.0
0.0
0.0
0.0
0.0
0.0
0.0
0.0
0.0
0.0
0.0
0.0
0.0
0.0
0.0
0.0
0.0
0.0
0.0
0.0
0.0
0.0
0.0
0.0
0.0
0.0
0.0
0.0
0.0
0.0
0.0
0.0
0.0
0.0
0.0
0.0
0.0
0.0
0.0
0.0
0.0
0.0
0.0
0.0
0.0
0.0
0.0
0.0
0.0
0.0
0.0
0.0
0.0
0.0
0.0
0.0
0.0
0.0
0.0
0.0
0.0
0.0
0.0
0.0
0.0
0.0
0.0
0.0
0.0
0.0
0.0
0.0
0.0
0.0
0.0
0.0
0.0
0.0
0.0
0.0
0.0
0.0
0.0
0.0
0.0
0.0
0.0
0.0
0.0
0.0
0.0
0.0
0.0
0.0
0.0
0.0
0.0
0.0
0.0
0.0
0.0
0.0
0.0
0.0
0.0
0.0
0.0
0.0
0.0
0.0
0.0
0.0
0.0
0.0
0.0
0.0
0.0
0.0
0.0
0.0
0.0
0.0
0.0
0.0
0.0
0.0
0.0
0.0
0.0
0.0
0.0
0.0
0.0
0.0
0.0
0.0
0.0
0.0
0.0
0.0
0.0
0.0
0.0
0.0
0.0
0.0
0.0
0.0
0.0
0.0
0.0
0.0
0.0
0.0
0.0
0.0
0.0
0.0
0.0
0.0
0.0
0.0
0.0
0.0
0.0
0.0
0.0
0.0
0.0
0.0
0.0
0.0
0.0
0.0
0.0
0.0
0.0
0.0
0.0
0.0
0.0
0.0
0.0
0.0
0.0
0.0
0.0
0.0
0.0
0.0
0.0
0.0
0.0
0.0
0.0
0.0
0.0
0.0
0.0
0.0
0.0
0.0
0.0
0.0
0.0
0.0
0.0
0.0
0.0
0.0
0.0
0.0
0.0
0.0
0.0
0.0
0.0
0.0
0.0
0.0
0.0
0.0
0.0
0.0
0.0
0.0
0.0
0.0
0.0
0.0
0.0
0.0
0.0
0.0
0.0
0.0
0.0
0.0
0.0
0.0
0.0
0.0
0.0
0.0
0.0
0.0
0.0
0.0
0.0
0.0
0.0
0.0
0.0
0.0
0.0
0.0
0.0
0.0
0.0
0.0
0.0
0.0
0.0
0.0
0.0
0.0
0.0
0.0
0.0
0.0
0.0
0.0
0.0
0.0
0.0
0.0
0.0
0.0
0.0
0.0
0.0
0.0
0.0
0.0
0.0
0.0
0.0
0.0
0.0
0.0
0.0
0.0
0.0
0.0
0.0
0.0
0.0
0.0
0.0
0.0
0.0
0.0
0.0
0.0
0.0
0.0
0.0
0.0
0.0
0.0
0.0
0.0
0.0
0.0
0.0
0.0
0.0
0.0
0.0
0.0
0.0
0.0
0.0
0.0
0.0
0.0
0.0
0.0
0.0
0.0
0.0
0.0
0.0
0.0
0.0
0.0
0.0
0.0
0.0
0.0
0.0
0.0
0.0
0.0
0.0
0.0
0.0
0.0
0.0
0.0
0.0
0.0
0.0
0.0
0.0
0.0
0.0
0.0
0.0
0.0
0.0
0.0
0.0
0.0
0.0
0.0
0.0
0.0
0.0
0.0
0.0
0.0
0.0
0.0
0.0
0.0
0.0
0.0
0.0
0.0
0.0
0.0
0.0
0.0
0.0
0.0
0.0
0.0
0.0
0.0
0.0
0.0
0.0
0.0
0.0
0.0
0.0
0.0
0.0
0.0
0.0
0.0
0.0
0.0
0.0
0.0
0.0
0.0
0.0
0.0
0.0
0.0
0.0
0.0
0.0
0.0
0.0
0.0
0.0
0.0
0.0
0.0
0.0
0.0
0.0
0.0
0.0
0.0
0.0
0.0
0.0
0.0
0.0
0.0
0.0
0.0
0.0
0.0
0.0
0.0
0.0
0.0
0.0
0.0
0.0
0.0
0.0
0.0
0.0
0.0
0.0
0.0
0.0
0.0
0.0
0.0
0.0
0.0
0.0
0.0
0.0
0.0
0.0
0.0
0.0
0.0
0.0
0.0
0.0
0.0
0.0
0.0
0.0
0.0
0.0
0.0
0.0
0.0
0.0
0.0
0.0
0.0
0.0
0.0
0.0
0.0
0.0
0.0
0.0
0.0
0.0
0.0
0.0
0.0
0.0
0.0
0.0
0.0
0.0
0.0
0.0
0.0
0.0
0.0
0.0
0.0
0.0
0.0
0.0
0.0
0.0
0.0
0.0
0.0
0.0
0.0
0.0
0.0
0.0
0.0
0.0
0.0
0.0
0.0
0.0
0.0
0.0
0.0
0.0
0.0
0.0
0.0
0.0
0.0
0.0
0.0
0.0
0.0
0.0
0.0
0.0
0.0
0.0
0.0
0.0
0.0
0.0
0.0
0.0
0.0
0.0
0.0
0.0
0.0
0.0
0.0
0.0
0.0
0.0
0.0
0.0
0.0
0.0
0.0
0.0
0.0
0.0
0.0
0.0
0.0
0.0
0.0
0.0
0.0
0.0
0.0
0.0
0.0
0.0
0.0
0.0
0.0
0.0
0.0
0.0
0.0
0.0
0.0
0.0
0.0
0.0
0.0
0.0
0.0
0.0
0.0
0.0
0.0
0.0
0.0
0.0
0.0
0.0
0.0
0.0
0.0
0.0
0.0
0.0
0.0
0.0
0.0
0.0
0.0
0.0
0.0
0.0
0.0
0.0
0.0
0.0
0.0
0.0
0.0
0.0
0.0
0.0
0.0
0.0
0.0
0.0
0.0
0.0
0.0
0.0
0.0
0.0
0.0
0.0
0.0
0.0
0.0
0.0
0.0
0.0
0.0
0.0
0.0
0.0
0.0
0.0
0.0
0.0
0.0
0.0
0.0
0.0
0.0
0.0
0.0
0.0
0.0
0.0
0.0
0.0
0.0
0.0
0.0
0.0
0.0
0.0
0.0
0.0
0.0
0.0
0.0
0.0
0.0
0.0
0.0
0.0
0.0
0.0
0.0
0.0
0.0
0.0
0.0
0.0
0.0
0.0
0.0
0.0
0.0
0.0
0.0
0.0
0.0
0.0
0.0
0.0
0.0
0.0
0.0
0.0
0.0
0.0
0.0
0.0
0.0
0.0
0.0
0.0
0.0
0.0
0.0
0.0
0.0
0.0
0.0
0.0
0.0
0.0
0.0
0.0
0.0
0.0
0.0
0.0
0.0
0.0
0.0
0.0
0.0
0.0
0.0
0.0
0.0
0.0
0.0
0.0
0.0
0.0
0.0
0.0
0.0
0.0
0.0
0.0
0.0
0.0
0.0
0.0
0.0
0.0
0.0
0.0
0.0
0.0
0.0
0.0
0.0
0.0
0.0
0.0
0.0
0.0
0.0
0.0
0.0
0.0
0.0
0.0
0.0
0.0
0.0
0.0
0.0
0.0
0.0
0.0
0.0
0.0
0.0
0.0
0.0
0.0
0.0
0.0
0.0
0.0
0.0
0.0
0.0
0.0
0.0
0.0
0.0
0.0
0.0
0.0
0.0
0.0
0.0
0.0
0.0
0.0
0.0
0.0
0.0
0.0
0.0
0.0
0.0
0.0
0.0
0.0
0.0
0.0
0.0
0.0
0.0
0.0
0.0
0.0
0.0
0.0
0.0
0.0
0.0
0.0
0.0
0.0
0.0
0.0
0.0
0.0
0.0
0.0
0.0
0.0
0.0
0.0
0.0
0.0
0.0
0.0
0.0
0.0
0.0
0.0
0.0
0.0
0.0
0.0
0.0
0.0
0.0
0.0
0.0
0.0
0.0
0.0
0.0
0.0
0.0
0.0
0.0
0.0
0.0
0.0
0.0
0.0
0.0
0.0
0.0
0.0
0.0
0.0
0.0
0.0
0.0
0.0
0.0
0.0
0.0
0.0
0.0
0.0
0.0
0.0
0.0
0.0
0.0
0.0
0.0
0.0
0.0
0.0
0.0
0.0
0.0
0.0
0.0
0.0
0.0
0.0
0.0
0.0
0.0
0.0
0.0
0.0
0.0
0.0
0.0
0.0
0.0
0.0
0.0
0.0
0.0
0.0
0.0
0.0
0.0
0.0
0.0
0.0
0.0
0.0
0.0
0.0
0.0
0.0
0.0
0.0
0.0
0.0
0.0
0.0
0.0
0.0
0.0
0.0
0.0
0.0
0.0
0.0
0.0
0.0
0.0
0.0
0.0
0.0
0.0
0.0
0.0
0.0
0.0
0.0
0.0
0.0
0.0
0.0
0.0
0.0
0.0
0.0
0.0
0.0
0.0
0.0
0.0
0.0
0.0
0.0
0.0
0.0
0.0
0.0
0.0
0.0
0.0
0.0
0.0
0.0
0.0
0.0
0.0
0.0
0.0
0.0
0.0
0.0
0.0
0.0
0.0
0.0
0.0
0.0
0.0
0.0
0.0
0.0
0.0
0.0
0.0
0.0
0.0
0.0
0.0
0.0
0.0
0.0
0.0
0.0
0.0
0.0
0.0
0.0
0.0
0.0
0.0
0.0
0.0
0.0
0.0
0.0
0.0
0.0
0.0
0.0
0.0
0.0
0.0
0.0
0.0
0.0
0.0
0.0
0.0
0.0
0.0
0.0
0.0
0.0
0.0
0.0
0.0
0.0
0.0
0.0
0.0
0.0
0.0
0.0
0.0
0.0
0.0
0.0
0.0
0.0
0.0
0.0
0.0
0.0
0.0
0.0
0.0
0.0
0.0
0.0
0.0
0.0
0.0
0.0
0.0
0.0
0.0
0.0
0.0
0.0
0.0
0.0
0.0
0.0
0.0
0.0
0.0
0.0
0.0
0.0
0.0
0.0
0.0
0.0
0.0
0.0
0.0
0.0
0.0
0.0
0.0
0.0
0.0
0.0
0.0
0.0
0.0
0.0
0.0
0.0
0.0
0.0
0.0
0.0
0.0
0.0
0.0
0.0
0.0
0.0
0.0
0.0
0.0
0.0
0.0
0.0
0.0
0.0
0.0
0.0
0.0
0.0
0.0
0.0
0.0
0.0
0.0
0.0
0.0
0.0
0.0
0.0
0.0
0.0
0.0
0.0
0.0
0.0
0.0
0.0
0.0
0.0
0.0
0.0
0.0
0.0
0.0
0.0
0.0
0.0
0.0
0.0
0.0
0.0
0.0
0.0
0.0
0.0
0.0
0.0
0.0
0.0
0.0
0.0
0.0
0.0
0.0
0.0
0.0
0.0
0.0
0.0
0.0
0.0
0.0
0.0
0.0
0.0
0.0
0.0
0.0
0.0
0.0
0.0
0.0
0.0
0.0
0.0
0.0
0.0
0.0
0.0
0.0
0.0
0.0
0.0
0.0
0.0
0.0
0.0
0.0
0.0
0.0
0.0
0.0
0.0
0.0
0.0
0.0
0.0
0.0
0.0
0.0
0.0
0.0
0.0
0.0
0.0
0.0
0.0
0.0
0.0
0.0
0.0
0.0
0.0
0.0
0.0
0.0
0.0
0.0
0.0
0.0
0.0
0.0
0.0
0.0
0.0
0.0
0.0
0.0
0.0
0.0
0.0
0.0
0.0
0.0
0.0
0.0
0.0
0.0
0.0
0.0
0.0
0.0
0.0
0.0
0.0
0.0
0.0
0.0
0.0
0.0
0.0
0.0
0.0
0.0
0.0
0.0
0.0
0.0
0.0
0.0
0.0
0.0
0.0
0.0
0.0
0.0
0.0
0.0
0.0
0.0
0.0
0.0
0.0
0.0
0.0
0.0
0.0
0.0
0.0
0.0
0.0
0.0
0.0
0.0
0.0
0.0
0.0
0.0
0.0
0.0
0.0
0.0
0.0
0.0
0.0
0.0
0.0
0.0
0.0
0.0
0.0
0.0
0.0
0.0
0.0
0.0
0.0
0.0
0.0
0.0
0.0
0.0
0.0
0.0
0.0
0.0
0.0
0.0
0.0
0.0
0.0
0.0
0.0
0.0
0.0
0.0
0.0
0.0
0.0
0.0
0.0
0.0
0.0
0.0
0.0
0.0
0.0
0.0
0.0
0.0
0.0
0.0
0.0
0.0
0.0
0.0
0.0
0.0
0.0
0.0
0.0
0.0
0.0
0.0
0.0
0.0
0.0
0.0
0.0
0.0
0.0
0.0
0.0
0.0
0.0
0.0
0.0
0.0
0.0
0.0
0.0
0.0
0.0
0.0
0.0
0.0
0.0
0.0
0.0
0.0
0.0
0.0
0.0
0.0
0.0
0.0
0.0
0.0
0.0
0.0
0.0
0.0
0.0
0.0
0.0
0.0
0.0
0.0
0.0
0.0
0.0
0.0
0.0
0.0
0.0
0.0
0.0
0.0
0.0
0.0
0.0
0.0
0.0
0.0
0.0
0.0
0.0
0.0
0.0
0.0
0.0
0.0
0.0
0.0
0.0
0.0
0.0
0.0
0.0
0.0
0.0
0.0
0.0
0.0
0.0
0.0
0.0
0.0
0.0
0.0
0.0
0.0
0.0
0.0
0.0
0.0
0.0
0.0
0.0
0.0
0.0
0.0
0.0
0.0
0.0
0.0
0.0
0.0
0.0
0.0
0.0
0.0
0.0
0.0
0.0
0.0
0.0
0.0
0.0
0.0
0.0
0.0
0.0
0.0
0.0
0.0
0.0
0.0
0.0
0.0
0.0
0.0
0.0
0.0
0.0
0.0
0.0
0.0
0.0
0.0
0.0
0.0
0.0
0.0
0.0
0.0
0.0
0.0
0.0
0.0
0.0
0.0
0.0
0.0
0.0
0.0
0.0
0.0
0.0
0.0
0.0
0.0
0.0
0.0
0.0
0.0
0.0
0.0
0.0
0.0
0.0
0.0
0.0
0.0
0.0
0.0
0.0
0.0
0.0
0.0
0.0
0.0
0.0
0.0
0.0
0.0
0.0
0.0
0.0
0.0
0.0
0.0
0.0
0.0
0.0
0.0
0.0
0.0
0.0
0.0
0.0
0.0
0.0
0.0
0.0
0.0
0.0
0.0
0.0
0.0
0.0
0.0
0.0
0.0
0.0
0.0
0.0
0.0
0.0
0.0
0.0
0.0
0.0
0.0
0.0
0.0
0.0
0.0
0.0
0.0
0.0
0.0
0.0
0.0
0.0
0.0
0.0
0.0
0.0
0.0
0.0
0.0
0.0
0.0
0.0
0.0
0.0
0.0
0.0
0.0
0.0
0.0
0.0
0.0
0.0
0.0
0.0
0.0
0.0
0.0
0.0
0.0
0.0
0.0
0.0
0.0
0.0
0.0
0.0
0.0
0.0
0.0
0.0
0.0
0.0
0.0
0.0
0.0
0.0
0.0
0.0
0.0
0.0
0.0
0.0
0.0
0.0
0.0
0.0
0.0
0.0
0.0
0.0
0.0
0.0
0.0
0.0
0.0
0.0
0.0
0.0
0.0
0.0
0.0
0.0
0.0
0.0
0.0
0.0
0.0
0.0
0.0
0.0
0.0
0.0
0.0
0.0
0.0
0.0
0.0
0.0
0.0
0.0
0.0
0.0
0.0
0.0
0.0
0.0
0.0
0.0
0.0
0.0
0.0
0.0
0.0
0.0
0.0
0.0
0.0
0.0
0.0
0.0
0.0
0.0
0.0
0.0
0.0
0.0
0.0
0.0
0.0
0.0
0.0
0.0
0.0
0.0
0.0
0.0
0.0
0.0
0.0
0.0
0.0
0.0
0.0
0.0
0.0
0.0
0.0
0.0
0.0
0.0
0.0
0.0
0.0
0.0
0.0
0.0
0.0
0.0
0.0
0.0
0.0
0.0
0.0
0.0
0.0
0.0
0.0
0.0
0.0
0.0
0.0
0.0
0.0
0.0
0.0
0.0
0.0
0.0
0.0
0.0
0.0
0.0
0.0
0.0
0.0
0.0
0.0
0.0
0.0
0.0
0.0
0.0
0.0
0.0
0.0
0.0
0.0
0.0
0.0
0.0
0.0
0.0
0.0
0.0
0.0
0.0
0.0
0.0
0.0
0.0
0.0
0.0
0.0
0.0
0.0
0.0
0.0
0.0
0.0
0.0
0.0
0.0
0.0
0.0
0.0
0.0
0.0
0.0
0.0
0.0
0.0
0.0
0.0
0.0
0.0
0.0
0.0
0.0
0.0
0.0
0.0
0.0
0.0
0.0
0.0
0.0
0.0
0.0
0.0
0.0
0.0
0.0
0.0
0.0
0.0
0.0
0.0
0.0
0.0
0.0
0.0
0.0
0.0
0.0
0.0
0.0
0.0
0.0
0.0
0.0
0.0
0.0
0.0
0.0
0.0
0.0
0.0
0.0
0.0
0.0
0.0
0.0
0.0
0.0
0.0
0.0
0.0
0.0
0.0
0.0
0.0
0.0
0.0
0.0
0.0
0.0
0.0
0.0
0.0
0.0
0.0
0.0
0.0
0.0
0.0
0.0
0.0
0.0
0.0
0.0
0.0
0.0
0.0
0.0
0.0
0.0
0.0
0.0
0.0
0.0
0.0
0.0
0.0
0.0
0.0
0.0
0.0
0.0
0.0
0.0
0.0
0.0
0.0
0.0
0.0
0.0
0.0
0.0
0.0
0.0
0.0
0.0
0.0
0.0
0.0
0.0
0.0
0.0
0.0
0.0
0.0
0.0
0.0
0.0
0.0
0.0
0.0
0.0
0.0
0.0
0.0
0.0
0.0
0.0
0.0
0.0
0.0
0.0
0.0
0.0
0.0
0.0
0.0
0.0
0.0
0.0
0.0
0.0
0.0
0.0
0.0
0.0
0.0
0.0
0.0
0.0
0.0
0.0
0.0
0.0
0.0
0.0
0.0
0.0
0.0
0.0
0.0
0.0
0.0
0.0
0.0
0.0
0.0
0.0
0.0
0.0
0.0
0.0
0.0
0.0
0.0
0.0
0.0
0.0
0.0
0.0
0.0
0.0
0.0
0.0
0.0
0.0
0.0
0.0
0.0
0.0
0.0
0.0
0.0
0.0
0.0
0.0
0.0
0.0
0.0
0.0
0.0
0.0
0.0
0.0
0.0
0.0
0.0
0.0
0.0
0.0
0.0
0.0
0.0
0.0
0.0
0.0
0.0
0.0
0.0
0.0
0.0
0.0
0.0
0.0
0.0
0.0
0.0
0.0
0.0
0.0
0.0
0.0
0.0
0.0
0.0
0.0
0.0
0.0
0.0
0.0
0.0
0.0
0.0
0.0
0.0
0.0
0.0
0.0
0.0
0.0
0.0
0.0
0.0
0.0
0.0
0.0
0.0
0.0
0.0
0.0
0.0
0.0
0.0
0.0
0.0
0.0
0.0
0.0
0.0
0.0
0.0
0.0
0.0
0.0
0.0
0.0
0.0
0.0
0.0
0.0
0.0
0.0
0.0
0.0
0.0
0.0
0.0
0.0
0.0
0.0
0.0
0.0
0.0
0.0
0.0
0.0
0.0
0.0
0.0
0.0
0.0
0.0
0.0
0.0
0.0
0.0
0.0
0.0
0.0
0.0
0.0
0.0
0.0
0.0
0.0
0.0
0.0
0.0
0.0
0.0
0.0
0.0
0.0
0.0
0.0
0.0
0.0
0.0
0.0
0.0
0.0
0.0
0.0
0.0
0.0
0.0
0.0
0.0
0.0
0.0
0.0
0.0
0.0
0.0
0.0
0.0
0.0
0.0
0.0
0.0
0.0
0.0
0.0
0.0
0.0
0.0
0.0
0.0
0.0
0.0
0.0
0.0
0.0
0.0
0.0
0.0
0.0
0.0
0.0
0.0
0.0
0.0
0.0
0.0
0.0
0.0
0.0
0.0
0.0
0.0
0.0
0.0
0.0
0.0
0.0
0.0
0.0
0.0
0.0
0.0
0.0
0.0
0.0
0.0
0.0
0.0
0.0
0.0
0.0
0.0
0.0
0.0
0.0
0.0
0.0
0.0
0.0
0.0
0.0
0.0
0.0
0.0
0.0
0.0
0.0
0.0
0.0
0.0
0.0
0.0
0.0
0.0
0.0
0.0
0.0
0.0
0.0
0.0
0.0
0.0
0.0
0.0
0.0
0.0
0.0
0.0
0.0
0.0
0.0
0.0
0.0
0.0
0.0
0.0
0.0
0.0
0.0
0.0
0.0
0.0
0.0
0.0
0.0
0.0
0.0
0.0
0.0
0.0
0.0
0.0
0.0
0.0
0.0
0.0
0.0
0.0
0.0
0.0
0.0
0.0
0.0
0.0
0.0
0.0
0.0
0.0
0.0
0.0
0.0
0.0
0.0
0.0
0.0
0.0
0.0
0.0
0.0
0.0
0.0
0.0
0.0
0.0
0.0
0.0
0.0
0.0
0.0
0.0
0.0
0.0
0.0
0.0
0.0
0.0
0.0
0.0
0.0
0.0
0.0
0.0
0.0
0.0
0.0
0.0
0.0
0.0
0.0
0.0
0.0
0.0
0.0
0.0
0.0
0.0
0.0
0.0
0.0
0.0
0.0
0.0
0.0
0.0
0.0
0.0
0.0
0.0
0.0
0.0
0.0
0.0
0.0
0.0
0.0
0.0
0.0
0.0
0.0
0.0
0.0
0.0
0.0
0.0
0.0
0.0
0.0
0.0
0.0
0.0
0.0
0.0
0.0
0.0
0.0
0.0
0.0
0.0
0.0
0.0
0.0
0.0
0.0
0.0
0.0
0.0
0.0
0.0
0.0
0.0
0.0
0.0
0.0
0.0
0.0
0.0
0.0
0.0
0.0
0.0
0.0
0.0
0.0
0.0
0.0
0.0
0.0
0.0
0.0
0.0
0.0
0.0
0.0
0.0
0.0
0.0
0.0
0.0
0.0
0.0
0.0
0.0
0.0
0.0
0.0
0.0
0.0
0.0
0.0
0.0
0.0
0.0
0.0
0.0
0.0
0.0
0.0
0.0
0.0
0.0
0.0
0.0
0.0
0.0
0.0
0.0
0.0
0.0
0.0
0.0
0.0
0.0
0.0
0.0
0.0
0.0
0.0
0.0
0.0
0.0
0.0
0.0
0.0
0.0
0.0
0.0
0.0
0.0
0.0
0.0
0.0
0.0
0.0
0.0
0.0
0.0
0.0
0.0
0.0
0.0
0.0
0.0
0.0
0.0
0.0
0.0
0.0
0.0
0.0
0.0
0.0
0.0
0.0
0.0
0.0
0.0
0.0
0.0
0.0
0.0
0.0
0.0
0.0
0.0
0.0
0.0
0.0
0.0
0.0
0.0
0.0
0.0
0.0
0.0
0.0
0.0
0.0
0.0
0.0
0.0
0.0
0.0
0.0
0.0
0.0
0.0
0.0
0.0
0.0
0.0
0.0
0.0
0.0
0.0
0.0
0.0
0.0
0.0
0.0
0.0
0.0
0.0
0.0
0.0
0.0
0.0
0.0
0.0
0.0
0.0
0.0
0.0
0.0
0.0
0.0
0.0
0.0
0.0
0.0
0.0
0.0
0.0
0.0
0.0
0.0
0.0
0.0
0.0
0.0
0.0
0.0
0.0
0.0
0.0
0.0
0.0
0.0
0.0
0.0
0.0
0.0
0.0
0.0
0.0
0.0
0.0
0.0
0.0
0.0
0.0
0.0
0.0
0.0
0.0
0.0
0.0
0.0
0.0
0.0
0.0
0.0
0.0
0.0
0.0
0.0
0.0
0.0
0.0
0.0
0.0
0.0
0.0
0.0
0.0
0.0
0.0
0.0
0.0
0.0
0.0
0.0
0.0
0.0
0.0
0.0
0.0
0.0
0.0
0.0
0.0
0.0
0.0
0.0
0.0
0.0
0.0
0.0
0.0
0.0
0.0
0.0
0.0
0.0
0.0
0.0
0.0
0.0
0.0
0.0
0.0
0.0
0.0
0.0
0.0
0.0
0.0
0.0
0.0
0.0
0.0
0.0
0.0
0.0
0.0
0.0
0.0
0.0
0.0
0.0
0.0
0.0
0.0
0.0
0.0
0.0
0.0
0.0
0.0
0.0
0.0
0.0
0.0
0.0
0.0
0.0
0.0
0.0
0.0
0.0
0.0
0.0
0.0
0.0
0.0
0.0
0.0
0.0
0.0
0.0
0.0
0.0
0.0
0.0
0.0
0.0
0.0
0.0
0.0
0.0
0.0
0.0
0.0
0.0
0.0
0.0
0.0
0.0
0.0
0.0
0.0
0.0
0.0
0.0
0.0
0.0
0.0
0.0
0.0
0.0
0.0
0.0
0.0
0.0
0.0
0.0
0.0
0.0
0.0
0.0
0.0
0.0
0.0
0.0
0.0
0.0
0.0
0.0
0.0
0.0
0.0
0.0
0.0
0.0
0.0
0.0
0.0
0.0
0.0
0.0
0.0
0.0
0.0
0.0
0.0
0.0
0.0
0.0
0.0
0.0
0.0
0.0
0.0
0.0
0.0
0.0
0.0
0.0
0.0
0.0
0.0
0.0
0.0
0.0
0.0
0.0
0.0
0.0
0.0
0.0
0.0
0.0
0.0
0.0
0.0
0.0
0.0
0.0
0.0
0.0
0.0
0.0
0.0
0.0
0.0
0.0
0.0
0.0
0.0
0.0
0.0
0.0
0.0
0.0
0.0
0.0
0.0
0.0
0.0
0.0
0.0
0.0
0.0
0.0
0.0
0.0
0.0
0.0
0.0
0.0
0.0
0.0
0.0
0.0
0.0
0.0
0.0
0.0
0.0
0.0
0.0
0.0
0.0
0.0
0.0
0.0
0.0
0.0
0.0
0.0
0.0
0.0
0.0
0.0
0.0
0.0
0.0
0.0
0.0
0.0
0.0
0.0
0.0
0.0
0.0
0.0
0.0
0.0
0.0
0.0
0.0
0.0
0.0
0.0
0.0
0.0
0.0
0.0
0.0
0.0
0.0
0.0
0.0
0.0
0.0
0.0
0.0
0.0
0.0
0.0
0.0
0.0
0.0
0.0
0.0
0.0
0.0
0.0
0.0
0.0
0.0
0.0
0.0
0.0
0.0
0.0
0.0
0.0
0.0
0.0
0.0
0.0
0.0
0.0
0.0
0.0
0.0
0.0
0.0
0.0
0.0
0.0
0.0
0.0
0.0
0.0
0.0
0.0
0.0
0.0
0.0
0.0
0.0
0.0
0.0
0.0
0.0
0.0
0.0
0.0
0.0
0.0
0.0
0.0
0.0
0.0
0.0
0.0
0.0
0.0
0.0
0.0
0.0
0.0
0.0
0.0
0.0
0.0
0.0
0.0
0.0
0.0
0.0
0.0
0.0
0.0
0.0
0.0
0.0
0.0
0.0
0.0
0.0
0.0
0.0
0.0
0.0
0.0
0.0
0.0
0.0
0.0
0.0
0.0
0.0
0.0
0.0
0.0
0.0
0.0
0.0
0.0
0.0
0.0
0.0
0.0
0.0
0.0
0.0
0.0
0.0
0.0
0.0
0.0
0.0
0.0
0.0
0.0
0.0
0.0
0.0
0.0
0.0
0.0
0.0
0.0
0.0
0.0
0.0
0.0
0.0
0.0
0.0
0.0
0.0
0.0
0.0
0.0
0.0
0.0
0.0
0.0
0.0
0.0
0.0
0.0
0.0
0.0
0.0
0.0
0.0
0.0
0.0
0.0
0.0
0.0
0.0
0.0
0.0
0.0
0.0
0.0
0.0
0.0
0.0
0.0
0.0
0.0
0.0
0.0
0.0
0.0
0.0
0.0
0.0
0.0
0.0
0.0
0.0
0.0
0.0
0.0
0.0
0.0
0.0
0.0
0.0
0.0
0.0
0.0
0.0
0.0
0.0
0.0
0.0
0.0
0.0
0.0
0.0
0.0
0.0
0.0
0.0
0.0
0.0
0.0
0.0
0.0
0.0
0.0
0.0
0.0
0.0
0.0
0.0
0.0
0.0
0.0
0.0
0.0
0.0
0.0
0.0
0.0
0.0
0.0
0.0
0.0
0.0
0.0
0.0
0.0
0.0
0.0
0.0
0.0
0.0
0.0
0.0
0.0
0.0
0.0
0.0
0.0
0.0
0.0
0.0
0.0
0.0
0.0
0.0
0.0
0.0
0.0
0.0
0.0
0.0
0.0
0.0
0.0
0.0
0.0
0.0
0.0
0.0
0.0
0.0
0.0
0.0
0.0
0.0
0.0
0.0
0.0
0.0
0.0
0.0
0.0
0.0
0.0
0.0
0.0
0.0
0.0
0.0
0.0
0.0
0.0
0.0
0.0
0.0
0.0
0.0
0.0
0.0
0.0
0.0
0.0
0.0
0.0
0.0
0.0
0.0
0.0
0.0
0.0
0.0
0.0
0.0
0.0
0.0
0.0
0.0
0.0
0.0
0.0
0.0
0.0
0.0
0.0
0.0
0.0
0.0
0.0
0.0
0.0
0.0
0.0
0.0
0.0
0.0
0.0
0.0
0.0
0.0
0.0
0.0
0.0
0.0
0.0
0.0
0.0
0.0
0.0
0.0
0.0
0.0
0.0
0.0
0.0
0.0
0.0
0.0
0.0
0.0
0.0
0.0
0.0
0.0
0.0
0.0
0.0
0.0
0.0
0.0
0.0
0.0
0.0
0.0
0.0
0.0
0.0
0.0
0.0
0.0
0.0
0.0
0.0
0.0
0.0
0.0
0.0
0.0
0.0
0.0
0.0
0.0
0.0
0.0
0.0
0.0
0.0
0.0
0.0
0.0
0.0
0.0
0.0
0.0
0.0
0.0
0.0
0.0
0.0
0.0
0.0
0.0
0.0
0.0
0.0
0.0
0.0
0.0
0.0
0.0
0.0
0.0
0.0
0.0
0.0
0.0
0.0
0.0
0.0
0.0
0.0
0.0
0.0
0.0
0.0
0.0
0.0
0.0
0.0
0.0
0.0
0.0
0.0
0.0
0.0
0.0
0.0
0.0
0.0
0.0
0.0
0.0
0.0
0.0
0.0
0.0
0.0
0.0
0.0
0.0
0.0
0.0
0.0
0.0
0.0
