1.0374697686861047
1.0374697686861047
1.0374697686861047
1.0374697686861047
1.0374697686861047
1.0351065611719383
1.0351065611719383
1.0351065611719383
1.0349454509808755
1.0345427308782815
1.0345427308782815
1.0345427308782815
1.0343195155992544
1.0343195155992544
1.0343195155992544
1.0333817756993355
1.0327906866690035
1.0319330538051519
1.0293090515454764
1.0285213328826923
1.0280005002137407
1.0280005002137407
1.0272020163272975
1.0271089991286724
1.0236825245002303
1.0236825245002303
1.0235982483933086
1.0232372331623036
1.0232372331623036
1.0232372331623036
1.0229948575604018
1.0229008619490378
1.0229008619490378
1.0182424492645639
1.0181114727763478
1.0177392757862191
1.0177392757862191
1.0172556180603882
1.0170103260771024
1.0064891362850876
0.9989401707716785
0.9989401707716785
0.9933655411850518
0.9852655334199818
0.9843822333785652
0.9830422963288256
0.9612786670870386
0.9580132468918314
0.9580132468918314
0.9579226609286247
0.9579226609286247
0.9579226609286247
0.9579226609286247
0.9579226609286247
0.9579226609286247
0.9025782085024788
0.9025782085024788
0.9025782085024788
0.9025782085024788
0.9025782085024788
0.8889301808714334
0.8587620555023235
0.834902353906652
0.8286919987873874
0.8286919987873874
0.8286919987873874
0.8286919987873874
0.8286919987873874
0.6822879278768398
0.682241366374863
0.6819639747525639
0.6819639747525639
0.6819639747525639
0.6542370665896
0.6542370665896
0.6481704393156555
0.6481704393156555
0.6400917766087237
0.6297568273981554
0.6297568273981554
0.6297568273981554
0.572380550586498
0.572380550586498
0.572380550586498
0.5717068866378539
0.5717068866378539
0.5717068866378539
0.5717068866378539
0.5717068866378539
0.5715462437527064
0.5715462437527064
0.5349443009514602
0.5302978227517036
0.4739289117432032
0.43401244210180656
0.397976115100368
0.397976115100368
0.397976115100368
0.397976115100368
0.397976115100368
0.39772748184095774
0.39772748184095774
0.39772748184095774
0.39772748184095774
0.39772748184095774
0.39772748184095774
0.39772647599920785
0.3911312162424364
0.3890587030616308
0.3890587030616308
0.3656999040335701
0.3656999040335701
0.3637614449005938
0.16341222514414455
0.16129462386889648
0.16129462386889648
0.16129462386889648
0.16129462386889648
0.16128278199049484
0.16128278199049484
0.16128278199049484
0.15766288077436674
0.15766288077436674
0.15766288077436674
0.15766288077436674
0.15766288077436674
0.15766288077436674
0.157662763376188
0.1532589041944179
0.1532589041944179
0.1532589041944179
0.1532589041944179
0.13894578027378401
0.13497222338006587
0.11468120632863799
0.11467531391560959
0.11456026352645343
0.11122413066227443
0.11122413066227443
0.11045550415694683
0.11045550415694683
0.11045550415694683
0.11045550415694683
0.10886522266620913
0.10863676705759351
0.10863676705759351
0.08658270564867321
0.0859300641365981
0.0859300641365981
0.0859300641365981
0.08590154727061827
0.08463951798198366
0.08396305857076769
0.08396305857076769
0.04797565887561139
0.04797565887561139
0.04797565887561139
0.04522201011406801
0.04413271799524299
0.04326739590269757
0.04326739590269757
0.04326739590269757
0.04326256594100819
0.04324841472695551
0.040641012344014515
0.040641012344014515
0.04063337575726467
0.04063337575726467
0.04063337575726467
0.04063337575726467
0.03991569442231746
0.03991569442231746
0.038740963440700105
0.0380461005828322
0.0380461005828322
0.038022282760443615
0.038022282760443615
0.03791409198374851
0.037848878756680526
0.03335148755394601
0.02870044640025493
0.028696831410736756
0.028696831410736756
0.028696831410736756
0.028696444344056715
0.028429589708658942
0.02830636011534149
0.02830636011534149
0.02830636011534149
0.02830314856589422
0.02830314856589422
0.028301922658679257
0.028301922658679257
0.028301922658679257
0.028301922658679257
0.028299997903438623
0.028299787327265014
0.028285358486685452
0.028285358486685452
0.028285358486685452
0.028257528059328574
0.028257528059328574
0.028011381617377262
0.027892696442318066
0.027300058853317988
0.02730005831714566
0.027288621548627767
0.02726519199055677
0.02726519199055677
0.02726519199055677
0.02726519199055677
0.027259157964346414
0.027259157964346414
0.027259157964346414
0.027259157964346414
0.027259157964346414
0.027242141511913065
0.02534551766993598
0.02534551766993598
0.025345134156019133
0.023161243188932534
0.023126346029756495
0.02302623154185557
0.01823475101233729
0.017874654057413286
0.01786932746626735
0.01786932746626735
0.017869210266045488
0.017794628896102838
0.017794628896102838
0.017794628896102838
0.002440130101747373
0.002440130101747373
0.002440130101747373
0.0024335438608554805
0.0024335438608554805
0.0024335438608554805
0.0024326323612162692
0.0024326323612162692
0.0024306035520723634
0.0023687498333643253
0.0023687498333643253
0.002368349480114662
0.0022894458477420443
0.0022669756074814584
0.0022156200117868785
0.002152837629996629
0.002149499163425883
0.0021473417271743456
0.0021462228843641684
0.0021462228843641684
0.0021462228843641684
0.0021368799711278808
0.0020884771855186335
0.0020884771855186335
0.0020884771855186335
0.002070781691440149
0.002070781691440149
0.002070781691440149
0.002070781691440149
0.002070781691440149
0.002070781691440149
0.002070781691440149
0.002070781691440149
0.002070781691440149
0.0020707755540673167
0.0020707755540673167
0.0020676352509567675
0.0020675329551664845
0.0020589988417640814
0.0020589988417640814
0.0020546040962015066
0.0020546040962015066
0.0020546040962015066
0.0020417618417089
0.0020417618417089
0.0020417618417089
0.0020379781799624297
0.001996817441315746
0.001996817441315746
0.001996715458724263
0.001996715458724263
0.001996715458724263
0.0019967013417772073
0.0019028559851486104
0.0019028559851486104
0.0019028559851486104
0.0019028559851486104
0.0019019203681649444
0.0019019142497461727
0.0019019142497461727
0.0019019142497461727
0.0019019142497461727
0.0019019142497461727
0.0019019142497461727
0.0019016293253807381
0.0019016293253807381
0.0013902509943040098
0.0013902509943040098
0.001390249244916042
0.0013851552642790699
0.0013815843763865798
0.0013815843763865798
0.0013815500333771435
0.0013814207466978923
0.0013814207466978923
0.0013814165150496382
0.0013805729631293229
0.0013805729631293229
0.0013159953946181302
0.0013159953946181302
0.0013157377638991496
0.0013157377638991496
0.0013157377638991496
0.0013157377638991496
0.0011422417039118615
0.0011422417039118615
0.0011422417039118615
0.0011422417039118615
0.0011422412966678452
0.0011422412966678452
0.0011422412876259669
0.0011422412876259669
0.0011407288352391909
0.0011407288352391909
0.0011198890164939579
0.0011198890164939579
0.001119612855091101
0.0011193582251509682
0.0011193292151754353
0.001119172847610539
0.001119172847610539
0.0011158984439961772
0.0011158984439961772
0.0011158498486846247
0.0011158498486846247
0.0011157237141132814
0.0011157237141132814
0.001115720073952331
0.0011153842428621719
0.0011153842428621719
0.0011153842428621719
0.00109736359481305
0.00109736359481305
0.00109736359481305
0.00109736359481305
0.001095966379040414
0.0010913750930499067
0.0010910628527140975
0.00109106283646343
0.0010909331619992635
0.0010909331619992635
0.0010909331619992635
0.001090884512581658
0.001090884512581658
0.001090884512581658
0.001090884512581658
0.0010907155164739946
0.0010907155164739946
0.0010907155164739946
0.001090656274338686
0.001090656274338686
0.001090656274338686
0.001090656274338686
0.001090656274338686
0.001090656274338686
0.001090656274338686
0.001090656274338686
0.0010903863127625923
0.0010893132267414396
0.0010655627974306414
0.001065420777087489
0.001065399183936444
0.001065399183936444
0.001065399183936444
0.001065399183936444
0.0010299523527207421
0.0010299523527207421
0.0010299523527207421
0.001029582968038456
0.001029582968038456
0.0010040789764211855
0.0009638397152273992
0.0009638397152273992
0.0009638315310249723
0.0009638315310249723
0.0009638311344124517
0.0009638311344124517
0.0009638311344124517
0.0009638311344124517
0.0009635998655602718
0.0009635952442484941
0.0009635952442484941
0.0009635952442484941
0.0009635952442484941
0.0009635952442484941
0.0006485344138631444
0.0006485245658457428
0.0006400893273043051
0.0006400892640711087
0.0006400892640711087
0.0006400838463025416
0.0006400838463025416
0.0006395117471745815
0.0006395117471745815
0.0006395117471745815
0.0006395117471745815
0.000639507431425268
0.0006395021692416902
0.0006395021692416902
0.0006395015180412633
0.0006394510438103573
0.0006378120776693308
0.0006378120776693308
0.0006377799337070611
0.0006377797991963252
0.0006377797991963252
0.0006377795934536801
0.0006377690965797544
0.0006377690965797544
0.0006377690965797544
0.0006377386762521642
0.00045632570965470354
0.00045632452059929385
0.00045632452059929385
0.00045632436658060715
0.00045225161437056904
0.00045225161437056904
0.00045009010729335497
0.000450084745996282
0.000450084745996282
0.0003292095790420335
0.0003292095790420335
0.0003292095790420335
0.0003292095790420335
0.0003292095790420335
0.0003292095790420335
0.0003292095790420335
0.0003286333343099912
0.0003284616172545274
0.00032820132247979306
0.00032820132247979306
0.00032819771026260103
0.0003281975088285094
0.0003281615594196152
0.0003281615594196152
0.0003281615594196152
0.0003281615594196152
0.0003281615594196152
0.00032816137231250764
0.00032816078443675956
0.00032816078443675956
0.00032815878416714295
4.5217550151965824e-05
4.5217550151965824e-05
4.5217550151965824e-05
4.521743437957415e-05
4.521743437957415e-05
4.519230310562339e-05
4.519228786370455e-05
4.5166354118997276e-05
4.5166354118997276e-05
3.5479815284067406e-05
9.031567310469057e-06
9.031567310469057e-06
9.031567310469057e-06
9.031567310469057e-06
9.031567310469057e-06
9.031567310469057e-06
9.031567310469057e-06
9.030976976798222e-06
9.030976976798222e-06
9.030976976798222e-06
9.010859095215373e-06
9.010859095215373e-06
9.010859095215373e-06
8.728515353939592e-06
8.720777161963511e-06
8.720777161963511e-06
8.708568521420545e-06
8.707370665494985e-06
8.707370665494985e-06
8.693791809899487e-06
8.693791809899487e-06
8.693791782810045e-06
8.65889995371738e-06
8.658898613900234e-06
8.658860193411222e-06
8.658860193411222e-06
8.657492848063164e-06
8.65473384015214e-06
8.65473384015214e-06
8.65473384015214e-06
8.653434945271599e-06
8.653434945271599e-06
8.653434945271599e-06
8.653434945271599e-06
8.653254139900923e-06
8.653254139900923e-06
7.3798926283341615e-06
7.378645909161818e-06
7.378643328448398e-06
7.378643328448398e-06
7.37183730470381e-06
7.312011874316404e-06
7.1950677698051635e-06
7.1950677698051635e-06
7.1950677698051635e-06
7.195067408538591e-06
7.195067408538591e-06
7.195067408538591e-06
7.194990939152213e-06
7.19498483547909e-06
7.19498483547909e-06
7.1949841415897e-06
7.1949841415897e-06
7.194854017233965e-06
4.897774603773719e-06
4.897774603773719e-06
4.897742267195859e-06
4.897742267195859e-06
4.888182509321659e-06
4.88718420421641e-06
4.887184199997563e-06
4.887184199997563e-06
4.886117812352708e-06
4.886117812352708e-06
2.5837306794063153e-06
2.5837280319684908e-06
2.5837280319684908e-06
2.5837081796264982e-06
2.583700454694693e-06
2.5836854757876893e-06
2.5488509336479837e-06
2.548822668924089e-06
2.548822668924089e-06
2.548822668924089e-06
2.548822668924089e-06
2.5193734866091333e-06
2.5193734866091333e-06
2.5193734412010116e-06
2.5193734412010116e-06
2.5193734412010116e-06
2.4326317502598727e-06
2.4326317502598727e-06
2.4326317502598727e-06
2.4326317502598727e-06
2.432628388060465e-06
2.432628388060465e-06
2.432621704628879e-06
2.432621704628879e-06
2.4215800689120215e-06
2.3028744169373283e-06
2.3027546213194583e-06
2.3027546213194583e-06
2.3027542396247824e-06
2.3027367846983893e-06
2.3027049004253897e-06
2.3016174025558556e-06
2.3016174025558556e-06
2.3015207365473245e-06
2.3015207365473245e-06
6.146158618713926e-07
6.146158618713926e-07
6.146158618713926e-07
6.118354890505273e-07
6.118354890505273e-07
6.117541274663907e-07
6.117412701955871e-07
6.117349652390303e-07
6.11399257444134e-07
6.11399257444134e-07
6.113938272322983e-07
6.113936021900912e-07
6.113936021900912e-07
6.113935880902588e-07
5.980297073104879e-07
5.980297073104879e-07
5.980297073104879e-07
5.25546935969956e-07
5.25546935969956e-07
5.25546935969956e-07
5.25546935969956e-07
5.255367855339088e-07
5.255367855339088e-07
5.255367855339088e-07
4.7539656777839667e-07
4.7539656777839667e-07
4.7539656777839667e-07
4.7539656777839667e-07
4.753952745906176e-07
4.7538608960451256e-07
4.7538608960451256e-07
4.7538608960451256e-07
4.753860721740111e-07
4.7498119415401163e-07
4.726181174197208e-07
4.726181174197208e-07
4.726181174197208e-07
4.726181174197208e-07
3.872315891273459e-07
3.872315891273459e-07
3.872315891273459e-07
3.872315883501898e-07
3.8722544537517223e-07
3.870019574803152e-07
3.870019574803152e-07
3.769377711071442e-07
3.769377711071442e-07
3.769377289186693e-07
3.769373603246251e-07
3.535922564745775e-07
3.529871810403762e-07
3.529834801119236e-07
3.529834801119236e-07
3.529833982884867e-07
3.529833982884867e-07
3.526342797766091e-07
3.473362293338056e-07
3.473362293338056e-07
3.4701539841641704e-07
3.4701539841641704e-07
3.4701539841641704e-07
3.395079838375281e-07
3.3950798095094825e-07
3.3950798095094825e-07
3.3950798095094825e-07
3.3950798095094825e-07
1.2013135630706273e-07
1.2013135619604043e-07
1.2013104622177195e-07
1.2013104622177195e-07
1.0855967735867722e-07
1.0854515353209138e-07
1.0854514309599494e-07
1.085019947222321e-07
1.085019947222321e-07
1.085019947222321e-07
1.0850180331978265e-07
1.0850180331978265e-07
1.0850180331978265e-07
1.0850172849075079e-07
1.0849948195446046e-07
1.0849948195446046e-07
1.0849948195446046e-07
1.0831482855078178e-07
2.4885412952535546e-08
2.48853117001957e-08
2.48853117001957e-08
2.48853117001957e-08
2.48853117001957e-08
2.48853117001957e-08
2.237520790870917e-08
2.237520790870917e-08
2.237520790870917e-08
2.237520790870917e-08
2.237520790870917e-08
2.237520790870917e-08
2.2211092076673822e-08
2.2211092076673822e-08
2.2211081085465878e-08
2.2211023131823993e-08
2.2211023131823993e-08
2.220858663637415e-08
2.220858663637415e-08
2.220858663637415e-08
2.2208584526950403e-08
2.2208584526950403e-08
2.2208584526950403e-08
2.2208299310655377e-08
2.2208299310655377e-08
2.2208299310655377e-08
2.2208266892143058e-08
2.2208250016753084e-08
2.2208250016753084e-08
2.1252841153618363e-08
2.1252828275031277e-08
2.1252828275031277e-08
2.1252828275031277e-08
2.1252828275031277e-08
2.1252827275830555e-08
2.125280895715065e-08
2.125280895715065e-08
2.125280895715065e-08
2.101966101175634e-08
2.101966101175634e-08
2.101966101175634e-08
2.1019560536572612e-08
2.069762083944937e-08
2.069762083944937e-08
2.0697243585665603e-08
2.0697243585665603e-08
2.0244780962741515e-08
2.0244780962741515e-08
2.0244780962741515e-08
2.0244780962741515e-08
2.0244712795047803e-08
2.0244712795047803e-08
2.0244712795047803e-08
2.0244709575401032e-08
2.0244709575401032e-08
1.9650949534266715e-08
1.9650949534266715e-08
1.9650949534266715e-08
1.9650948757110598e-08
1.9650948757110598e-08
1.3438667401111104e-08
9.596965333535934e-09
9.531383904359814e-09
9.37193012084947e-09
9.37193012084947e-09
9.37021915614622e-09
9.370181519585685e-09
9.370181519585685e-09
9.370181519585685e-09
9.370179188117334e-09
9.370179188117334e-09
9.370179188117334e-09
9.370171083489254e-09
9.370169973266229e-09
9.370169973266229e-09
9.370169973266229e-09
9.370169973266229e-09
7.821655101380998e-09
5.6913822543691595e-09
5.6913822543691595e-09
5.6913822543691595e-09
5.6913822543691595e-09
5.6913822543691595e-09
5.6903827205800894e-09
5.689243964823731e-09
5.689243964823731e-09
5.689243964823731e-09
5.689243964823731e-09
5.689243964823731e-09
5.689243964823731e-09
5.688499338241115e-09
5.688499338241115e-09
5.688499227218813e-09
5.686017545691868e-09
5.686017545691868e-09
5.686015880357331e-09
5.686015880357331e-09
5.655324764042291e-09
5.655324764042291e-09
5.655323542796964e-09
5.655323542796964e-09
5.604600894493217e-09
5.604600894493217e-09
5.604600894493217e-09
5.604600894493217e-09
1.9258259431609304e-09
1.9258259431609304e-09
1.9258259431609304e-09
1.9258259431609304e-09
1.9258259431609304e-09
1.9258259431609304e-09
1.9255330663270342e-09
1.9255330663270342e-09
1.9255330663270342e-09
1.9255330663270342e-09
1.9255330663270342e-09
1.9255121941341713e-09
1.9255121941341713e-09
1.9255067540413506e-09
1.9255067540413506e-09
1.9253254546214293e-09
1.9253254546214293e-09
1.9253254546214293e-09
1.9253254546214293e-09
1.9253254546214293e-09
1.9253254546214293e-09
1.924189252378028e-09
1.0257776850153277e-09
1.0257763527476982e-09
1.0257763527476982e-09
1.0257763527476982e-09
1.0257763527476982e-09
1.0257763527476982e-09
7.074562047293398e-10
6.64713284415086e-10
6.64713284415086e-10
6.633146254486633e-10
6.633145144263608e-10
6.633145144263608e-10
6.632805416018073e-10
6.632805416018073e-10
6.632787652449679e-10
6.632787652449679e-10
6.631557525338394e-10
6.631557525338394e-10
6.631557525338394e-10
6.631557525338394e-10
6.631557525338394e-10
6.631557525338394e-10
6.631557525338394e-10
6.631557525338394e-10
6.631518667532532e-10
6.631518667532532e-10
6.631518667532532e-10
6.631518667532532e-10
6.631518667532532e-10
6.631518667532532e-10
6.631518667532532e-10
6.631111215682495e-10
6.631111215682495e-10
6.621062587086612e-10
6.621062587086612e-10
6.621062587086612e-10
6.621023729280751e-10
6.620889392294771e-10
6.620889392294771e-10
6.620889392294771e-10
6.620889392294771e-10
6.620889392294771e-10
6.620889392294771e-10
6.620889392294771e-10
6.620889392294771e-10
6.620638481891206e-10
6.620638481891206e-10
6.620638481891206e-10
6.620638481891206e-10
6.620638481891206e-10
6.620634040999107e-10
6.620634040999107e-10
6.620608505869541e-10
6.620608505869541e-10
6.620608505869541e-10
6.620608505869541e-10
6.620608505869541e-10
6.620608505869541e-10
6.620608505869541e-10
6.620608505869541e-10
6.620608505869541e-10
6.620562986725531e-10
6.620562986725531e-10
6.620562986725531e-10
6.620562986725531e-10
6.620562986725531e-10
6.620562986725531e-10
6.620562986725531e-10
6.620340942120606e-10
6.620340942120606e-10
6.620340942120606e-10
6.620340942120606e-10
6.620340942120606e-10
6.620340942120606e-10
6.620340942120606e-10
6.608444902411748e-10
6.607878688669189e-10
6.607878688669189e-10
5.14458253775274e-10
5.14458253775274e-10
5.14458253775274e-10
5.14458253775274e-10
5.14458253775274e-10
5.14458253775274e-10
5.14458253775274e-10
5.14458253775274e-10
5.142856140949448e-10
5.142856140949448e-10
5.142856140949448e-10
5.142856140949448e-10
5.142856140949448e-10
5.142795078683093e-10
5.142795078683093e-10
5.142795078683093e-10
5.142795078683093e-10
5.142795078683093e-10
5.142792858237044e-10
5.142792858237044e-10
5.142782866229823e-10
5.142727355078591e-10
5.142727355078591e-10
5.142727355078591e-10
5.142727355078591e-10
5.142694048387852e-10
5.142694048387852e-10
5.142689607495754e-10
5.142689607495754e-10
5.142689607495754e-10
5.142689607495754e-10
5.142689607495754e-10
5.140041725582023e-10
5.140041725582023e-10
5.086595589176568e-10
5.086595589176568e-10
5.086595589176568e-10
5.08577513436137e-10
5.08576070146205e-10
5.085516452396632e-10
5.085397658532997e-10
5.085397658532997e-10
5.085323273590348e-10
5.085323273590348e-10
5.085323273590348e-10
5.085323273590348e-10
5.085130094784063e-10
5.085130094784063e-10
5.085130094784063e-10
5.085130094784063e-10
5.085128984561038e-10
5.084910270625187e-10
5.084910270625187e-10
5.084910270625187e-10
5.084910270625187e-10
5.084910270625187e-10
5.084910270625187e-10
5.084910270625187e-10
5.084910270625187e-10
5.084906939956113e-10
5.084906939956113e-10
5.084906939956113e-10
5.084906939956113e-10
5.084906939956113e-10
5.084906939956113e-10
5.08466380111372e-10
5.08466380111372e-10
5.08466380111372e-10
5.08466380111372e-10
5.08466380111372e-10
5.084662690890696e-10
5.084662690890696e-10
5.084662690890696e-10
5.084662690890696e-10
5.084662690890696e-10
5.084662690890696e-10
5.084662690890696e-10
5.084662690890696e-10
5.084662690890696e-10
5.084503928998174e-10
5.08450281877515e-10
5.08450281877515e-10
5.08450281877515e-10
5.08450281877515e-10
5.08450281877515e-10
5.08450281877515e-10
5.08450281877515e-10
5.084485055206756e-10
5.084485055206756e-10
5.084485055206756e-10
5.084485055206756e-10
5.084485055206756e-10
5.084485055206756e-10
5.084485055206756e-10
5.084485055206756e-10
5.084485055206756e-10
5.084485055206756e-10
5.084485055206756e-10
5.084485055206756e-10
5.084485055206756e-10
5.084485055206756e-10
5.084459520077189e-10
5.084459520077189e-10
5.084224152795969e-10
5.084224152795969e-10
5.084224152795969e-10
5.084223042572944e-10
5.084223042572944e-10
5.084223042572944e-10
5.084223042572944e-10
5.084223042572944e-10
5.084223042572944e-10
5.084223042572944e-10
5.084223042572944e-10
5.084223042572944e-10
5.084113130493506e-10
5.084113130493506e-10
5.084112020270481e-10
1.2502976431960633e-10
1.2502976431960633e-10
1.2502976431960633e-10
1.2502976431960633e-10
2.979294588811854e-11
2.979294588811854e-11
2.979250179890869e-11
2.9791946687396376e-11
2.9791946687396376e-11
2.9791946687396376e-11
2.9791946687396376e-11
2.9791946687396376e-11
2.9791946687396376e-11
2.9791946687396376e-11
2.9791946687396376e-11
2.9791946687396376e-11
2.9791946687396376e-11
2.979172464279145e-11
2.979172464279145e-11
2.979172464279145e-11
2.978983726364959e-11
2.978983726364959e-11
2.978983726364959e-11
2.978983726364959e-11
2.978983726364959e-11
2.978983726364959e-11
2.978728375069295e-11
2.978728375069295e-11
2.978728375069295e-11
2.978728375069295e-11
2.978728375069295e-11
2.978728375069295e-11
2.978728375069295e-11
2.978728375069295e-11
2.978728375069295e-11
2.978728375069295e-11
2.978728375069295e-11
2.978728375069295e-11
2.978728375069295e-11
2.978728375069295e-11
2.978728375069295e-11
2.978728375069295e-11
2.97859514830634e-11
2.97859514830634e-11
2.97859514830634e-11
2.97859514830634e-11
2.97859514830634e-11
2.97859514830634e-11
2.97859514830634e-11
2.9785729438458475e-11
2.9785729438458475e-11
2.9785729438458475e-11
2.9785729438458475e-11
2.9785729438458475e-11
2.9785729438458475e-11
2.9785729438458475e-11
2.9785729438458475e-11
2.9785729438458475e-11
2.9785729438458475e-11
2.9785729438458475e-11
2.9785729438458475e-11
2.9785729438458475e-11
2.9785729438458475e-11
2.9785729438458475e-11
2.978561841615601e-11
2.978561841615601e-11
2.978561841615601e-11
2.978561841615601e-11
2.978561841615601e-11
2.978561841615601e-11
2.978561841615601e-11
2.978561841615601e-11
2.978561841615601e-11
2.978561841615601e-11
2.9785285349248625e-11
2.9785285349248625e-11
2.978517432694616e-11
2.3967716700212804e-11
1.113154013410167e-11
1.113154013410167e-11
1.113154013410167e-11
1.113154013410167e-11
1.113154013410167e-11
1.113154013410167e-11
1.113154013410167e-11
1.113154013410167e-11
1.113154013410167e-11
1.113154013410167e-11
1.113154013410167e-11
1.113154013410167e-11
1.113154013410167e-11
1.113154013410167e-11
1.113154013410167e-11
1.113154013410167e-11
1.113154013410167e-11
3.807842929859362e-12
3.807842929859362e-12
3.807842929859362e-12
3.807842929859362e-12
3.807842929859362e-12
3.807842929859362e-12
3.807842929859362e-12
3.807842929859362e-12
3.807842929859362e-12
3.807842929859362e-12
3.807842929859362e-12
3.807842929859362e-12
3.807842929859362e-12
3.807842929859362e-12
3.807842929859362e-12
3.807842929859362e-12
3.807842929859362e-12
3.807842929859362e-12
3.807842929859362e-12
3.802846926248549e-12
3.802846926248549e-12
3.802846926248549e-12
3.802846926248549e-12
3.802846926248549e-12
3.802846926248549e-12
3.802846926248549e-12
3.802846926248549e-12
3.802846926248549e-12
3.802846926248549e-12
3.802846926248549e-12
3.802846926248549e-12
3.802846926248549e-12
3.802846926248549e-12
3.802846926248549e-12
3.802846926248549e-12
3.802846926248549e-12
3.802846926248549e-12
3.802846926248549e-12
3.802846926248549e-12
3.802846926248549e-12
3.802846926248549e-12
3.802846926248549e-12
3.802846926248549e-12
3.802846926248549e-12
3.802846926248549e-12
3.802846926248549e-12
3.802846926248549e-12
3.802846926248549e-12
3.802846926248549e-12
3.802846926248549e-12
3.802846926248549e-12
3.802846926248549e-12
3.802846926248549e-12
3.802846926248549e-12
3.802846926248549e-12
3.802846926248549e-12
3.802846926248549e-12
3.802846926248549e-12
3.802846926248549e-12
3.802846926248549e-12
3.802846926248549e-12
3.802846926248549e-12
3.802846926248549e-12
3.802846926248549e-12
3.802846926248549e-12
3.802846926248549e-12
3.802846926248549e-12
3.802846926248549e-12
3.802846926248549e-12
3.802846926248549e-12
3.802846926248549e-12
3.802846926248549e-12
3.802846926248549e-12
2.0935475575356577e-12
2.0935475575356577e-12
2.0935475575356577e-12
2.0935475575356577e-12
2.0935475575356577e-12
2.0935475575356577e-12
2.0935475575356577e-12
2.0935475575356577e-12
2.0935475575356577e-12
2.0935475575356577e-12
2.0935475575356577e-12
2.0935475575356577e-12
2.0935475575356577e-12
2.0935475575356577e-12
2.0935475575356577e-12
2.0935475575356577e-12
2.0935475575356577e-12
2.0935475575356577e-12
2.0935475575356577e-12
2.0935475575356577e-12
2.0935475575356577e-12
2.0935475575356577e-12
2.0935475575356577e-12
2.0935475575356577e-12
2.0515811272048268e-12
2.0515811272048268e-12
2.0515811272048268e-12
2.0515811272048268e-12
2.0515811272048268e-12
2.0515811272048268e-12
2.0515811272048268e-12
2.0512480602974392e-12
2.0512480602974392e-12
2.0512480602974392e-12
2.0512480602974392e-12
2.0512480602974392e-12
2.0512480602974392e-12
2.0512480602974392e-12
2.0450308113595383e-12
2.0450308113595383e-12
2.0450308113595383e-12
2.0450308113595383e-12
2.0450308113595383e-12
2.0450308113595383e-12
2.0450308113595383e-12
2.0450308113595383e-12
2.0450308113595383e-12
2.0450308113595383e-12
2.0450308113595383e-12
2.0450308113595383e-12
2.0450308113595383e-12
2.0450308113595383e-12
2.0450308113595383e-12
2.0450308113595383e-12
2.0450308113595383e-12
2.0450308113595383e-12
2.0450308113595383e-12
2.0450308113595383e-12
2.0450308113595383e-12
2.0450308113595383e-12
2.0450308113595383e-12
2.0450308113595383e-12
1.1657341758564144e-14
1.1657341758564144e-14
1.1657341758564144e-14
1.1657341758564144e-14
1.1657341758564144e-14
1.1657341758564144e-14
1.1657341758564144e-14
1.1657341758564144e-14
1.1657341758564144e-14
1.1657341758564144e-14
1.1657341758564144e-14
1.1657341758564144e-14
1.1657341758564144e-14
1.1657341758564144e-14
1.1657341758564144e-14
1.1657341758564144e-14
1.1657341758564144e-14
1.1657341758564144e-14
1.1657341758564144e-14
1.1657341758564144e-14
1.1657341758564144e-14
1.1657341758564144e-14
1.1657341758564144e-14
1.1657341758564144e-14
1.1657341758564144e-14
1.1657341758564144e-14
1.1657341758564144e-14
1.1657341758564144e-14
1.1657341758564144e-14
1.1657341758564144e-14
1.1657341758564144e-14
1.1657341758564144e-14
1.1657341758564144e-14
1.1657341758564144e-14
1.1657341758564144e-14
1.1657341758564144e-14
1.1657341758564144e-14
1.1657341758564144e-14
1.1657341758564144e-14
1.1657341758564144e-14
1.1657341758564144e-14
1.1657341758564144e-14
1.1657341758564144e-14
1.1657341758564144e-14
1.1657341758564144e-14
1.1657341758564144e-14
1.1657341758564144e-14
1.1657341758564144e-14
1.1657341758564144e-14
1.1657341758564144e-14
1.1657341758564144e-14
1.1657341758564144e-14
1.1657341758564144e-14
1.1657341758564144e-14
1.1657341758564144e-14
1.1657341758564144e-14
1.1657341758564144e-14
1.1657341758564144e-14
1.1657341758564144e-14
1.1657341758564144e-14
1.1657341758564144e-14
1.1657341758564144e-14
1.1657341758564144e-14
1.1657341758564144e-14
1.1657341758564144e-14
1.1657341758564144e-14
1.1657341758564144e-14
1.1657341758564144e-14
1.1657341758564144e-14
1.1657341758564144e-14
1.1657341758564144e-14
1.1657341758564144e-14
1.1657341758564144e-14
1.1657341758564144e-14
1.1657341758564144e-14
1.1657341758564144e-14
1.1657341758564144e-14
1.1657341758564144e-14
1.1657341758564144e-14
1.1657341758564144e-14
1.1657341758564144e-14
1.1657341758564144e-14
1.1657341758564144e-14
1.1657341758564144e-14
1.1657341758564144e-14
1.1657341758564144e-14
1.1657341758564144e-14
1.1657341758564144e-14
1.1657341758564144e-14
1.1657341758564144e-14
1.1657341758564144e-14
1.1657341758564144e-14
1.1657341758564144e-14
1.1657341758564144e-14
1.1657341758564144e-14
1.1657341758564144e-14
1.1657341758564144e-14
1.1657341758564144e-14
1.1657341758564144e-14
1.1657341758564144e-14
1.1657341758564144e-14
1.1657341758564144e-14
1.1657341758564144e-14
1.1657341758564144e-14
1.1657341758564144e-14
1.1657341758564144e-14
1.1657341758564144e-14
1.1657341758564144e-14
1.1657341758564144e-14
1.1657341758564144e-14
1.1657341758564144e-14
1.1657341758564144e-14
1.1657341758564144e-14
1.1657341758564144e-14
1.1657341758564144e-14
1.1657341758564144e-14
1.1657341758564144e-14
1.1657341758564144e-14
1.1657341758564144e-14
1.1657341758564144e-14
1.1657341758564144e-14
1.1657341758564144e-14
1.1657341758564144e-14
1.1657341758564144e-14
1.1657341758564144e-14
1.1657341758564144e-14
1.1657341758564144e-14
1.1657341758564144e-14
1.1657341758564144e-14
1.1657341758564144e-14
1.1657341758564144e-14
1.1657341758564144e-14
1.1324274851176597e-14
1.1324274851176597e-14
1.1213252548714081e-14
1.1213252548714081e-14
6.217248937900877e-15
6.217248937900877e-15
6.217248937900877e-15
6.217248937900877e-15
6.217248937900877e-15
6.217248937900877e-15
6.217248937900877e-15
6.217248937900877e-15
6.217248937900877e-15
6.217248937900877e-15
6.217248937900877e-15
6.217248937900877e-15
6.217248937900877e-15
6.217248937900877e-15
6.217248937900877e-15
6.217248937900877e-15
6.217248937900877e-15
6.217248937900877e-15
6.217248937900877e-15
6.217248937900877e-15
6.217248937900877e-15
6.217248937900877e-15
6.217248937900877e-15
6.217248937900877e-15
6.217248937900877e-15
6.217248937900877e-15
6.217248937900877e-15
6.217248937900877e-15
6.217248937900877e-15
6.217248937900877e-15
6.217248937900877e-15
6.217248937900877e-15
6.217248937900877e-15
6.217248937900877e-15
6.217248937900877e-15
6.217248937900877e-15
6.217248937900877e-15
6.217248937900877e-15
6.217248937900877e-15
6.217248937900877e-15
6.217248937900877e-15
6.217248937900877e-15
6.217248937900877e-15
6.217248937900877e-15
6.217248937900877e-15
6.217248937900877e-15
6.217248937900877e-15
6.217248937900877e-15
6.217248937900877e-15
6.217248937900877e-15
6.217248937900877e-15
6.217248937900877e-15
6.217248937900877e-15
6.217248937900877e-15
6.217248937900877e-15
6.217248937900877e-15
5.662137425588298e-15
5.662137425588298e-15
5.662137425588298e-15
5.662137425588298e-15
5.662137425588298e-15
5.662137425588298e-15
5.662137425588298e-15
5.662137425588298e-15
5.662137425588298e-15
5.662137425588298e-15
5.662137425588298e-15
5.662137425588298e-15
5.662137425588298e-15
5.662137425588298e-15
5.662137425588298e-15
5.440092820663267e-15
5.440092820663267e-15
5.440092820663267e-15
5.440092820663267e-15
5.440092820663267e-15
5.440092820663267e-15
5.440092820663267e-15
5.440092820663267e-15
5.440092820663267e-15
4.9960036108132044e-15
4.9960036108132044e-15
4.9960036108132044e-15
4.9960036108132044e-15
4.9960036108132044e-15
4.9960036108132044e-15
4.9960036108132044e-15
4.9960036108132044e-15
4.9960036108132044e-15
4.9960036108132044e-15
4.9960036108132044e-15
4.9960036108132044e-15
4.9960036108132044e-15
4.9960036108132044e-15
4.9960036108132044e-15
4.9960036108132044e-15
4.9960036108132044e-15
4.9960036108132044e-15
4.9960036108132044e-15
4.9960036108132044e-15
4.9960036108132044e-15
4.9960036108132044e-15
4.9960036108132044e-15
4.9960036108132044e-15
4.9960036108132044e-15
4.9960036108132044e-15
4.9960036108132044e-15
4.9960036108132044e-15
4.9960036108132044e-15
4.9960036108132044e-15
4.9960036108132044e-15
4.9960036108132044e-15
4.9960036108132044e-15
4.9960036108132044e-15
4.9960036108132044e-15
4.9960036108132044e-15
4.9960036108132044e-15
4.9960036108132044e-15
4.9960036108132044e-15
4.9960036108132044e-15
4.9960036108132044e-15
4.9960036108132044e-15
4.9960036108132044e-15
4.9960036108132044e-15
4.9960036108132044e-15
4.9960036108132044e-15
4.9960036108132044e-15
4.9960036108132044e-15
4.9960036108132044e-15
4.9960036108132044e-15
4.9960036108132044e-15
4.9960036108132044e-15
4.9960036108132044e-15
4.9960036108132044e-15
4.9960036108132044e-15
4.9960036108132044e-15
4.9960036108132044e-15
4.9960036108132044e-15
4.9960036108132044e-15
4.9960036108132044e-15
4.9960036108132044e-15
4.9960036108132044e-15
4.9960036108132044e-15
4.9960036108132044e-15
4.9960036108132044e-15
4.9960036108132044e-15
4.9960036108132044e-15
4.9960036108132044e-15
4.9960036108132044e-15
4.9960036108132044e-15
4.9960036108132044e-15
4.9960036108132044e-15
4.9960036108132044e-15
4.9960036108132044e-15
4.9960036108132044e-15
4.9960036108132044e-15
4.9960036108132044e-15
4.9960036108132044e-15
4.9960036108132044e-15
4.9960036108132044e-15
4.9960036108132044e-15
4.9960036108132044e-15
4.9960036108132044e-15
4.9960036108132044e-15
4.9960036108132044e-15
4.9960036108132044e-15
4.9960036108132044e-15
4.9960036108132044e-15
4.9960036108132044e-15
4.9960036108132044e-15
4.9960036108132044e-15
4.9960036108132044e-15
4.9960036108132044e-15
4.9960036108132044e-15
4.9960036108132044e-15
4.9960036108132044e-15
4.9960036108132044e-15
4.9960036108132044e-15
4.9960036108132044e-15
4.9960036108132044e-15
4.9960036108132044e-15
4.9960036108132044e-15
4.9960036108132044e-15
4.9960036108132044e-15
4.9960036108132044e-15
4.9960036108132044e-15
4.9960036108132044e-15
4.9960036108132044e-15
4.9960036108132044e-15
4.9960036108132044e-15
4.9960036108132044e-15
4.9960036108132044e-15
4.9960036108132044e-15
4.9960036108132044e-15
4.9960036108132044e-15
4.9960036108132044e-15
4.9960036108132044e-15
4.9960036108132044e-15
4.9960036108132044e-15
4.9960036108132044e-15
4.9960036108132044e-15
4.9960036108132044e-15
4.9960036108132044e-15
1.7763568394002505e-15
1.7763568394002505e-15
1.5543122344752192e-15
1.5543122344752192e-15
1.5543122344752192e-15
1.5543122344752192e-15
1.5543122344752192e-15
1.5543122344752192e-15
1.5543122344752192e-15
1.5543122344752192e-15
1.5543122344752192e-15
1.5543122344752192e-15
1.5543122344752192e-15
1.5543122344752192e-15
1.5543122344752192e-15
1.5543122344752192e-15
1.5543122344752192e-15
1.5543122344752192e-15
1.5543122344752192e-15
1.5543122344752192e-15
1.5543122344752192e-15
1.5543122344752192e-15
1.5543122344752192e-15
1.5543122344752192e-15
1.5543122344752192e-15
1.5543122344752192e-15
1.5543122344752192e-15
1.5543122344752192e-15
1.5543122344752192e-15
1.5543122344752192e-15
1.5543122344752192e-15
1.5543122344752192e-15
1.5543122344752192e-15
1.5543122344752192e-15
1.5543122344752192e-15
1.5543122344752192e-15
1.4432899320127035e-15
1.4432899320127035e-15
1.4432899320127035e-15
1.4432899320127035e-15
1.2212453270876722e-15
1.2212453270876722e-15
1.2212453270876722e-15
1.2212453270876722e-15
1.2212453270876722e-15
1.2212453270876722e-15
1.2212453270876722e-15
1.2212453270876722e-15
1.2212453270876722e-15
1.2212453270876722e-15
1.2212453270876722e-15
1.2212453270876722e-15
1.2212453270876722e-15
1.2212453270876722e-15
1.2212453270876722e-15
1.2212453270876722e-15
1.2212453270876722e-15
1.2212453270876722e-15
1.2212453270876722e-15
1.2212453270876722e-15
1.2212453270876722e-15
1.2212453270876722e-15
1.2212453270876722e-15
1.2212453270876722e-15
1.2212453270876722e-15
1.2212453270876722e-15
1.2212453270876722e-15
9.992007221626409e-16
9.992007221626409e-16
9.992007221626409e-16
9.992007221626409e-16
9.992007221626409e-16
9.992007221626409e-16
9.992007221626409e-16
9.992007221626409e-16
9.992007221626409e-16
9.992007221626409e-16
9.992007221626409e-16
9.992007221626409e-16
9.992007221626409e-16
9.992007221626409e-16
9.992007221626409e-16
9.992007221626409e-16
9.992007221626409e-16
9.992007221626409e-16
9.992007221626409e-16
9.992007221626409e-16
9.992007221626409e-16
9.992007221626409e-16
9.992007221626409e-16
9.992007221626409e-16
1.1102230246251565e-16
1.1102230246251565e-16
1.1102230246251565e-16
1.1102230246251565e-16
1.1102230246251565e-16
1.1102230246251565e-16
1.1102230246251565e-16
1.1102230246251565e-16
1.1102230246251565e-16
1.1102230246251565e-16
1.1102230246251565e-16
1.1102230246251565e-16
1.1102230246251565e-16
1.1102230246251565e-16
1.1102230246251565e-16
1.1102230246251565e-16
1.1102230246251565e-16
1.1102230246251565e-16
1.1102230246251565e-16
1.1102230246251565e-16
1.1102230246251565e-16
1.1102230246251565e-16
1.1102230246251565e-16
1.1102230246251565e-16
1.1102230246251565e-16
1.1102230246251565e-16
1.1102230246251565e-16
1.1102230246251565e-16
1.1102230246251565e-16
1.1102230246251565e-16
1.1102230246251565e-16
1.1102230246251565e-16
1.1102230246251565e-16
1.1102230246251565e-16
1.1102230246251565e-16
1.1102230246251565e-16
1.1102230246251565e-16
1.1102230246251565e-16
1.1102230246251565e-16
1.1102230246251565e-16
1.1102230246251565e-16
1.1102230246251565e-16
1.1102230246251565e-16
1.1102230246251565e-16
1.1102230246251565e-16
1.1102230246251565e-16
1.1102230246251565e-16
1.1102230246251565e-16
1.1102230246251565e-16
1.1102230246251565e-16
1.1102230246251565e-16
1.1102230246251565e-16
1.1102230246251565e-16
1.1102230246251565e-16
1.1102230246251565e-16
1.1102230246251565e-16
1.1102230246251565e-16
1.1102230246251565e-16
1.1102230246251565e-16
1.1102230246251565e-16
1.1102230246251565e-16
1.1102230246251565e-16
1.1102230246251565e-16
1.1102230246251565e-16
1.1102230246251565e-16
1.1102230246251565e-16
1.1102230246251565e-16
1.1102230246251565e-16
1.1102230246251565e-16
1.1102230246251565e-16
1.1102230246251565e-16
1.1102230246251565e-16
1.1102230246251565e-16
1.1102230246251565e-16
1.1102230246251565e-16
1.1102230246251565e-16
1.1102230246251565e-16
1.1102230246251565e-16
1.1102230246251565e-16
1.1102230246251565e-16
1.1102230246251565e-16
1.1102230246251565e-16
1.1102230246251565e-16
1.1102230246251565e-16
1.1102230246251565e-16
1.1102230246251565e-16
1.1102230246251565e-16
1.1102230246251565e-16
1.1102230246251565e-16
1.1102230246251565e-16
1.1102230246251565e-16
1.1102230246251565e-16
1.1102230246251565e-16
1.1102230246251565e-16
1.1102230246251565e-16
1.1102230246251565e-16
1.1102230246251565e-16
1.1102230246251565e-16
1.1102230246251565e-16
1.1102230246251565e-16
1.1102230246251565e-16
1.1102230246251565e-16
1.1102230246251565e-16
1.1102230246251565e-16
1.1102230246251565e-16
1.1102230246251565e-16
1.1102230246251565e-16
1.1102230246251565e-16
1.1102230246251565e-16
1.1102230246251565e-16
1.1102230246251565e-16
1.1102230246251565e-16
1.1102230246251565e-16
1.1102230246251565e-16
1.1102230246251565e-16
1.1102230246251565e-16
1.1102230246251565e-16
1.1102230246251565e-16
1.1102230246251565e-16
1.1102230246251565e-16
1.1102230246251565e-16
1.1102230246251565e-16
1.1102230246251565e-16
1.1102230246251565e-16
1.1102230246251565e-16
1.1102230246251565e-16
1.1102230246251565e-16
1.1102230246251565e-16
1.1102230246251565e-16
1.1102230246251565e-16
1.1102230246251565e-16
1.1102230246251565e-16
1.1102230246251565e-16
1.1102230246251565e-16
1.1102230246251565e-16
1.1102230246251565e-16
1.1102230246251565e-16
1.1102230246251565e-16
1.1102230246251565e-16
1.1102230246251565e-16
1.1102230246251565e-16
1.1102230246251565e-16
1.1102230246251565e-16
1.1102230246251565e-16
1.1102230246251565e-16
1.1102230246251565e-16
1.1102230246251565e-16
1.1102230246251565e-16
1.1102230246251565e-16
1.1102230246251565e-16
1.1102230246251565e-16
1.1102230246251565e-16
1.1102230246251565e-16
1.1102230246251565e-16
1.1102230246251565e-16
1.1102230246251565e-16
1.1102230246251565e-16
1.1102230246251565e-16
1.1102230246251565e-16
1.1102230246251565e-16
1.1102230246251565e-16
1.1102230246251565e-16
1.1102230246251565e-16
1.1102230246251565e-16
1.1102230246251565e-16
1.1102230246251565e-16
1.1102230246251565e-16
1.1102230246251565e-16
1.1102230246251565e-16
1.1102230246251565e-16
1.1102230246251565e-16
1.1102230246251565e-16
1.1102230246251565e-16
1.1102230246251565e-16
1.1102230246251565e-16
1.1102230246251565e-16
1.1102230246251565e-16
1.1102230246251565e-16
1.1102230246251565e-16
1.1102230246251565e-16
1.1102230246251565e-16
1.1102230246251565e-16
1.1102230246251565e-16
1.1102230246251565e-16
1.1102230246251565e-16
1.1102230246251565e-16
1.1102230246251565e-16
1.1102230246251565e-16
1.1102230246251565e-16
1.1102230246251565e-16
1.1102230246251565e-16
1.1102230246251565e-16
1.1102230246251565e-16
1.1102230246251565e-16
1.1102230246251565e-16
1.1102230246251565e-16
1.1102230246251565e-16
1.1102230246251565e-16
1.1102230246251565e-16
1.1102230246251565e-16
1.1102230246251565e-16
1.1102230246251565e-16
1.1102230246251565e-16
1.1102230246251565e-16
1.1102230246251565e-16
1.1102230246251565e-16
1.1102230246251565e-16
1.1102230246251565e-16
1.1102230246251565e-16
1.1102230246251565e-16
1.1102230246251565e-16
1.1102230246251565e-16
1.1102230246251565e-16
1.1102230246251565e-16
1.1102230246251565e-16
1.1102230246251565e-16
1.1102230246251565e-16
1.1102230246251565e-16
1.1102230246251565e-16
1.1102230246251565e-16
1.1102230246251565e-16
1.1102230246251565e-16
1.1102230246251565e-16
1.1102230246251565e-16
1.1102230246251565e-16
1.1102230246251565e-16
1.1102230246251565e-16
1.1102230246251565e-16
1.1102230246251565e-16
1.1102230246251565e-16
1.1102230246251565e-16
1.1102230246251565e-16
1.1102230246251565e-16
1.1102230246251565e-16
1.1102230246251565e-16
1.1102230246251565e-16
1.1102230246251565e-16
1.1102230246251565e-16
1.1102230246251565e-16
1.1102230246251565e-16
1.1102230246251565e-16
1.1102230246251565e-16
1.1102230246251565e-16
1.1102230246251565e-16
1.1102230246251565e-16
1.1102230246251565e-16
1.1102230246251565e-16
1.1102230246251565e-16
1.1102230246251565e-16
1.1102230246251565e-16
1.1102230246251565e-16
1.1102230246251565e-16
1.1102230246251565e-16
1.1102230246251565e-16
1.1102230246251565e-16
1.1102230246251565e-16
1.1102230246251565e-16
1.1102230246251565e-16
1.1102230246251565e-16
1.1102230246251565e-16
1.1102230246251565e-16
1.1102230246251565e-16
1.1102230246251565e-16
1.1102230246251565e-16
1.1102230246251565e-16
1.1102230246251565e-16
1.1102230246251565e-16
1.1102230246251565e-16
1.1102230246251565e-16
1.1102230246251565e-16
1.1102230246251565e-16
1.1102230246251565e-16
1.1102230246251565e-16
1.1102230246251565e-16
1.1102230246251565e-16
1.1102230246251565e-16
1.1102230246251565e-16
1.1102230246251565e-16
1.1102230246251565e-16
1.1102230246251565e-16
1.1102230246251565e-16
1.1102230246251565e-16
1.1102230246251565e-16
1.1102230246251565e-16
1.1102230246251565e-16
1.1102230246251565e-16
1.1102230246251565e-16
1.1102230246251565e-16
1.1102230246251565e-16
1.1102230246251565e-16
1.1102230246251565e-16
1.1102230246251565e-16
1.1102230246251565e-16
1.1102230246251565e-16
1.1102230246251565e-16
1.1102230246251565e-16
1.1102230246251565e-16
1.1102230246251565e-16
1.1102230246251565e-16
1.1102230246251565e-16
1.1102230246251565e-16
1.1102230246251565e-16
1.1102230246251565e-16
1.1102230246251565e-16
1.1102230246251565e-16
1.1102230246251565e-16
1.1102230246251565e-16
1.1102230246251565e-16
1.1102230246251565e-16
1.1102230246251565e-16
1.1102230246251565e-16
1.1102230246251565e-16
1.1102230246251565e-16
1.1102230246251565e-16
1.1102230246251565e-16
1.1102230246251565e-16
1.1102230246251565e-16
1.1102230246251565e-16
1.1102230246251565e-16
1.1102230246251565e-16
1.1102230246251565e-16
1.1102230246251565e-16
1.1102230246251565e-16
1.1102230246251565e-16
1.1102230246251565e-16
1.1102230246251565e-16
1.1102230246251565e-16
1.1102230246251565e-16
1.1102230246251565e-16
1.1102230246251565e-16
1.1102230246251565e-16
1.1102230246251565e-16
1.1102230246251565e-16
1.1102230246251565e-16
1.1102230246251565e-16
1.1102230246251565e-16
1.1102230246251565e-16
1.1102230246251565e-16
1.1102230246251565e-16
1.1102230246251565e-16
1.1102230246251565e-16
1.1102230246251565e-16
1.1102230246251565e-16
1.1102230246251565e-16
1.1102230246251565e-16
1.1102230246251565e-16
1.1102230246251565e-16
1.1102230246251565e-16
1.1102230246251565e-16
1.1102230246251565e-16
1.1102230246251565e-16
1.1102230246251565e-16
1.1102230246251565e-16
1.1102230246251565e-16
1.1102230246251565e-16
1.1102230246251565e-16
1.1102230246251565e-16
1.1102230246251565e-16
1.1102230246251565e-16
1.1102230246251565e-16
1.1102230246251565e-16
1.1102230246251565e-16
1.1102230246251565e-16
1.1102230246251565e-16
1.1102230246251565e-16
1.1102230246251565e-16
1.1102230246251565e-16
1.1102230246251565e-16
1.1102230246251565e-16
1.1102230246251565e-16
1.1102230246251565e-16
1.1102230246251565e-16
1.1102230246251565e-16
1.1102230246251565e-16
1.1102230246251565e-16
1.1102230246251565e-16
1.1102230246251565e-16
1.1102230246251565e-16
1.1102230246251565e-16
1.1102230246251565e-16
1.1102230246251565e-16
1.1102230246251565e-16
1.1102230246251565e-16
1.1102230246251565e-16
1.1102230246251565e-16
1.1102230246251565e-16
1.1102230246251565e-16
1.1102230246251565e-16
1.1102230246251565e-16
1.1102230246251565e-16
1.1102230246251565e-16
1.1102230246251565e-16
1.1102230246251565e-16
1.1102230246251565e-16
1.1102230246251565e-16
1.1102230246251565e-16
1.1102230246251565e-16
1.1102230246251565e-16
1.1102230246251565e-16
1.1102230246251565e-16
1.1102230246251565e-16
1.1102230246251565e-16
1.1102230246251565e-16
1.1102230246251565e-16
1.1102230246251565e-16
1.1102230246251565e-16
1.1102230246251565e-16
1.1102230246251565e-16
1.1102230246251565e-16
1.1102230246251565e-16
1.1102230246251565e-16
1.1102230246251565e-16
1.1102230246251565e-16
1.1102230246251565e-16
1.1102230246251565e-16
1.1102230246251565e-16
1.1102230246251565e-16
1.1102230246251565e-16
1.1102230246251565e-16
1.1102230246251565e-16
1.1102230246251565e-16
1.1102230246251565e-16
1.1102230246251565e-16
1.1102230246251565e-16
1.1102230246251565e-16
1.1102230246251565e-16
1.1102230246251565e-16
1.1102230246251565e-16
1.1102230246251565e-16
1.1102230246251565e-16
1.1102230246251565e-16
1.1102230246251565e-16
1.1102230246251565e-16
1.1102230246251565e-16
1.1102230246251565e-16
1.1102230246251565e-16
1.1102230246251565e-16
1.1102230246251565e-16
1.1102230246251565e-16
1.1102230246251565e-16
1.1102230246251565e-16
1.1102230246251565e-16
1.1102230246251565e-16
1.1102230246251565e-16
1.1102230246251565e-16
1.1102230246251565e-16
1.1102230246251565e-16
1.1102230246251565e-16
1.1102230246251565e-16
1.1102230246251565e-16
1.1102230246251565e-16
1.1102230246251565e-16
1.1102230246251565e-16
1.1102230246251565e-16
1.1102230246251565e-16
1.1102230246251565e-16
1.1102230246251565e-16
1.1102230246251565e-16
1.1102230246251565e-16
1.1102230246251565e-16
1.1102230246251565e-16
1.1102230246251565e-16
1.1102230246251565e-16
1.1102230246251565e-16
1.1102230246251565e-16
1.1102230246251565e-16
1.1102230246251565e-16
1.1102230246251565e-16
1.1102230246251565e-16
1.1102230246251565e-16
1.1102230246251565e-16
1.1102230246251565e-16
1.1102230246251565e-16
1.1102230246251565e-16
1.1102230246251565e-16
1.1102230246251565e-16
1.1102230246251565e-16
1.1102230246251565e-16
1.1102230246251565e-16
1.1102230246251565e-16
1.1102230246251565e-16
1.1102230246251565e-16
0.0
0.0
0.0
0.0
0.0
0.0
0.0
0.0
0.0
0.0
0.0
0.0
0.0
0.0
0.0
0.0
0.0
0.0
0.0
0.0
0.0
0.0
0.0
0.0
0.0
0.0
0.0
0.0
0.0
0.0
0.0
0.0
0.0
0.0
0.0
0.0
0.0
0.0
0.0
0.0
0.0
0.0
0.0
0.0
0.0
0.0
0.0
0.0
0.0
0.0
0.0
0.0
0.0
0.0
0.0
0.0
0.0
0.0
0.0
0.0
0.0
0.0
0.0
0.0
0.0
0.0
0.0
0.0
0.0
0.0
0.0
0.0
0.0
0.0
0.0
0.0
0.0
0.0
0.0
0.0
0.0
0.0
0.0
0.0
0.0
0.0
0.0
0.0
0.0
0.0
0.0
0.0
0.0
0.0
0.0
0.0
0.0
0.0
0.0
0.0
0.0
0.0
0.0
0.0
0.0
0.0
0.0
0.0
0.0
0.0
0.0
0.0
0.0
0.0
0.0
0.0
0.0
0.0
0.0
0.0
0.0
0.0
0.0
0.0
0.0
0.0
0.0
0.0
0.0
0.0
0.0
0.0
0.0
0.0
0.0
0.0
0.0
0.0
0.0
0.0
0.0
0.0
0.0
0.0
0.0
0.0
0.0
0.0
0.0
0.0
0.0
0.0
0.0
0.0
0.0
0.0
0.0
0.0
0.0
0.0
0.0
0.0
0.0
0.0
0.0
0.0
0.0
0.0
0.0
0.0
0.0
0.0
0.0
0.0
0.0
0.0
0.0
0.0
0.0
0.0
0.0
0.0
0.0
0.0
0.0
0.0
0.0
0.0
0.0
0.0
0.0
0.0
0.0
0.0
0.0
0.0
0.0
0.0
0.0
0.0
0.0
0.0
0.0
0.0
0.0
0.0
0.0
0.0
0.0
0.0
0.0
0.0
0.0
0.0
0.0
0.0
0.0
0.0
0.0
0.0
0.0
0.0
0.0
0.0
0.0
0.0
0.0
0.0
0.0
0.0
0.0
0.0
0.0
0.0
0.0
0.0
0.0
0.0
0.0
0.0
0.0
0.0
0.0
0.0
0.0
0.0
0.0
0.0
0.0
0.0
0.0
0.0
0.0
0.0
0.0
0.0
0.0
0.0
0.0
0.0
0.0
0.0
0.0
0.0
0.0
0.0
0.0
0.0
0.0
0.0
0.0
0.0
0.0
0.0
0.0
0.0
0.0
0.0
0.0
0.0
0.0
0.0
0.0
0.0
0.0
0.0
0.0
0.0
0.0
0.0
0.0
0.0
0.0
0.0
0.0
0.0
0.0
0.0
0.0
0.0
0.0
0.0
0.0
0.0
0.0
0.0
0.0
0.0
0.0
0.0
0.0
0.0
0.0
0.0
0.0
0.0
0.0
0.0
0.0
0.0
0.0
0.0
0.0
0.0
0.0
0.0
0.0
0.0
0.0
0.0
0.0
0.0
0.0
0.0
0.0
0.0
0.0
0.0
0.0
0.0
0.0
0.0
0.0
0.0
0.0
0.0
0.0
0.0
0.0
0.0
0.0
0.0
0.0
0.0
0.0
0.0
0.0
0.0
0.0
0.0
0.0
0.0
0.0
0.0
0.0
0.0
0.0
0.0
0.0
0.0
0.0
0.0
0.0
0.0
0.0
0.0
0.0
0.0
0.0
0.0
0.0
0.0
0.0
0.0
0.0
0.0
0.0
0.0
0.0
0.0
0.0
0.0
0.0
0.0
0.0
0.0
0.0
0.0
0.0
0.0
0.0
0.0
0.0
0.0
0.0
0.0
0.0
0.0
0.0
0.0
0.0
0.0
0.0
0.0
0.0
0.0
0.0
0.0
0.0
0.0
0.0
0.0
0.0
0.0
0.0
0.0
0.0
0.0
0.0
0.0
0.0
0.0
0.0
0.0
0.0
0.0
0.0
0.0
0.0
0.0
0.0
0.0
0.0
0.0
0.0
0.0
0.0
0.0
0.0
0.0
0.0
0.0
0.0
0.0
0.0
0.0
0.0
0.0
0.0
0.0
0.0
0.0
0.0
0.0
0.0
0.0
0.0
0.0
0.0
0.0
0.0
0.0
0.0
0.0
0.0
0.0
0.0
0.0
0.0
0.0
0.0
0.0
0.0
0.0
0.0
0.0
0.0
0.0
0.0
0.0
0.0
0.0
0.0
0.0
0.0
0.0
0.0
0.0
0.0
0.0
0.0
0.0
0.0
0.0
0.0
0.0
0.0
0.0
0.0
0.0
0.0
0.0
0.0
0.0
0.0
0.0
0.0
0.0
0.0
0.0
0.0
0.0
0.0
0.0
0.0
0.0
0.0
0.0
0.0
0.0
0.0
0.0
0.0
0.0
0.0
0.0
0.0
0.0
0.0
0.0
0.0
0.0
0.0
0.0
0.0
0.0
0.0
0.0
0.0
0.0
0.0
0.0
0.0
0.0
0.0
0.0
0.0
0.0
0.0
0.0
0.0
0.0
0.0
0.0
0.0
0.0
0.0
0.0
0.0
0.0
0.0
0.0
0.0
0.0
0.0
0.0
0.0
0.0
0.0
0.0
0.0
0.0
0.0
0.0
0.0
0.0
0.0
0.0
0.0
0.0
0.0
0.0
0.0
0.0
0.0
0.0
0.0
0.0
0.0
0.0
0.0
0.0
0.0
0.0
0.0
0.0
0.0
0.0
0.0
0.0
0.0
0.0
0.0
0.0
0.0
0.0
0.0
0.0
0.0
0.0
0.0
0.0
0.0
0.0
0.0
0.0
0.0
0.0
0.0
0.0
0.0
0.0
0.0
0.0
0.0
0.0
0.0
0.0
0.0
0.0
0.0
0.0
0.0
0.0
0.0
0.0
0.0
0.0
0.0
0.0
0.0
0.0
0.0
0.0
0.0
0.0
0.0
0.0
0.0
0.0
0.0
0.0
0.0
0.0
0.0
0.0
0.0
0.0
0.0
0.0
0.0
0.0
0.0
0.0
0.0
0.0
0.0
0.0
0.0
0.0
0.0
0.0
0.0
0.0
0.0
0.0
0.0
0.0
0.0
0.0
0.0
0.0
0.0
0.0
0.0
0.0
0.0
0.0
0.0
0.0
0.0
0.0
0.0
0.0
0.0
0.0
0.0
0.0
0.0
0.0
0.0
0.0
0.0
0.0
0.0
0.0
0.0
0.0
0.0
0.0
0.0
0.0
0.0
0.0
0.0
0.0
0.0
0.0
0.0
0.0
0.0
0.0
0.0
0.0
0.0
0.0
0.0
0.0
0.0
0.0
0.0
0.0
0.0
0.0
0.0
0.0
0.0
0.0
0.0
0.0
0.0
0.0
0.0
0.0
0.0
0.0
0.0
0.0
0.0
0.0
0.0
0.0
0.0
0.0
0.0
0.0
0.0
0.0
0.0
0.0
0.0
0.0
0.0
0.0
0.0
0.0
0.0
0.0
0.0
0.0
0.0
0.0
0.0
0.0
0.0
0.0
0.0
0.0
0.0
0.0
0.0
0.0
0.0
0.0
0.0
0.0
0.0
0.0
0.0
0.0
0.0
0.0
0.0
0.0
0.0
0.0
0.0
0.0
0.0
0.0
0.0
0.0
0.0
0.0
0.0
0.0
0.0
0.0
0.0
0.0
0.0
0.0
0.0
0.0
0.0
0.0
0.0
0.0
0.0
0.0
0.0
0.0
0.0
0.0
0.0
0.0
0.0
0.0
0.0
0.0
0.0
0.0
0.0
0.0
0.0
0.0
0.0
0.0
0.0
0.0
0.0
0.0
0.0
0.0
0.0
0.0
0.0
0.0
0.0
0.0
0.0
0.0
0.0
0.0
0.0
0.0
0.0
0.0
0.0
0.0
0.0
0.0
0.0
0.0
0.0
0.0
0.0
0.0
0.0
0.0
0.0
0.0
0.0
0.0
0.0
0.0
0.0
0.0
0.0
0.0
0.0
0.0
0.0
0.0
0.0
0.0
0.0
0.0
0.0
0.0
0.0
0.0
0.0
0.0
0.0
0.0
0.0
0.0
0.0
0.0
0.0
0.0
0.0
0.0
0.0
0.0
0.0
0.0
0.0
0.0
0.0
0.0
0.0
0.0
0.0
0.0
0.0
0.0
0.0
0.0
0.0
0.0
0.0
0.0
0.0
0.0
0.0
0.0
0.0
0.0
0.0
0.0
0.0
0.0
0.0
0.0
0.0
0.0
0.0
0.0
0.0
0.0
0.0
0.0
0.0
0.0
0.0
0.0
0.0
0.0
0.0
0.0
0.0
0.0
0.0
0.0
0.0
0.0
0.0
0.0
0.0
0.0
0.0
0.0
0.0
0.0
0.0
0.0
0.0
0.0
0.0
0.0
0.0
0.0
0.0
0.0
0.0
0.0
0.0
0.0
0.0
0.0
0.0
0.0
0.0
0.0
0.0
0.0
0.0
0.0
0.0
0.0
0.0
0.0
0.0
0.0
0.0
0.0
0.0
0.0
0.0
0.0
0.0
0.0
0.0
0.0
0.0
0.0
0.0
0.0
0.0
0.0
0.0
0.0
0.0
0.0
0.0
0.0
0.0
0.0
0.0
0.0
0.0
0.0
0.0
0.0
0.0
0.0
0.0
0.0
0.0
0.0
0.0
0.0
0.0
0.0
0.0
0.0
0.0
0.0
0.0
0.0
0.0
0.0
0.0
0.0
0.0
0.0
0.0
0.0
0.0
0.0
0.0
0.0
0.0
0.0
0.0
0.0
0.0
0.0
0.0
0.0
0.0
0.0
0.0
0.0
0.0
0.0
0.0
0.0
0.0
0.0
0.0
0.0
0.0
0.0
0.0
0.0
0.0
0.0
0.0
0.0
0.0
0.0
0.0
0.0
0.0
0.0
0.0
0.0
0.0
0.0
0.0
0.0
0.0
0.0
0.0
0.0
0.0
0.0
0.0
0.0
0.0
0.0
0.0
0.0
0.0
0.0
0.0
0.0
0.0
0.0
0.0
0.0
0.0
0.0
0.0
0.0
0.0
0.0
0.0
0.0
0.0
0.0
0.0
0.0
0.0
0.0
0.0
0.0
0.0
0.0
0.0
0.0
0.0
0.0
0.0
0.0
0.0
0.0
0.0
0.0
0.0
0.0
0.0
0.0
0.0
0.0
0.0
0.0
0.0
0.0
0.0
0.0
0.0
0.0
0.0
0.0
0.0
0.0
0.0
0.0
0.0
0.0
0.0
0.0
0.0
0.0
0.0
0.0
0.0
0.0
0.0
0.0
0.0
0.0
0.0
0.0
0.0
0.0
0.0
0.0
0.0
0.0
0.0
0.0
0.0
0.0
0.0
0.0
0.0
0.0
0.0
0.0
0.0
0.0
0.0
0.0
0.0
0.0
0.0
0.0
0.0
0.0
0.0
0.0
0.0
0.0
0.0
0.0
0.0
0.0
0.0
0.0
0.0
0.0
0.0
0.0
0.0
0.0
0.0
0.0
0.0
0.0
0.0
0.0
0.0
0.0
0.0
0.0
0.0
0.0
0.0
0.0
0.0
0.0
0.0
0.0
0.0
0.0
0.0
0.0
0.0
0.0
0.0
0.0
0.0
0.0
0.0
0.0
0.0
0.0
0.0
0.0
0.0
0.0
0.0
0.0
0.0
0.0
0.0
0.0
0.0
0.0
0.0
0.0
0.0
0.0
0.0
0.0
0.0
0.0
0.0
0.0
0.0
0.0
0.0
0.0
0.0
0.0
0.0
0.0
0.0
0.0
0.0
0.0
0.0
0.0
0.0
0.0
0.0
0.0
0.0
0.0
0.0
0.0
0.0
0.0
0.0
0.0
0.0
0.0
0.0
0.0
0.0
0.0
0.0
0.0
0.0
0.0
0.0
0.0
0.0
0.0
0.0
0.0
0.0
0.0
0.0
0.0
0.0
0.0
0.0
0.0
0.0
0.0
0.0
0.0
0.0
0.0
0.0
0.0
0.0
0.0
0.0
0.0
0.0
0.0
0.0
0.0
0.0
0.0
0.0
0.0
0.0
0.0
0.0
0.0
0.0
0.0
0.0
0.0
0.0
0.0
0.0
0.0
0.0
0.0
0.0
0.0
0.0
0.0
0.0
0.0
0.0
0.0
0.0
0.0
0.0
0.0
0.0
0.0
0.0
0.0
0.0
0.0
0.0
0.0
0.0
0.0
0.0
0.0
0.0
0.0
0.0
0.0
0.0
0.0
0.0
0.0
0.0
0.0
0.0
0.0
0.0
0.0
0.0
0.0
0.0
0.0
0.0
0.0
0.0
0.0
0.0
0.0
0.0
0.0
0.0
0.0
0.0
0.0
0.0
0.0
0.0
0.0
0.0
0.0
0.0
0.0
0.0
0.0
0.0
0.0
0.0
0.0
0.0
0.0
0.0
0.0
0.0
0.0
0.0
0.0
0.0
0.0
0.0
0.0
0.0
0.0
0.0
0.0
0.0
0.0
0.0
0.0
0.0
0.0
0.0
0.0
0.0
0.0
0.0
0.0
0.0
0.0
0.0
0.0
0.0
0.0
0.0
0.0
0.0
0.0
0.0
0.0
0.0
0.0
0.0
0.0
0.0
0.0
0.0
0.0
0.0
0.0
0.0
0.0
0.0
0.0
0.0
0.0
0.0
0.0
0.0
0.0
0.0
0.0
0.0
0.0
0.0
0.0
0.0
0.0
0.0
0.0
0.0
0.0
0.0
0.0
0.0
0.0
0.0
0.0
0.0
0.0
0.0
0.0
0.0
0.0
0.0
0.0
0.0
0.0
0.0
0.0
0.0
0.0
0.0
0.0
0.0
0.0
0.0
0.0
0.0
0.0
0.0
0.0
0.0
0.0
0.0
0.0
0.0
0.0
0.0
0.0
0.0
0.0
0.0
0.0
0.0
0.0
0.0
0.0
0.0
0.0
0.0
0.0
0.0
0.0
0.0
0.0
0.0
0.0
0.0
0.0
0.0
0.0
0.0
0.0
0.0
0.0
0.0
0.0
0.0
0.0
0.0
0.0
0.0
0.0
0.0
0.0
0.0
0.0
0.0
0.0
0.0
0.0
0.0
0.0
0.0
0.0
0.0
0.0
0.0
0.0
0.0
0.0
0.0
0.0
0.0
0.0
0.0
0.0
0.0
0.0
0.0
0.0
0.0
0.0
0.0
0.0
0.0
0.0
0.0
0.0
0.0
0.0
0.0
0.0
0.0
0.0
0.0
0.0
0.0
0.0
0.0
0.0
0.0
0.0
0.0
0.0
0.0
0.0
0.0
0.0
0.0
0.0
0.0
0.0
0.0
0.0
0.0
0.0
0.0
0.0
0.0
0.0
0.0
0.0
0.0
0.0
0.0
0.0
0.0
0.0
0.0
0.0
0.0
0.0
0.0
0.0
0.0
0.0
0.0
0.0
0.0
0.0
0.0
0.0
0.0
0.0
0.0
0.0
0.0
0.0
0.0
0.0
0.0
0.0
0.0
0.0
0.0
0.0
0.0
0.0
0.0
0.0
0.0
0.0
0.0
0.0
0.0
0.0
0.0
0.0
0.0
0.0
0.0
0.0
0.0
0.0
0.0
0.0
0.0
0.0
0.0
0.0
0.0
0.0
0.0
0.0
0.0
0.0
0.0
0.0
0.0
0.0
0.0
0.0
0.0
0.0
0.0
0.0
0.0
0.0
0.0
0.0
0.0
0.0
0.0
0.0
0.0
0.0
0.0
0.0
0.0
0.0
0.0
0.0
0.0
0.0
0.0
0.0
0.0
0.0
0.0
0.0
0.0
0.0
0.0
0.0
0.0
0.0
0.0
0.0
0.0
0.0
0.0
0.0
0.0
0.0
0.0
0.0
0.0
0.0
0.0
0.0
0.0
0.0
0.0
0.0
0.0
0.0
0.0
0.0
0.0
0.0
0.0
0.0
0.0
0.0
0.0
0.0
0.0
0.0
0.0
0.0
0.0
0.0
0.0
0.0
0.0
0.0
0.0
0.0
0.0
0.0
0.0
0.0
0.0
0.0
0.0
0.0
0.0
0.0
0.0
0.0
0.0
0.0
0.0
0.0
0.0
0.0
0.0
0.0
0.0
0.0
0.0
0.0
0.0
0.0
0.0
0.0
0.0
0.0
0.0
0.0
0.0
0.0
0.0
0.0
0.0
0.0
0.0
0.0
0.0
0.0
0.0
0.0
0.0
0.0
0.0
0.0
0.0
0.0
0.0
0.0
0.0
0.0
0.0
0.0
0.0
0.0
0.0
0.0
0.0
0.0
0.0
0.0
0.0
0.0
0.0
0.0
0.0
0.0
0.0
0.0
0.0
0.0
0.0
0.0
0.0
0.0
0.0
0.0
0.0
0.0
0.0
0.0
0.0
0.0
0.0
0.0
0.0
0.0
0.0
0.0
0.0
0.0
0.0
0.0
0.0
0.0
0.0
0.0
0.0
0.0
0.0
0.0
0.0
0.0
0.0
0.0
0.0
0.0
0.0
0.0
0.0
0.0
0.0
0.0
0.0
0.0
0.0
0.0
0.0
0.0
0.0
0.0
0.0
0.0
0.0
0.0
0.0
0.0
0.0
0.0
0.0
0.0
0.0
0.0
0.0
0.0
0.0
0.0
0.0
0.0
0.0
0.0
0.0
0.0
0.0
0.0
0.0
0.0
0.0
0.0
0.0
0.0
0.0
0.0
0.0
0.0
0.0
0.0
0.0
0.0
0.0
0.0
0.0
0.0
0.0
0.0
0.0
0.0
0.0
0.0
0.0
0.0
0.0
0.0
0.0
0.0
0.0
0.0
0.0
0.0
0.0
0.0
0.0
0.0
0.0
0.0
0.0
0.0
0.0
0.0
0.0
0.0
0.0
0.0
0.0
0.0
0.0
0.0
0.0
0.0
0.0
0.0
0.0
0.0
0.0
0.0
0.0
0.0
0.0
0.0
0.0
0.0
0.0
0.0
0.0
0.0
0.0
0.0
0.0
0.0
0.0
0.0
0.0
0.0
0.0
0.0
0.0
0.0
0.0
0.0
0.0
0.0
0.0
0.0
0.0
0.0
0.0
0.0
0.0
0.0
0.0
0.0
0.0
0.0
0.0
0.0
0.0
0.0
0.0
0.0
0.0
0.0
0.0
0.0
0.0
0.0
0.0
0.0
0.0
0.0
0.0
0.0
0.0
0.0
0.0
0.0
0.0
0.0
0.0
0.0
0.0
0.0
0.0
0.0
0.0
0.0
0.0
0.0
0.0
0.0
0.0
0.0
0.0
0.0
0.0
0.0
0.0
0.0
0.0
0.0
0.0
0.0
0.0
0.0
0.0
0.0
0.0
0.0
0.0
0.0
0.0
0.0
0.0
0.0
0.0
0.0
0.0
0.0
0.0
0.0
0.0
0.0
0.0
0.0
0.0
0.0
0.0
0.0
0.0
0.0
0.0
0.0
0.0
0.0
0.0
0.0
0.0
0.0
0.0
0.0
0.0
0.0
0.0
0.0
0.0
0.0
0.0
0.0
0.0
0.0
0.0
0.0
0.0
0.0
0.0
0.0
0.0
0.0
0.0
0.0
0.0
0.0
0.0
0.0
0.0
0.0
0.0
0.0
0.0
0.0
0.0
0.0
0.0
0.0
0.0
0.0
0.0
0.0
0.0
0.0
0.0
0.0
0.0
0.0
0.0
0.0
0.0
0.0
0.0
0.0
0.0
0.0
0.0
0.0
0.0
0.0
0.0
0.0
0.0
0.0
0.0
0.0
0.0
0.0
0.0
0.0
0.0
0.0
0.0
0.0
0.0
0.0
0.0
0.0
0.0
0.0
0.0
0.0
0.0
0.0
0.0
0.0
0.0
0.0
0.0
0.0
0.0
0.0
0.0
0.0
0.0
0.0
0.0
0.0
0.0
0.0
0.0
0.0
0.0
0.0
0.0
0.0
0.0
0.0
0.0
0.0
0.0
0.0
0.0
0.0
0.0
0.0
0.0
0.0
0.0
0.0
0.0
0.0
0.0
0.0
0.0
0.0
0.0
0.0
0.0
0.0
0.0
0.0
0.0
0.0
0.0
0.0
0.0
0.0
0.0
0.0
0.0
0.0
0.0
0.0
0.0
0.0
0.0
0.0
0.0
0.0
0.0
0.0
0.0
0.0
0.0
0.0
0.0
0.0
0.0
0.0
0.0
0.0
0.0
0.0
0.0
0.0
0.0
0.0
0.0
0.0
0.0
0.0
0.0
0.0
0.0
0.0
0.0
0.0
0.0
0.0
0.0
0.0
0.0
0.0
0.0
0.0
0.0
0.0
0.0
0.0
0.0
0.0
0.0
0.0
0.0
0.0
0.0
0.0
0.0
0.0
0.0
0.0
0.0
0.0
0.0
0.0
0.0
0.0
0.0
0.0
0.0
0.0
0.0
0.0
0.0
0.0
0.0
0.0
0.0
0.0
0.0
0.0
0.0
0.0
0.0
0.0
0.0
0.0
0.0
0.0
0.0
0.0
0.0
0.0
0.0
0.0
0.0
0.0
0.0
0.0
0.0
0.0
0.0
0.0
0.0
0.0
0.0
0.0
0.0
0.0
0.0
0.0
0.0
0.0
0.0
0.0
0.0
0.0
0.0
0.0
0.0
0.0
0.0
0.0
0.0
0.0
0.0
0.0
0.0
0.0
0.0
0.0
0.0
0.0
0.0
0.0
0.0
0.0
0.0
0.0
0.0
0.0
0.0
0.0
0.0
0.0
0.0
0.0
0.0
0.0
0.0
0.0
0.0
0.0
0.0
0.0
0.0
0.0
0.0
0.0
0.0
0.0
0.0
0.0
0.0
0.0
0.0
0.0
0.0
0.0
0.0
0.0
0.0
0.0
0.0
0.0
0.0
0.0
0.0
0.0
0.0
0.0
0.0
0.0
0.0
0.0
0.0
0.0
0.0
0.0
0.0
0.0
0.0
0.0
0.0
0.0
0.0
0.0
0.0
0.0
0.0
0.0
0.0
0.0
0.0
0.0
0.0
0.0
0.0
0.0
0.0
0.0
0.0
0.0
0.0
0.0
0.0
0.0
0.0
0.0
0.0
0.0
0.0
0.0
0.0
0.0
0.0
0.0
0.0
0.0
0.0
0.0
0.0
0.0
0.0
0.0
0.0
0.0
0.0
0.0
0.0
0.0
0.0
0.0
0.0
0.0
0.0
0.0
0.0
0.0
0.0
0.0
0.0
0.0
0.0
0.0
0.0
0.0
0.0
0.0
0.0
0.0
0.0
0.0
0.0
0.0
0.0
0.0
0.0
0.0
0.0
0.0
0.0
0.0
0.0
0.0
0.0
0.0
0.0
0.0
0.0
0.0
0.0
0.0
0.0
0.0
0.0
0.0
0.0
0.0
0.0
0.0
0.0
0.0
0.0
0.0
0.0
0.0
0.0
0.0
0.0
0.0
0.0
0.0
0.0
0.0
0.0
0.0
0.0
0.0
0.0
0.0
0.0
0.0
0.0
0.0
0.0
0.0
0.0
0.0
0.0
0.0
0.0
0.0
0.0
0.0
0.0
0.0
0.0
0.0
0.0
0.0
0.0
0.0
0.0
0.0
0.0
0.0
0.0
0.0
0.0
0.0
0.0
0.0
0.0
0.0
0.0
0.0
0.0
0.0
0.0
0.0
0.0
0.0
0.0
0.0
0.0
0.0
0.0
0.0
0.0
0.0
0.0
0.0
0.0
0.0
0.0
0.0
0.0
0.0
0.0
0.0
0.0
0.0
0.0
0.0
0.0
0.0
0.0
0.0
0.0
0.0
0.0
0.0
0.0
0.0
0.0
0.0
0.0
0.0
0.0
0.0
0.0
0.0
0.0
0.0
0.0
0.0
0.0
0.0
0.0
0.0
0.0
0.0
0.0
0.0
0.0
0.0
0.0
0.0
0.0
0.0
0.0
0.0
0.0
0.0
0.0
0.0
0.0
0.0
0.0
0.0
0.0
0.0
0.0
0.0
0.0
0.0
0.0
0.0
0.0
0.0
0.0
0.0
0.0
0.0
0.0
0.0
0.0
0.0
0.0
0.0
0.0
0.0
0.0
0.0
0.0
0.0
0.0
0.0
0.0
0.0
0.0
0.0
0.0
0.0
0.0
0.0
0.0
0.0
0.0
0.0
0.0
0.0
0.0
0.0
0.0
0.0
0.0
0.0
0.0
0.0
0.0
0.0
0.0
0.0
0.0
0.0
0.0
0.0
0.0
0.0
0.0
0.0
0.0
0.0
0.0
0.0
0.0
0.0
0.0
0.0
0.0
0.0
0.0
0.0
0.0
0.0
0.0
0.0
0.0
0.0
0.0
0.0
0.0
0.0
0.0
0.0
0.0
0.0
0.0
0.0
0.0
0.0
0.0
0.0
0.0
0.0
0.0
0.0
0.0
0.0
0.0
0.0
0.0
0.0
0.0
0.0
0.0
0.0
0.0
0.0
0.0
0.0
0.0
0.0
0.0
0.0
0.0
0.0
0.0
0.0
0.0
0.0
0.0
0.0
0.0
0.0
0.0
0.0
0.0
0.0
0.0
0.0
0.0
0.0
0.0
0.0
0.0
0.0
0.0
0.0
0.0
0.0
0.0
0.0
0.0
0.0
0.0
0.0
0.0
0.0
0.0
0.0
0.0
0.0
0.0
0.0
0.0
0.0
0.0
0.0
0.0
0.0
0.0
0.0
0.0
0.0
0.0
0.0
0.0
0.0
0.0
0.0
0.0
0.0
0.0
0.0
0.0
0.0
0.0
0.0
0.0
0.0
0.0
0.0
0.0
0.0
0.0
0.0
0.0
0.0
0.0
0.0
0.0
0.0
0.0
0.0
0.0
0.0
0.0
0.0
0.0
0.0
0.0
0.0
0.0
0.0
0.0
0.0
0.0
0.0
0.0
0.0
0.0
0.0
0.0
0.0
0.0
0.0
0.0
0.0
0.0
0.0
0.0
0.0
0.0
0.0
0.0
0.0
0.0
0.0
0.0
0.0
0.0
0.0
0.0
0.0
0.0
0.0
0.0
0.0
0.0
0.0
0.0
0.0
0.0
0.0
0.0
0.0
0.0
0.0
0.0
0.0
0.0
0.0
0.0
0.0
0.0
0.0
0.0
0.0
0.0
0.0
0.0
0.0
0.0
0.0
0.0
0.0
0.0
0.0
0.0
0.0
0.0
0.0
0.0
0.0
0.0
0.0
0.0
0.0
0.0
0.0
0.0
0.0
0.0
0.0
0.0
0.0
0.0
0.0
0.0
0.0
0.0
0.0
0.0
0.0
0.0
0.0
0.0
0.0
0.0
0.0
0.0
0.0
0.0
0.0
0.0
0.0
0.0
0.0
0.0
0.0
0.0
0.0
0.0
0.0
0.0
0.0
0.0
0.0
0.0
0.0
0.0
0.0
0.0
0.0
0.0
0.0
0.0
0.0
0.0
0.0
0.0
0.0
0.0
0.0
0.0
0.0
0.0
0.0
0.0
0.0
0.0
0.0
0.0
0.0
0.0
0.0
0.0
0.0
0.0
0.0
0.0
0.0
0.0
0.0
0.0
0.0
0.0
0.0
0.0
0.0
0.0
0.0
0.0
0.0
0.0
0.0
0.0
0.0
0.0
0.0
0.0
0.0
0.0
0.0
0.0
0.0
0.0
0.0
0.0
0.0
0.0
0.0
0.0
0.0
0.0
0.0
0.0
0.0
0.0
0.0
0.0
0.0
0.0
0.0
0.0
0.0
0.0
0.0
0.0
0.0
0.0
0.0
0.0
0.0
0.0
0.0
0.0
0.0
0.0
0.0
0.0
0.0
0.0
0.0
0.0
0.0
0.0
0.0
0.0
0.0
0.0
0.0
0.0
0.0
0.0
0.0
0.0
0.0
0.0
0.0
0.0
0.0
0.0
0.0
0.0
0.0
0.0
0.0
0.0
0.0
0.0
0.0
0.0
0.0
0.0
0.0
0.0
0.0
0.0
0.0
0.0
0.0
0.0
0.0
0.0
0.0
0.0
0.0
0.0
0.0
0.0
0.0
0.0
0.0
0.0
0.0
0.0
0.0
0.0
0.0
0.0
0.0
0.0
0.0
0.0
0.0
0.0
0.0
0.0
0.0
0.0
0.0
0.0
0.0
0.0
0.0
0.0
0.0
0.0
0.0
0.0
0.0
0.0
0.0
0.0
0.0
0.0
0.0
0.0
0.0
0.0
0.0
0.0
0.0
0.0
0.0
0.0
0.0
0.0
0.0
0.0
0.0
0.0
0.0
0.0
0.0
0.0
0.0
0.0
0.0
0.0
0.0
0.0
0.0
0.0
0.0
0.0
0.0
0.0
0.0
0.0
0.0
0.0
0.0
0.0
0.0
0.0
0.0
0.0
0.0
0.0
0.0
0.0
0.0
0.0
0.0
0.0
0.0
0.0
0.0
0.0
0.0
0.0
0.0
0.0
0.0
0.0
0.0
0.0
0.0
0.0
0.0
0.0
0.0
0.0
0.0
0.0
0.0
0.0
0.0
0.0
0.0
0.0
0.0
0.0
0.0
0.0
0.0
0.0
0.0
0.0
0.0
0.0
0.0
0.0
0.0
0.0
0.0
0.0
0.0
0.0
0.0
0.0
0.0
0.0
0.0
0.0
0.0
0.0
0.0
0.0
0.0
0.0
0.0
0.0
0.0
0.0
0.0
0.0
0.0
0.0
0.0
0.0
0.0
0.0
0.0
0.0
0.0
0.0
0.0
0.0
0.0
0.0
0.0
0.0
0.0
0.0
0.0
0.0
0.0
0.0
0.0
0.0
0.0
0.0
0.0
0.0
0.0
0.0
0.0
0.0
0.0
0.0
0.0
0.0
0.0
0.0
0.0
0.0
0.0
0.0
0.0
0.0
0.0
0.0
0.0
0.0
0.0
0.0
0.0
0.0
0.0
0.0
0.0
0.0
0.0
0.0
0.0
0.0
0.0
0.0
0.0
0.0
0.0
0.0
0.0
0.0
0.0
0.0
0.0
0.0
0.0
0.0
0.0
0.0
0.0
0.0
0.0
0.0
0.0
0.0
0.0
0.0
0.0
0.0
0.0
0.0
0.0
0.0
0.0
0.0
0.0
0.0
0.0
0.0
0.0
0.0
0.0
0.0
0.0
0.0
0.0
0.0
0.0
0.0
0.0
0.0
0.0
0.0
0.0
0.0
0.0
0.0
0.0
0.0
0.0
0.0
0.0
0.0
0.0
0.0
0.0
0.0
0.0
0.0
0.0
0.0
0.0
0.0
0.0
0.0
0.0
0.0
0.0
0.0
0.0
0.0
0.0
0.0
0.0
0.0
0.0
0.0
0.0
0.0
0.0
0.0
0.0
0.0
0.0
0.0
0.0
0.0
0.0
0.0
0.0
0.0
0.0
0.0
0.0
0.0
0.0
0.0
0.0
0.0
0.0
0.0
0.0
0.0
0.0
0.0
0.0
0.0
0.0
0.0
0.0
0.0
0.0
0.0
0.0
0.0
0.0
0.0
0.0
0.0
0.0
0.0
0.0
0.0
0.0
0.0
0.0
0.0
0.0
0.0
0.0
0.0
0.0
0.0
0.0
0.0
0.0
0.0
0.0
0.0
0.0
0.0
0.0
0.0
0.0
0.0
0.0
0.0
0.0
0.0
0.0
0.0
0.0
0.0
0.0
0.0
0.0
0.0
0.0
0.0
0.0
0.0
0.0
0.0
0.0
0.0
0.0
0.0
0.0
0.0
0.0
0.0
0.0
0.0
0.0
0.0
0.0
0.0
0.0
0.0
0.0
0.0
0.0
0.0
0.0
0.0
0.0
0.0
0.0
0.0
0.0
0.0
0.0
0.0
0.0
0.0
0.0
0.0
0.0
0.0
0.0
0.0
0.0
0.0
0.0
0.0
0.0
0.0
0.0
0.0
0.0
0.0
0.0
0.0
0.0
0.0
0.0
0.0
0.0
0.0
0.0
0.0
0.0
0.0
0.0
0.0
0.0
0.0
0.0
0.0
0.0
0.0
0.0
0.0
0.0
0.0
0.0
0.0
0.0
0.0
0.0
0.0
0.0
0.0
0.0
0.0
0.0
0.0
0.0
0.0
0.0
0.0
0.0
0.0
0.0
0.0
0.0
0.0
0.0
0.0
0.0
0.0
0.0
0.0
0.0
0.0
0.0
0.0
0.0
0.0
0.0
0.0
0.0
0.0
0.0
0.0
0.0
0.0
0.0
0.0
0.0
0.0
0.0
0.0
0.0
0.0
0.0
0.0
0.0
0.0
0.0
0.0
0.0
0.0
0.0
0.0
0.0
0.0
0.0
0.0
0.0
0.0
0.0
0.0
0.0
0.0
0.0
0.0
0.0
0.0
0.0
0.0
0.0
0.0
0.0
0.0
0.0
0.0
0.0
0.0
0.0
0.0
0.0
0.0
0.0
0.0
0.0
0.0
0.0
0.0
0.0
0.0
0.0
0.0
0.0
0.0
0.0
0.0
0.0
0.0
0.0
0.0
0.0
0.0
0.0
0.0
0.0
0.0
0.0
0.0
0.0
0.0
0.0
0.0
0.0
0.0
0.0
0.0
0.0
0.0
0.0
0.0
0.0
0.0
0.0
0.0
0.0
0.0
0.0
0.0
0.0
0.0
0.0
0.0
0.0
0.0
0.0
0.0
0.0
0.0
0.0
0.0
0.0
0.0
0.0
0.0
0.0
0.0
0.0
0.0
0.0
0.0
0.0
0.0
0.0
0.0
0.0
0.0
0.0
0.0
0.0
0.0
0.0
0.0
0.0
0.0
0.0
0.0
0.0
0.0
0.0
0.0
0.0
0.0
0.0
0.0
0.0
0.0
0.0
0.0
0.0
0.0
0.0
0.0
0.0
0.0
0.0
0.0
0.0
0.0
0.0
0.0
0.0
0.0
0.0
0.0
0.0
0.0
0.0
0.0
0.0
0.0
0.0
0.0
0.0
0.0
0.0
0.0
0.0
0.0
0.0
0.0
0.0
0.0
0.0
0.0
0.0
0.0
0.0
0.0
0.0
0.0
0.0
0.0
0.0
0.0
0.0
0.0
0.0
0.0
0.0
0.0
0.0
0.0
0.0
0.0
0.0
0.0
0.0
0.0
0.0
0.0
0.0
0.0
0.0
0.0
0.0
0.0
0.0
0.0
0.0
0.0
0.0
0.0
0.0
0.0
0.0
0.0
0.0
0.0
0.0
0.0
0.0
0.0
0.0
0.0
0.0
0.0
0.0
0.0
0.0
0.0
0.0
0.0
0.0
0.0
0.0
0.0
0.0
0.0
0.0
0.0
0.0
0.0
0.0
0.0
0.0
0.0
0.0
0.0
0.0
0.0
0.0
0.0
0.0
0.0
0.0
0.0
0.0
0.0
0.0
0.0
0.0
0.0
0.0
0.0
0.0
0.0
0.0
0.0
0.0
0.0
0.0
0.0
0.0
0.0
0.0
0.0
0.0
0.0
0.0
0.0
0.0
0.0
0.0
0.0
0.0
0.0
0.0
0.0
0.0
0.0
0.0
0.0
0.0
0.0
0.0
0.0
0.0
0.0
0.0
0.0
0.0
0.0
0.0
0.0
0.0
0.0
0.0
0.0
0.0
0.0
0.0
0.0
0.0
0.0
0.0
0.0
0.0
0.0
0.0
0.0
0.0
0.0
0.0
0.0
0.0
0.0
0.0
0.0
0.0
0.0
0.0
0.0
0.0
0.0
0.0
0.0
0.0
0.0
0.0
0.0
0.0
0.0
0.0
0.0
0.0
0.0
0.0
0.0
0.0
0.0
0.0
0.0
0.0
0.0
0.0
0.0
0.0
0.0
0.0
0.0
0.0
0.0
0.0
0.0
0.0
0.0
0.0
0.0
0.0
0.0
0.0
0.0
0.0
0.0
0.0
0.0
0.0
0.0
0.0
0.0
0.0
0.0
0.0
0.0
0.0
0.0
0.0
0.0
0.0
0.0
0.0
0.0
0.0
0.0
0.0
0.0
0.0
0.0
0.0
0.0
0.0
0.0
0.0
0.0
0.0
0.0
0.0
0.0
0.0
0.0
0.0
0.0
0.0
0.0
0.0
0.0
0.0
0.0
0.0
0.0
0.0
0.0
0.0
0.0
0.0
0.0
0.0
0.0
0.0
0.0
0.0
0.0
0.0
0.0
0.0
0.0
0.0
0.0
0.0
0.0
0.0
0.0
0.0
0.0
0.0
0.0
0.0
0.0
0.0
0.0
0.0
0.0
0.0
0.0
0.0
0.0
0.0
0.0
0.0
0.0
0.0
0.0
0.0
0.0
0.0
0.0
0.0
0.0
0.0
0.0
0.0
0.0
0.0
0.0
0.0
0.0
0.0
0.0
0.0
0.0
0.0
0.0
0.0
0.0
0.0
0.0
0.0
0.0
0.0
0.0
0.0
0.0
0.0
0.0
0.0
0.0
0.0
0.0
0.0
0.0
0.0
0.0
0.0
0.0
0.0
0.0
0.0
0.0
0.0
0.0
0.0
0.0
0.0
0.0
0.0
0.0
0.0
0.0
0.0
0.0
0.0
0.0
0.0
0.0
0.0
0.0
0.0
0.0
0.0
0.0
0.0
0.0
0.0
0.0
0.0
0.0
0.0
0.0
0.0
0.0
0.0
0.0
0.0
0.0
0.0
0.0
0.0
0.0
0.0
0.0
0.0
0.0
0.0
0.0
0.0
0.0
0.0
0.0
0.0
0.0
0.0
0.0
0.0
0.0
0.0
0.0
0.0
0.0
0.0
0.0
0.0
0.0
0.0
0.0
0.0
0.0
0.0
0.0
0.0
0.0
0.0
0.0
0.0
0.0
0.0
0.0
0.0
0.0
0.0
0.0
0.0
0.0
0.0
0.0
0.0
0.0
0.0
0.0
0.0
0.0
0.0
0.0
0.0
0.0
0.0
0.0
0.0
0.0
0.0
0.0
0.0
0.0
0.0
0.0
0.0
0.0
0.0
0.0
0.0
0.0
0.0
0.0
0.0
0.0
0.0
0.0
0.0
0.0
0.0
0.0
0.0
0.0
0.0
0.0
0.0
0.0
0.0
0.0
0.0
0.0
0.0
0.0
0.0
0.0
0.0
0.0
0.0
0.0
0.0
0.0
0.0
0.0
0.0
0.0
0.0
0.0
0.0
0.0
0.0
0.0
0.0
0.0
0.0
0.0
0.0
0.0
0.0
0.0
0.0
0.0
0.0
0.0
0.0
0.0
0.0
0.0
0.0
0.0
0.0
0.0
0.0
0.0
0.0
0.0
0.0
0.0
0.0
0.0
0.0
0.0
0.0
0.0
0.0
0.0
0.0
0.0
0.0
0.0
0.0
0.0
0.0
0.0
0.0
0.0
0.0
0.0
0.0
0.0
0.0
0.0
0.0
0.0
0.0
0.0
0.0
0.0
0.0
0.0
0.0
0.0
0.0
0.0
0.0
0.0
0.0
0.0
0.0
0.0
0.0
0.0
0.0
0.0
0.0
0.0
0.0
0.0
0.0
0.0
0.0
0.0
0.0
0.0
0.0
0.0
0.0
0.0
0.0
0.0
0.0
0.0
0.0
0.0
0.0
0.0
0.0
0.0
0.0
0.0
0.0
0.0
0.0
0.0
0.0
0.0
0.0
0.0
0.0
0.0
0.0
0.0
0.0
0.0
0.0
0.0
0.0
0.0
0.0
0.0
0.0
0.0
0.0
0.0
0.0
0.0
0.0
0.0
0.0
0.0
0.0
0.0
0.0
0.0
0.0
0.0
0.0
0.0
0.0
0.0
0.0
0.0
0.0
0.0
0.0
0.0
0.0
0.0
0.0
0.0
0.0
0.0
0.0
0.0
0.0
0.0
0.0
0.0
0.0
0.0
0.0
0.0
0.0
0.0
0.0
0.0
0.0
0.0
0.0
0.0
0.0
0.0
0.0
0.0
0.0
0.0
0.0
0.0
0.0
0.0
0.0
0.0
0.0
0.0
0.0
0.0
0.0
0.0
0.0
0.0
0.0
0.0
0.0
0.0
0.0
0.0
0.0
0.0
0.0
0.0
0.0
0.0
0.0
0.0
0.0
0.0
0.0
0.0
0.0
0.0
0.0
0.0
0.0
0.0
0.0
0.0
0.0
0.0
0.0
0.0
0.0
0.0
0.0
0.0
0.0
0.0
0.0
0.0
0.0
0.0
0.0
0.0
0.0
0.0
0.0
0.0
0.0
0.0
0.0
0.0
0.0
0.0
0.0
0.0
0.0
0.0
0.0
0.0
0.0
0.0
0.0
0.0
0.0
0.0
0.0
0.0
0.0
0.0
0.0
0.0
0.0
0.0
0.0
0.0
0.0
0.0
0.0
0.0
0.0
0.0
0.0
0.0
0.0
0.0
0.0
0.0
0.0
0.0
0.0
0.0
0.0
0.0
0.0
0.0
0.0
0.0
0.0
0.0
0.0
0.0
0.0
0.0
0.0
0.0
0.0
0.0
0.0
0.0
0.0
0.0
0.0
0.0
0.0
0.0
0.0
0.0
0.0
0.0
0.0
0.0
0.0
0.0
0.0
0.0
0.0
0.0
0.0
0.0
0.0
0.0
0.0
0.0
0.0
0.0
0.0
0.0
0.0
0.0
0.0
0.0
0.0
0.0
0.0
0.0
0.0
0.0
0.0
0.0
0.0
0.0
0.0
0.0
0.0
0.0
0.0
0.0
0.0
0.0
0.0
0.0
0.0
0.0
0.0
0.0
0.0
0.0
0.0
0.0
0.0
0.0
0.0
0.0
0.0
0.0
0.0
0.0
0.0
0.0
0.0
0.0
0.0
0.0
0.0
0.0
0.0
0.0
0.0
0.0
0.0
0.0
0.0
0.0
0.0
0.0
0.0
0.0
0.0
0.0
0.0
0.0
0.0
0.0
0.0
0.0
0.0
0.0
0.0
0.0
0.0
0.0
0.0
0.0
0.0
0.0
0.0
0.0
0.0
0.0
0.0
0.0
0.0
0.0
0.0
0.0
0.0
0.0
0.0
0.0
0.0
0.0
0.0
0.0
0.0
0.0
0.0
0.0
0.0
0.0
0.0
0.0
0.0
0.0
0.0
0.0
0.0
0.0
0.0
0.0
0.0
0.0
0.0
0.0
0.0
0.0
0.0
0.0
0.0
0.0
0.0
0.0
0.0
0.0
0.0
0.0
0.0
0.0
0.0
0.0
0.0
0.0
0.0
0.0
0.0
0.0
0.0
0.0
0.0
0.0
0.0
0.0
0.0
0.0
0.0
0.0
0.0
0.0
0.0
0.0
0.0
0.0
0.0
0.0
0.0
0.0
0.0
0.0
0.0
0.0
0.0
0.0
0.0
0.0
0.0
0.0
0.0
0.0
0.0
0.0
0.0
0.0
0.0
0.0
0.0
0.0
0.0
0.0
0.0
0.0
0.0
0.0
0.0
0.0
0.0
0.0
0.0
0.0
0.0
0.0
0.0
0.0
0.0
0.0
0.0
0.0
0.0
0.0
0.0
0.0
0.0
0.0
0.0
0.0
0.0
0.0
0.0
0.0
0.0
0.0
0.0
0.0
0.0
0.0
0.0
0.0
0.0
0.0
0.0
0.0
0.0
0.0
0.0
0.0
0.0
0.0
0.0
0.0
0.0
0.0
0.0
0.0
0.0
0.0
0.0
0.0
0.0
0.0
0.0
0.0
0.0
0.0
0.0
0.0
0.0
0.0
0.0
0.0
0.0
0.0
0.0
0.0
0.0
0.0
0.0
0.0
0.0
0.0
0.0
0.0
0.0
0.0
0.0
0.0
0.0
0.0
0.0
0.0
0.0
0.0
0.0
0.0
0.0
0.0
0.0
0.0
0.0
0.0
0.0
0.0
0.0
0.0
0.0
0.0
0.0
0.0
0.0
0.0
0.0
0.0
0.0
0.0
0.0
0.0
0.0
0.0
0.0
0.0
0.0
0.0
0.0
0.0
0.0
0.0
0.0
0.0
0.0
0.0
0.0
0.0
0.0
0.0
0.0
0.0
0.0
0.0
0.0
0.0
0.0
0.0
0.0
0.0
0.0
0.0
0.0
0.0
0.0
0.0
0.0
0.0
0.0
0.0
0.0
0.0
0.0
0.0
0.0
0.0
0.0
0.0
0.0
0.0
0.0
0.0
0.0
0.0
0.0
0.0
0.0
0.0
0.0
0.0
0.0
0.0
0.0
0.0
0.0
0.0
0.0
0.0
0.0
0.0
0.0
0.0
0.0
0.0
0.0
0.0
0.0
0.0
0.0
0.0
0.0
0.0
0.0
0.0
0.0
0.0
0.0
0.0
0.0
0.0
0.0
0.0
0.0
0.0
0.0
0.0
0.0
0.0
0.0
0.0
0.0
0.0
0.0
0.0
0.0
0.0
0.0
0.0
0.0
0.0
0.0
0.0
0.0
0.0
0.0
0.0
0.0
0.0
0.0
0.0
0.0
0.0
0.0
0.0
0.0
0.0
0.0
0.0
0.0
0.0
0.0
0.0
0.0
0.0
0.0
0.0
0.0
0.0
0.0
0.0
0.0
0.0
0.0
0.0
0.0
0.0
0.0
0.0
0.0
0.0
0.0
0.0
0.0
0.0
0.0
0.0
0.0
0.0
0.0
0.0
0.0
0.0
0.0
0.0
0.0
0.0
0.0
0.0
0.0
0.0
0.0
0.0
0.0
0.0
0.0
0.0
0.0
0.0
0.0
0.0
0.0
0.0
0.0
0.0
0.0
0.0
0.0
0.0
0.0
0.0
0.0
0.0
0.0
0.0
0.0
0.0
0.0
0.0
0.0
0.0
0.0
0.0
0.0
0.0
0.0
0.0
0.0
0.0
0.0
0.0
0.0
0.0
0.0
0.0
0.0
0.0
0.0
0.0
0.0
0.0
0.0
0.0
0.0
0.0
0.0
0.0
0.0
0.0
0.0
0.0
0.0
0.0
0.0
0.0
0.0
0.0
0.0
0.0
0.0
0.0
0.0
0.0
0.0
0.0
0.0
0.0
0.0
0.0
0.0
0.0
0.0
0.0
0.0
0.0
0.0
0.0
0.0
0.0
0.0
0.0
0.0
0.0
0.0
0.0
0.0
0.0
0.0
0.0
0.0
0.0
0.0
0.0
0.0
0.0
0.0
0.0
0.0
0.0
0.0
0.0
0.0
0.0
0.0
0.0
0.0
0.0
0.0
0.0
0.0
0.0
0.0
0.0
0.0
0.0
0.0
0.0
0.0
0.0
0.0
0.0
0.0
0.0
0.0
0.0
0.0
0.0
0.0
0.0
0.0
0.0
0.0
0.0
0.0
0.0
0.0
0.0
0.0
0.0
0.0
0.0
0.0
0.0
0.0
0.0
0.0
0.0
0.0
0.0
0.0
0.0
0.0
0.0
0.0
0.0
0.0
0.0
0.0
0.0
0.0
0.0
0.0
0.0
0.0
0.0
0.0
0.0
0.0
0.0
0.0
0.0
0.0
0.0
0.0
0.0
0.0
0.0
0.0
0.0
0.0
0.0
0.0
0.0
0.0
0.0
0.0
0.0
0.0
0.0
0.0
0.0
0.0
0.0
0.0
0.0
0.0
0.0
0.0
0.0
0.0
0.0
0.0
0.0
0.0
0.0
0.0
0.0
0.0
0.0
0.0
0.0
0.0
0.0
0.0
0.0
0.0
0.0
0.0
0.0
0.0
0.0
0.0
0.0
0.0
0.0
0.0
0.0
0.0
0.0
0.0
0.0
0.0
0.0
0.0
0.0
0.0
0.0
0.0
0.0
0.0
0.0
0.0
0.0
0.0
0.0
0.0
0.0
0.0
0.0
0.0
0.0
0.0
0.0
0.0
0.0
0.0
0.0
0.0
0.0
0.0
0.0
0.0
0.0
0.0
0.0
0.0
0.0
0.0
0.0
0.0
0.0
0.0
0.0
0.0
0.0
0.0
0.0
0.0
0.0
0.0
0.0
0.0
0.0
0.0
0.0
0.0
0.0
0.0
0.0
0.0
0.0
0.0
0.0
0.0
0.0
0.0
0.0
0.0
0.0
0.0
0.0
0.0
0.0
0.0
0.0
0.0
0.0
0.0
0.0
0.0
0.0
0.0
0.0
0.0
0.0
0.0
0.0
0.0
0.0
0.0
0.0
0.0
0.0
0.0
0.0
0.0
0.0
0.0
0.0
0.0
0.0
0.0
0.0
0.0
0.0
0.0
0.0
0.0
0.0
0.0
0.0
0.0
0.0
0.0
0.0
0.0
0.0
0.0
0.0
0.0
0.0
0.0
0.0
0.0
0.0
0.0
0.0
0.0
0.0
0.0
0.0
0.0
0.0
0.0
0.0
0.0
0.0
0.0
0.0
0.0
0.0
0.0
0.0
0.0
0.0
0.0
0.0
0.0
0.0
0.0
0.0
0.0
0.0
0.0
0.0
0.0
0.0
0.0
0.0
0.0
0.0
0.0
0.0
0.0
0.0
0.0
0.0
0.0
0.0
0.0
0.0
0.0
0.0
0.0
0.0
0.0
0.0
0.0
0.0
0.0
0.0
0.0
0.0
0.0
0.0
0.0
0.0
0.0
0.0
0.0
0.0
0.0
0.0
0.0
0.0
0.0
0.0
0.0
0.0
0.0
0.0
0.0
0.0
0.0
0.0
0.0
0.0
0.0
0.0
0.0
0.0
0.0
0.0
0.0
0.0
0.0
0.0
0.0
0.0
0.0
0.0
0.0
0.0
0.0
0.0
0.0
0.0
0.0
0.0
0.0
0.0
0.0
0.0
0.0
0.0
0.0
0.0
0.0
0.0
0.0
0.0
0.0
0.0
0.0
0.0
0.0
0.0
0.0
0.0
0.0
0.0
0.0
0.0
0.0
0.0
0.0
0.0
0.0
0.0
0.0
0.0
0.0
0.0
0.0
0.0
0.0
0.0
0.0
0.0
0.0
0.0
0.0
0.0
0.0
0.0
0.0
0.0
0.0
0.0
0.0
0.0
0.0
0.0
0.0
0.0
0.0
0.0
0.0
0.0
0.0
0.0
0.0
0.0
0.0
0.0
0.0
0.0
0.0
0.0
0.0
0.0
0.0
0.0
0.0
0.0
0.0
0.0
0.0
0.0
0.0
0.0
0.0
0.0
0.0
0.0
0.0
0.0
0.0
0.0
0.0
0.0
0.0
0.0
0.0
0.0
0.0
0.0
0.0
0.0
0.0
0.0
0.0
0.0
0.0
0.0
0.0
0.0
0.0
0.0
0.0
0.0
0.0
0.0
0.0
0.0
0.0
0.0
0.0
0.0
0.0
0.0
0.0
0.0
0.0
0.0
0.0
0.0
0.0
0.0
0.0
0.0
0.0
0.0
0.0
0.0
0.0
0.0
0.0
0.0
0.0
0.0
0.0
0.0
0.0
0.0
0.0
0.0
0.0
0.0
0.0
0.0
0.0
0.0
0.0
0.0
0.0
0.0
0.0
0.0
0.0
0.0
0.0
0.0
0.0
0.0
0.0
0.0
0.0
0.0
0.0
0.0
0.0
0.0
0.0
0.0
0.0
0.0
0.0
0.0
0.0
0.0
0.0
0.0
0.0
0.0
0.0
0.0
0.0
0.0
0.0
0.0
0.0
0.0
0.0
0.0
0.0
0.0
0.0
0.0
0.0
0.0
0.0
0.0
0.0
0.0
0.0
0.0
0.0
0.0
0.0
0.0
0.0
0.0
0.0
0.0
0.0
0.0
0.0
0.0
0.0
0.0
0.0
0.0
0.0
0.0
0.0
0.0
0.0
0.0
0.0
0.0
0.0
0.0
0.0
0.0
0.0
0.0
0.0
0.0
0.0
0.0
0.0
0.0
0.0
0.0
0.0
0.0
0.0
0.0
0.0
0.0
0.0
0.0
0.0
0.0
0.0
0.0
0.0
0.0
0.0
0.0
0.0
0.0
0.0
0.0
0.0
0.0
0.0
0.0
0.0
0.0
0.0
0.0
0.0
0.0
0.0
0.0
0.0
0.0
0.0
0.0
0.0
0.0
0.0
0.0
0.0
0.0
0.0
0.0
0.0
0.0
0.0
0.0
0.0
0.0
0.0
0.0
0.0
0.0
0.0
0.0
0.0
0.0
0.0
0.0
0.0
0.0
0.0
0.0
0.0
0.0
0.0
0.0
0.0
0.0
0.0
0.0
0.0
0.0
0.0
0.0
0.0
0.0
0.0
0.0
0.0
0.0
0.0
0.0
0.0
0.0
0.0
0.0
0.0
0.0
0.0
0.0
0.0
0.0
0.0
0.0
0.0
0.0
0.0
0.0
0.0
0.0
0.0
0.0
0.0
0.0
0.0
0.0
0.0
0.0
0.0
0.0
0.0
0.0
0.0
0.0
0.0
0.0
0.0
0.0
0.0
0.0
0.0
0.0
0.0
0.0
0.0
0.0
0.0
0.0
0.0
0.0
0.0
0.0
0.0
0.0
0.0
0.0
0.0
0.0
0.0
0.0
0.0
0.0
0.0
0.0
0.0
0.0
0.0
0.0
0.0
0.0
0.0
0.0
0.0
0.0
0.0
0.0
0.0
0.0
0.0
0.0
0.0
0.0
0.0
0.0
0.0
0.0
0.0
0.0
0.0
0.0
0.0
0.0
0.0
0.0
0.0
0.0
0.0
0.0
0.0
0.0
0.0
0.0
0.0
0.0
0.0
0.0
0.0
0.0
0.0
0.0
0.0
0.0
0.0
0.0
0.0
0.0
0.0
0.0
0.0
0.0
0.0
0.0
0.0
0.0
0.0
0.0
0.0
0.0
0.0
0.0
0.0
0.0
0.0
0.0
0.0
0.0
0.0
0.0
0.0
0.0
0.0
0.0
0.0
0.0
0.0
0.0
0.0
0.0
0.0
0.0
0.0
0.0
0.0
0.0
0.0
0.0
0.0
0.0
0.0
0.0
0.0
0.0
0.0
0.0
0.0
0.0
0.0
0.0
0.0
0.0
0.0
0.0
0.0
0.0
0.0
0.0
0.0
0.0
0.0
0.0
0.0
0.0
0.0
0.0
0.0
0.0
0.0
0.0
0.0
0.0
0.0
0.0
0.0
0.0
0.0
0.0
0.0
0.0
0.0
0.0
0.0
0.0
0.0
0.0
0.0
0.0
0.0
0.0
0.0
0.0
0.0
0.0
0.0
0.0
0.0
0.0
0.0
0.0
0.0
0.0
0.0
0.0
0.0
0.0
0.0
0.0
0.0
0.0
0.0
0.0
0.0
0.0
0.0
0.0
0.0
0.0
0.0
0.0
0.0
0.0
0.0
0.0
0.0
0.0
0.0
0.0
0.0
0.0
0.0
0.0
0.0
0.0
0.0
0.0
0.0
0.0
0.0
0.0
0.0
0.0
0.0
0.0
0.0
0.0
0.0
0.0
0.0
0.0
0.0
0.0
0.0
0.0
0.0
0.0
0.0
0.0
0.0
0.0
0.0
0.0
0.0
0.0
0.0
0.0
0.0
0.0
0.0
0.0
0.0
0.0
0.0
0.0
0.0
0.0
0.0
0.0
0.0
0.0
0.0
0.0
0.0
0.0
0.0
0.0
0.0
0.0
0.0
0.0
0.0
0.0
0.0
0.0
0.0
0.0
0.0
0.0
0.0
0.0
0.0
0.0
0.0
0.0
0.0
0.0
0.0
0.0
0.0
0.0
0.0
0.0
0.0
0.0
0.0
0.0
0.0
0.0
0.0
0.0
0.0
0.0
0.0
0.0
0.0
0.0
0.0
0.0
0.0
0.0
0.0
0.0
0.0
0.0
0.0
0.0
0.0
0.0
0.0
0.0
0.0
0.0
0.0
0.0
0.0
0.0
0.0
0.0
0.0
0.0
0.0
0.0
0.0
0.0
0.0
0.0
0.0
0.0
0.0
0.0
0.0
0.0
0.0
0.0
0.0
0.0
0.0
0.0
0.0
0.0
0.0
0.0
0.0
0.0
0.0
0.0
0.0
0.0
0.0
0.0
0.0
0.0
0.0
0.0
0.0
0.0
0.0
0.0
0.0
0.0
0.0
0.0
0.0
0.0
0.0
0.0
0.0
0.0
0.0
0.0
0.0
0.0
0.0
0.0
0.0
0.0
0.0
0.0
0.0
0.0
0.0
0.0
0.0
0.0
0.0
0.0
0.0
0.0
0.0
0.0
0.0
0.0
0.0
0.0
0.0
0.0
0.0
0.0
0.0
0.0
0.0
0.0
0.0
0.0
0.0
0.0
0.0
0.0
0.0
0.0
0.0
0.0
0.0
0.0
0.0
0.0
0.0
0.0
0.0
0.0
0.0
0.0
0.0
0.0
0.0
0.0
0.0
0.0
0.0
0.0
0.0
0.0
0.0
0.0
0.0
0.0
0.0
0.0
0.0
0.0
0.0
0.0
0.0
0.0
0.0
0.0
0.0
0.0
0.0
0.0
0.0
0.0
0.0
0.0
0.0
0.0
0.0
0.0
0.0
0.0
0.0
0.0
0.0
0.0
0.0
0.0
0.0
0.0
0.0
0.0
0.0
0.0
0.0
0.0
0.0
0.0
0.0
0.0
0.0
0.0
0.0
0.0
0.0
0.0
0.0
0.0
0.0
0.0
0.0
0.0
0.0
0.0
0.0
0.0
0.0
0.0
0.0
0.0
0.0
0.0
0.0
0.0
0.0
0.0
0.0
0.0
0.0
0.0
0.0
0.0
0.0
0.0
0.0
0.0
0.0
0.0
0.0
0.0
0.0
0.0
0.0
0.0
0.0
0.0
0.0
0.0
0.0
0.0
0.0
0.0
0.0
0.0
0.0
0.0
0.0
0.0
0.0
0.0
0.0
0.0
0.0
0.0
0.0
0.0
0.0
0.0
0.0
0.0
0.0
0.0
0.0
0.0
0.0
0.0
0.0
0.0
0.0
0.0
0.0
0.0
0.0
0.0
0.0
0.0
0.0
0.0
0.0
0.0
0.0
0.0
0.0
0.0
0.0
0.0
0.0
0.0
0.0
0.0
0.0
0.0
0.0
0.0
0.0
0.0
0.0
0.0
0.0
0.0
0.0
0.0
0.0
0.0
0.0
0.0
0.0
0.0
0.0
0.0
0.0
0.0
0.0
0.0
0.0
0.0
0.0
0.0
0.0
0.0
0.0
0.0
0.0
0.0
0.0
0.0
0.0
0.0
0.0
0.0
0.0
0.0
0.0
0.0
0.0
0.0
0.0
0.0
0.0
0.0
0.0
0.0
0.0
0.0
0.0
0.0
0.0
0.0
0.0
0.0
0.0
0.0
0.0
0.0
0.0
0.0
0.0
0.0
0.0
0.0
0.0
0.0
0.0
0.0
0.0
0.0
0.0
0.0
0.0
0.0
0.0
0.0
0.0
0.0
0.0
0.0
0.0
0.0
0.0
0.0
0.0
0.0
0.0
0.0
0.0
0.0
0.0
0.0
0.0
0.0
0.0
0.0
0.0
0.0
0.0
0.0
0.0
0.0
0.0
0.0
0.0
0.0
0.0
0.0
0.0
0.0
0.0
0.0
0.0
0.0
0.0
0.0
0.0
0.0
0.0
0.0
0.0
0.0
0.0
0.0
0.0
0.0
0.0
0.0
0.0
0.0
0.0
0.0
0.0
0.0
0.0
0.0
0.0
0.0
0.0
0.0
0.0
0.0
0.0
0.0
0.0
0.0
0.0
0.0
0.0
0.0
0.0
0.0
0.0
0.0
0.0
0.0
0.0
0.0
0.0
0.0
0.0
0.0
0.0
0.0
0.0
0.0
0.0
0.0
0.0
0.0
0.0
0.0
0.0
0.0
0.0
0.0
0.0
0.0
0.0
0.0
0.0
0.0
0.0
0.0
0.0
0.0
0.0
0.0
0.0
0.0
0.0
0.0
0.0
0.0
0.0
0.0
0.0
0.0
0.0
0.0
0.0
0.0
0.0
0.0
0.0
0.0
0.0
0.0
0.0
0.0
0.0
0.0
0.0
0.0
0.0
0.0
0.0
0.0
0.0
0.0
0.0
0.0
0.0
0.0
0.0
0.0
0.0
0.0
0.0
0.0
0.0
0.0
0.0
0.0
0.0
0.0
0.0
0.0
0.0
0.0
0.0
0.0
0.0
0.0
0.0
0.0
0.0
0.0
0.0
0.0
0.0
0.0
0.0
0.0
0.0
0.0
0.0
0.0
0.0
0.0
0.0
0.0
0.0
0.0
0.0
0.0
0.0
0.0
0.0
0.0
0.0
0.0
0.0
0.0
0.0
0.0
0.0
0.0
0.0
0.0
0.0
0.0
0.0
0.0
0.0
0.0
0.0
0.0
0.0
0.0
0.0
0.0
0.0
0.0
0.0
0.0
0.0
0.0
0.0
0.0
0.0
0.0
0.0
0.0
0.0
0.0
0.0
0.0
0.0
0.0
0.0
0.0
0.0
0.0
0.0
0.0
0.0
0.0
0.0
0.0
0.0
0.0
0.0
0.0
0.0
0.0
0.0
0.0
0.0
0.0
0.0
0.0
0.0
0.0
0.0
0.0
0.0
0.0
0.0
0.0
0.0
0.0
0.0
0.0
0.0
0.0
0.0
0.0
0.0
0.0
0.0
0.0
0.0
0.0
0.0
0.0
0.0
0.0
0.0
0.0
0.0
0.0
0.0
0.0
0.0
0.0
0.0
0.0
0.0
0.0
0.0
0.0
0.0
0.0
0.0
0.0
0.0
0.0
0.0
0.0
0.0
0.0
0.0
0.0
0.0
0.0
0.0
0.0
0.0
0.0
0.0
0.0
0.0
0.0
0.0
0.0
0.0
0.0
0.0
0.0
0.0
0.0
0.0
0.0
0.0
0.0
0.0
0.0
0.0
0.0
0.0
0.0
0.0
0.0
0.0
0.0
0.0
0.0
0.0
0.0
0.0
0.0
0.0
0.0
0.0
0.0
0.0
0.0
0.0
0.0
0.0
0.0
0.0
0.0
0.0
0.0
0.0
0.0
0.0
0.0
0.0
0.0
0.0
0.0
0.0
0.0
0.0
0.0
0.0
0.0
0.0
0.0
0.0
0.0
0.0
0.0
0.0
0.0
0.0
0.0
0.0
0.0
0.0
0.0
0.0
0.0
0.0
0.0
0.0
0.0
0.0
0.0
0.0
0.0
0.0
0.0
0.0
0.0
0.0
0.0
0.0
0.0
0.0
0.0
0.0
0.0
0.0
0.0
0.0
0.0
0.0
0.0
0.0
0.0
0.0
0.0
0.0
0.0
0.0
0.0
0.0
0.0
0.0
0.0
0.0
0.0
0.0
0.0
0.0
0.0
0.0
0.0
0.0
0.0
0.0
0.0
0.0
0.0
0.0
0.0
0.0
0.0
0.0
0.0
0.0
0.0
0.0
0.0
0.0
0.0
0.0
0.0
0.0
0.0
0.0
0.0
0.0
0.0
0.0
0.0
0.0
0.0
0.0
0.0
0.0
0.0
0.0
0.0
0.0
0.0
0.0
0.0
0.0
0.0
0.0
0.0
0.0
0.0
0.0
0.0
0.0
0.0
0.0
0.0
0.0
0.0
0.0
0.0
0.0
0.0
0.0
0.0
0.0
0.0
0.0
0.0
0.0
0.0
0.0
0.0
0.0
0.0
0.0
0.0
0.0
0.0
0.0
0.0
0.0
0.0
0.0
0.0
0.0
0.0
0.0
0.0
0.0
0.0
0.0
0.0
0.0
0.0
0.0
0.0
0.0
0.0
0.0
0.0
0.0
0.0
0.0
0.0
0.0
0.0
0.0
0.0
0.0
0.0
0.0
0.0
0.0
0.0
0.0
0.0
0.0
0.0
0.0
0.0
0.0
0.0
0.0
0.0
0.0
0.0
0.0
0.0
0.0
0.0
0.0
0.0
0.0
0.0
0.0
0.0
0.0
0.0
0.0
0.0
0.0
0.0
0.0
0.0
0.0
0.0
0.0
0.0
0.0
0.0
0.0
0.0
0.0
0.0
0.0
0.0
0.0
0.0
0.0
0.0
0.0
0.0
0.0
0.0
0.0
0.0
0.0
0.0
0.0
0.0
0.0
0.0
0.0
0.0
0.0
0.0
0.0
0.0
0.0
0.0
0.0
0.0
0.0
0.0
0.0
0.0
0.0
0.0
0.0
0.0
0.0
0.0
0.0
0.0
0.0
0.0
0.0
0.0
0.0
0.0
0.0
0.0
0.0
0.0
0.0
0.0
0.0
0.0
0.0
0.0
0.0
0.0
0.0
0.0
0.0
0.0
0.0
0.0
0.0
0.0
0.0
0.0
0.0
0.0
0.0
0.0
0.0
0.0
0.0
0.0
0.0
0.0
0.0
0.0
0.0
0.0
0.0
0.0
0.0
0.0
0.0
0.0
0.0
0.0
0.0
0.0
0.0
0.0
0.0
0.0
0.0
0.0
0.0
0.0
0.0
0.0
0.0
0.0
0.0
0.0
0.0
0.0
0.0
0.0
0.0
0.0
0.0
0.0
0.0
0.0
0.0
0.0
0.0
0.0
0.0
0.0
0.0
0.0
0.0
0.0
0.0
0.0
0.0
0.0
0.0
0.0
0.0
0.0
0.0
0.0
0.0
0.0
0.0
0.0
0.0
0.0
0.0
0.0
0.0
0.0
0.0
0.0
0.0
0.0
0.0
0.0
0.0
0.0
0.0
0.0
0.0
0.0
0.0
0.0
0.0
0.0
0.0
0.0
0.0
0.0
0.0
0.0
0.0
0.0
0.0
0.0
0.0
0.0
0.0
0.0
0.0
0.0
0.0
0.0
0.0
0.0
0.0
0.0
0.0
0.0
0.0
0.0
0.0
0.0
0.0
0.0
0.0
0.0
0.0
0.0
0.0
0.0
0.0
0.0
0.0
0.0
0.0
0.0
0.0
0.0
0.0
0.0
0.0
0.0
0.0
0.0
0.0
0.0
0.0
0.0
0.0
0.0
0.0
0.0
0.0
0.0
0.0
0.0
0.0
0.0
0.0
0.0
0.0
0.0
0.0
0.0
0.0
0.0
0.0
0.0
0.0
0.0
0.0
0.0
0.0
0.0
0.0
0.0
0.0
0.0
0.0
0.0
0.0
0.0
0.0
0.0
0.0
0.0
0.0
0.0
0.0
0.0
0.0
0.0
0.0
0.0
0.0
0.0
0.0
0.0
0.0
0.0
0.0
0.0
0.0
0.0
0.0
0.0
0.0
0.0
0.0
0.0
0.0
0.0
0.0
0.0
0.0
0.0
0.0
0.0
0.0
0.0
0.0
0.0
0.0
0.0
0.0
0.0
0.0
0.0
0.0
0.0
0.0
0.0
0.0
0.0
0.0
0.0
0.0
0.0
0.0
0.0
0.0
0.0
0.0
0.0
0.0
0.0
0.0
0.0
0.0
0.0
0.0
0.0
0.0
0.0
0.0
0.0
0.0
0.0
0.0
0.0
0.0
0.0
0.0
0.0
0.0
0.0
0.0
0.0
0.0
0.0
0.0
0.0
0.0
0.0
0.0
0.0
0.0
0.0
0.0
0.0
0.0
0.0
0.0
0.0
0.0
0.0
0.0
0.0
0.0
0.0
0.0
0.0
0.0
0.0
0.0
0.0
0.0
0.0
0.0
0.0
0.0
0.0
0.0
0.0
0.0
0.0
0.0
0.0
0.0
0.0
0.0
0.0
0.0
0.0
0.0
0.0
0.0
0.0
0.0
0.0
0.0
0.0
0.0
0.0
0.0
0.0
0.0
0.0
0.0
0.0
0.0
0.0
0.0
0.0
0.0
0.0
0.0
0.0
0.0
0.0
0.0
0.0
0.0
0.0
0.0
0.0
0.0
0.0
0.0
0.0
0.0
0.0
0.0
0.0
0.0
0.0
0.0
0.0
0.0
0.0
0.0
0.0
0.0
0.0
0.0
0.0
0.0
0.0
0.0
0.0
0.0
0.0
0.0
0.0
0.0
0.0
0.0
0.0
0.0
0.0
0.0
0.0
0.0
0.0
0.0
0.0
0.0
0.0
0.0
0.0
0.0
0.0
0.0
0.0
0.0
0.0
0.0
0.0
0.0
0.0
0.0
0.0
0.0
0.0
0.0
0.0
0.0
0.0
0.0
0.0
0.0
0.0
0.0
0.0
0.0
0.0
0.0
0.0
0.0
0.0
0.0
0.0
0.0
0.0
0.0
0.0
0.0
0.0
0.0
0.0
0.0
0.0
0.0
0.0
0.0
0.0
0.0
0.0
0.0
0.0
0.0
0.0
0.0
0.0
0.0
0.0
0.0
0.0
0.0
0.0
0.0
0.0
0.0
0.0
0.0
0.0
0.0
0.0
0.0
0.0
0.0
0.0
0.0
0.0
0.0
0.0
0.0
0.0
0.0
0.0
0.0
0.0
0.0
0.0
0.0
0.0
0.0
0.0
0.0
0.0
0.0
0.0
0.0
0.0
0.0
0.0
0.0
0.0
0.0
0.0
0.0
0.0
0.0
0.0
0.0
0.0
0.0
0.0
0.0
0.0
0.0
0.0
0.0
0.0
0.0
0.0
0.0
0.0
0.0
0.0
0.0
0.0
0.0
0.0
0.0
0.0
0.0
0.0
0.0
0.0
0.0
0.0
0.0
0.0
0.0
0.0
0.0
0.0
0.0
0.0
0.0
0.0
0.0
0.0
0.0
0.0
0.0
0.0
0.0
0.0
0.0
0.0
0.0
0.0
0.0
0.0
0.0
0.0
0.0
0.0
0.0
0.0
0.0
0.0
0.0
0.0
0.0
0.0
0.0
0.0
0.0
0.0
0.0
0.0
0.0
0.0
0.0
0.0
0.0
0.0
0.0
0.0
0.0
0.0
0.0
0.0
0.0
0.0
0.0
0.0
0.0
0.0
0.0
0.0
0.0
0.0
0.0
0.0
0.0
0.0
0.0
0.0
0.0
0.0
0.0
0.0
0.0
0.0
0.0
0.0
0.0
0.0
0.0
0.0
0.0
0.0
0.0
0.0
0.0
0.0
0.0
0.0
0.0
0.0
0.0
0.0
0.0
0.0
0.0
0.0
0.0
0.0
0.0
0.0
0.0
0.0
0.0
0.0
0.0
0.0
0.0
0.0
0.0
0.0
0.0
0.0
0.0
