455.07205265714947
446.0447433842923
429.01311446473596
422.7577028830782
411.08778674650694
411.08778674650694
406.5867513326441
406.5867513326441
406.5867513326441
406.5867513326441
391.378054847433
373.5380222865669
372.9894324618795
369.42989650923937
355.24436835447887
347.0441132559281
347.0441132559281
308.23596606720855
290.2973327015499
290.2973327015499
290.2322851287407
288.27773250845274
272.0251269339277
269.4295642266352
265.2347645312092
265.2347645312092
265.2347645312092
264.95645709958916
260.2431103095229
260.2431103095229
260.1011909068127
258.82054039540185
258.82054039540185
240.90289263782975
240.90289263782975
231.98745261763804
231.98745261763804
231.98745261763804
228.40995867269558
228.40995867269558
228.40995867269558
228.40995867269558
216.7631083790301
202.97082063541154
200.04104625562013
199.0127136281977
188.36715387964023
188.36715387964023
188.01446337378155
188.01446337378155
182.2697694214943
182.2697694214943
164.74836303238308
159.2428134642729
155.77591028734943
150.49248116762016
142.1236002235421
142.1236002235421
142.1236002235421
135.68941721325712
135.68941721325712
135.68941721325712
135.68941721325712
134.0340893971047
131.82584668002642
122.62268276181297
122.62268276181297
122.62268276181297
121.36618969331519
121.36618969331519
121.36618969331519
121.36618969331519
121.3576512506676
121.3576512506676
121.3576512506676
120.44622952935336
120.44622952935336
119.95262290598893
119.95262290598893
112.6860620111178
111.53505408212845
111.53505408212845
111.53505408212845
111.53505408212845
111.534041161002
111.534041161002
111.534041161002
111.40563668127328
111.40545815972706
110.671616990225
110.671616990225
110.671616990225
93.5276853981905
93.5276853981905
93.5276853981905
90.45197333917923
89.89013895636265
89.89013895636265
83.03629900874824
83.03629900874824
83.03629900874824
83.03629900874824
83.03629900874824
83.03629900874824
81.27995458669719
81.27995458669719
80.76585152440347
80.76585152440347
70.40402025743597
70.40402025743597
70.15140348411578
70.15140348411578
70.15140348411578
70.15140348411578
70.15140348411578
70.15140348411578
70.15140348411578
66.93343292460088
66.93343292460088
66.93343292460088
66.93343292460088
66.93343292460088
66.72047252838465
64.5001216532448
64.5001216532448
64.47805645547365
64.47805645547365
62.00526013963943
62.00526013963943
62.00526013963943
62.00526013963943
62.00526013963943
62.00526013963943
62.00526013963943
62.00526013963943
62.00526013963943
62.00526013963943
60.724882336561365
60.724882336561365
60.724882336561365
60.724882336561365
60.724882336561365
60.724882336561365
60.724882336561365
60.724882336561365
59.56984913916497
59.56984913916497
59.56984913916497
56.89126849963358
56.89126849963358
56.8138286904819
56.8138286904819
56.8138286904819
56.8138286904819
56.8138286904819
56.8138286904819
56.8138286904819
54.00870178748235
54.00870178748235
54.00870178748235
54.00870178748235
53.59852915373216
53.531428378063
53.28088180124095
52.99031033431797
52.98959743751519
52.98959743751519
52.98959743751519
52.365711481967054
52.365711481967054
52.365711481967054
52.365711481967054
52.365711481967054
51.9962069350718
51.95080033496538
51.95080033496538
48.430911697425074
48.37112589103444
48.37112589103444
48.37112589103444
48.37112589103444
48.37112589103444
48.37112589103444
48.37112589103444
48.37112589103444
48.37112589103444
48.37112589103444
48.25003261169593
48.25003261169593
48.25003261169593
48.25003261169593
48.25003261169593
47.70298912466649
45.870309883811785
45.870309883811785
45.86657122550395
45.865826973714036
45.865826973714036
45.701709104744424
43.99626908645496
43.971862300099076
43.971862300099076
43.970899689281964
43.85477028382928
43.837640201062186
43.056138758924476
43.056138758924476
43.056138758924476
42.946919065707334
42.946919065707334
42.946919065707334
42.632850474787915
42.5390636985162
40.43092069244301
40.43092069244301
40.43092069244301
40.43092069244301
39.79465008638505
39.79465008638505
39.739917030332606
38.72402819451338
38.334141358555314
38.334141358555314
38.23322236877658
38.22879944834909
38.22879944834909
38.17102890689472
38.17102890689472
37.64685883940223
37.64685883940223
37.64685883940223
37.430859506567174
36.47228662578868
36.47228662578868
36.46131150598825
36.46131150598825
36.46131150598825
36.46131150598825
36.07834060078466
33.904153662021486
28.61382179382764
28.61382179382764
28.338851997795416
28.338851997795416
28.270623487512694
27.009547815240865
26.993694663968085
26.993694663968085
26.993694663968085
26.993694663968085
26.993694663968085
26.993694663968085
26.993694663968085
26.55759154693544
26.55759154693544
26.55759154693544
26.55759154693544
26.55759154693544
25.99803220903226
22.965314607606217
22.965314607606217
22.965314607606217
22.965314607606217
22.965314607606217
22.965314607606217
22.965314607606217
22.464151193511213
22.464151193511213
22.464151193511213
22.464151193511213
22.464151193511213
22.464151193511213
22.464151193511213
22.464151193511213
22.464151193511213
22.464151193511213
22.464151193511213
22.464151193511213
22.464151193511213
22.455115148127845
22.322614625248548
22.322614625248548
22.322614625248548
22.322614625248548
22.322614625248548
21.908421014976
21.869801709134492
21.869801709134492
21.83764731737557
21.83764731737557
21.708146858927932
21.708146858927932
21.70389758220682
21.276485526935403
21.276485526935403
19.111538282928564
19.111515749958983
19.111515749958983
19.111515749958983
19.111515749958983
19.111515749958983
19.111515749958983
18.972711398261595
18.972711398261595
18.972711398261595
18.972570331070017
18.972570331070017
18.972570331070017
18.972570331070017
18.968633168609983
18.967415649118607
18.96518725360488
18.818889832515083
18.818889832515083
18.818889832515083
18.818889832515083
18.818889832515083
18.818889832515083
18.818889832515083
18.818889832515083
18.818889832515083
18.818889832515083
18.78489930324264
18.784620063094906
18.784022401723064
18.784022401723064
18.784022401723064
18.784022401723064
16.12507079243221
16.12507079243221
16.12507079243221
16.12507079243221
16.12507079243221
16.12507079243221
15.313855532663808
15.313855532663808
15.303874193085903
15.291193695436448
15.291193695436448
15.272376019616047
15.272376019616047
15.2415302101939
15.2415302101939
14.096466069193525
14.03440601850923
14.03440601850923
14.03440601850923
13.950482501921158
13.950482501921158
13.950482501921158
13.727614188140876
13.727614188140876
13.727614188140876
13.635966501147323
13.635966501147323
13.635966501147323
13.635966501147323
13.078371058201185
13.060934872706184
13.060934872706184
13.060934872706184
13.060934872706184
13.060934872706184
13.060934872706184
13.060934872706184
13.037458113938044
13.037458113938044
13.037458113938044
13.037458113938044
12.45436516880477
12.374684509446183
12.374684509446183
12.374220504214179
12.374220504214179
12.226904883843247
12.225246522508598
12.225246522508598
12.224811678083768
12.207062431154782
12.207062431154782
12.207062431154782
12.207062431154782
12.207062431154782
12.207062431154782
12.207062431154782
12.207062431154782
12.092695918532797
12.092695918532797
12.088891122317477
12.088891122317477
12.088891122317477
12.088891122317477
11.941429242135484
11.941429242135484
11.941429242135484
11.941429242135484
11.941429242135484
11.936981922368659
11.936981922368659
11.936981922368659
11.832447785832699
11.832447785832699
11.832447785832699
11.832447785832699
11.832447785832699
11.832447785832699
11.832447785832699
11.832447785832699
11.680409312249935
11.680409312249935
11.667190018916813
11.667190018916813
11.667190018916813
11.666358106353073
11.666358106353073
11.663244356135067
11.66289028437484
11.66289028437484
10.667987471034678
10.667987471034678
10.667987471034678
10.600307085408986
10.600307085408986
10.600174443004846
10.600174443004846
9.706906858601087
9.706906858601087
9.525550212384928
9.525550212384928
9.524119806003739
9.524119806003739
9.524119806003739
9.524119806003739
9.523959084730677
9.52385924520081
9.52385924520081
9.52385924520081
9.52385924520081
9.52385924520081
9.52385924520081
9.52385924520081
9.52385924520081
9.52385924520081
9.52385924520081
9.52385924520081
9.52385924520081
9.490983352078842
9.490983352078842
9.490983352078842
9.490983352078842
9.490983352078842
9.489824217041303
9.48957604447395
9.48957604447395
9.48957604447395
9.48957604447395
9.48957604447395
9.48957604447395
9.489301966184428
9.477861444656071
9.391003861996637
9.391003861996637
9.391003861996637
9.391003861996637
9.391003861996637
9.391003861996637
9.391003861996637
9.391003861996637
9.391003861996637
9.391003861996637
9.377821412826847
9.377821412826847
9.266087675173651
9.266087675173651
9.266087675173651
9.235004043089532
9.235004043089532
9.176048527639466
9.175407062932948
9.175407062932948
8.935509425879673
8.935507924086892
8.811368467907073
8.811368467907073
8.81132695894172
8.81132695894172
8.711024857070697
8.618207822313707
8.618207822313707
8.618207822313707
8.618207822313707
8.618207822313707
8.572412058957696
8.572412058957696
8.572135672555987
7.896188751474028
7.812714398183346
7.809740561584874
7.809740561584874
7.800639573649107
7.800639511286192
7.79635893099362
7.7960117438356065
7.792849270785439
7.792849270785439
7.792849270785439
7.792849270785439
7.792849270785439
7.792849270785439
7.792849270785439
7.783322260980242
7.783253086939624
7.783253086939624
7.783253086939624
7.783253086939624
7.783178924504966
7.714396727207827
7.714396727207827
7.714396727207827
7.714345152395936
7.714345152395936
7.714345152395936
7.714345152395936
7.714345152395936
7.714345152395936
7.714345152395936
7.714274788988462
7.714250835051075
7.709949290654208
7.709949290654208
7.709949290654208
7.709576070840001
7.708977972440948
7.708977972440948
7.708977972440948
7.708977972440948
7.708977972440948
7.708977972440948
6.796079604917452
6.794086484469062
6.789668747917688
6.789666842682664
6.789666842682664
6.789666842682664
6.789666825607696
6.789666825607696
6.789664783226954
6.22985557554
6.22985557554
6.2296981664671875
6.2296981664671875
6.2296981664671875
5.638280219702494
5.63478491054417
5.63478491054417
5.634773939993181
5.634773939993181
5.634601576972045
5.634384137073425
5.634384137073425
5.634380682300616
5.634369435774715
5.632984434469336
5.631985483030462
5.631985483030462
5.631590147834231
5.631590147834231
5.6144455348389215
5.614445525366477
5.60416295563499
5.603989512466001
5.603989512466001
5.603989512466001
5.6039895110723705
5.6039895110723705
5.154209647702373
5.1414809980173
5.140902895449585
5.140902805687119
4.737435263108921
4.737413250093994
4.737397065413745
4.737174252955356
4.737174252955356
4.737174252955356
4.737174252955356
4.731851526181686
4.731851526181686
4.717860540010406
4.717860540010406
4.717860540010406
4.717860540010406
4.717860540010406
4.717860540000402
4.717860540000402
4.716238872865517
4.7127585479451
4.7127585479451
4.7127585479451
4.709768573939982
4.709768573939982
4.709768573939982
4.702864195464997
4.702864195464997
4.702864195464997
4.702812196364846
4.702812196364846
4.702812196364846
4.702388741034838
4.701467472697743
4.686266569835141
4.686146069145309
4.686133027661128
4.686133027661128
4.6861021501899245
4.6861021501899245
4.6861021501899245
4.6847955554418945
4.6793180675160215
4.6793180675160215
4.6793180675160215
4.6793180675160215
4.675109053518554
4.675101987674623
4.675098760632295
4.675097065280113
4.5334607603535915
4.532583615322551
4.532583615322551
4.52386925415658
4.52386925415658
4.523584252146236
4.523584252035903
4.523584252035903
4.523112130493018
4.523112130493018
4.523112130493018
4.522998593463456
4.522998593463456
4.522998593463456
4.519291189637499
4.156723221892946
4.156586784611989
3.936546072616636
3.9364731181724437
3.936331542421499
3.936331542421499
3.936331542421499
3.936331542421499
3.936331542421499
3.936331542421499
3.936331542421499
3.936328983107046
3.936328983107046
3.936328983107046
3.9261850403806307
3.9261850403806307
3.9261850403806307
3.9261850403806307
3.9261850403806307
3.926152775435355
3.926152775435355
3.926152659017987
3.926152659017987
3.926152659017987
3.926152659017987
3.926152659017987
3.926035928318356
3.926035928318356
3.9260359223446244
3.9260332618508187
3.9260332618508187
3.9260332618508187
3.9260332618508187
3.9260332618508187
2.9583991849627864
2.9583978314080923
2.9583971247240584
2.9583514154536488
2.9583514154536488
2.9583514154536488
2.9583512908757825
2.9579001855026377
2.9578992871582273
2.9578992871302603
2.9578992871302603
2.3991090964070736
2.3991009807994033
2.3991008498222186
2.3991003715713646
2.3991003711161056
2.3991003711161056
2.168857357889408
2.168857357889408
2.134083757233441
2.1340816215125074
2.133163598441058
2.133163191017161
2.1331618492334314
2.1331618492334314
2.1331618492334314
2.1331618492334314
2.1331618492261555
2.1331618492261555
2.133161841538481
2.133160458635473
2.1202606709060774
2.1202538622335965
2.1202538622335965
2.120253798906731
2.1049009215776096
2.1049009215776096
2.1032564731042385
2.103245544403535
2.1032453071492228
2.1032452784482984
2.1032448325190103
2.095498203550335
2.095498198174937
2.095493046772333
2.095493046772333
2.093679996609808
2.093679996609808
2.093679996609808
2.093679996609808
2.093679996609808
2.093671920635643
2.093671920635643
2.0936716680562313
2.0936716680562313
2.087724562951962
2.0875335393842533
2.0875334504149805
2.0875334504149805
2.087533029879978
1.4976740936174338
1.4976735829010295
1.4973842064003406
1.4961969535050343
1.4919304025618203
1.4919304025618203
1.4919304025618203
1.4919304025618203
1.4919304025618203
1.4919304025618203
1.4919304025618203
1.4919303742770467
1.4919303133664812
1.4919303080000645
1.4919303059212439
1.4919303059212439
1.484433159735886
1.484433159735886
1.484433159735886
1.484433090945572
1.484433090945572
1.484433090945572
1.4844330883861403
1.4844330881510928
1.4844330879286076
1.484433045390574
1.484433045390574
1.1270205719977753
1.0198292540258649
1.0060309707952797
1.0060309707952797
1.0060309707952797
1.0060309707952797
1.0056144340040873
0.9967999846856515
0.9967763695976259
0.9967763695976259
0.9967762675167933
0.9967762649736187
0.9967762646544429
0.9967762646544429
0.9967762646544429
0.9967223737696145
0.9967145673975892
0.9967145673975892
0.9966534133085929
0.9966534132839797
0.9966534132839797
0.9966534132839797
0.9966149483005893
0.996614934582567
0.9964517151842642
0.9964517151842642
0.9964517151842642
0.9964517151842642
0.9964516945661899
0.9964516945661899
0.9964516945661899
0.9964516938846941
0.9964516938670727
0.9964516919409903
0.9962881693311374
0.9961090275975266
0.9961090275975266
0.9961090275975266
0.9961090275975266
0.9961090217449282
0.9961090217449282
0.9961090217449282
0.9961090216244202
0.9961090216244202
0.9961090216244202
0.9961090216244202
0.9960788011445629
0.8249498003032159
0.8249498003032159
0.8249463975092226
0.8249463974471496
0.8249394113092876
0.8249393506388287
0.8249393506388287
0.8249393506388287
0.8249393504057707
0.8249388547247349
0.8249388469763517
0.8249388469763517
0.8249382303903303
0.8249382303903303
0.8249381960625328
0.8249381960625328
0.8249381960625328
0.8249381955086506
0.8249381949946155
0.8246340241750545
0.8246340238669063
0.8246310723886268
0.8246310723886268
0.8246310723324086
0.8246310723317265
0.8246310723314991
0.8246310723314991
0.8246310721578425
0.8246141069920441
0.1847913479762724
0.18479134797598817
0.18479134277760068
0.18476309409294345
0.18476309409294345
0.18476309409294345
0.18470784443451294
0.18469741167859866
0.18469722929529553
0.18469722859350668
0.1846972187827305
0.1846955391724805
0.18469553888252221
0.18469553888252221
0.1846955376194046
0.1846955376194046
0.18468292347358783
0.18468292347358783
0.18468292347358783
0.18468292347358783
0.18468292338775427
0.18466535129789463
0.18466535129687145
0.18466535129687145
0.18466535129687145
0.18466535112474958
0.18466535112435167
0.18466535111389248
0.18466535111389248
0.18466534973907756
0.18466002932217407
0.18464778852739983
0.008181812548002654
0.008181812548002654
0.00818181254794581
0.00818181254794581
0.008181811706492681
0.008181811706492681
0.008181758315970455
0.008173349023763876
0.0081732096435303
0.008173015231420777
0.0018644024191871722
0.0018644002165615348
0.001864399795749705
0.001864399795749705
0.001864373640444228
0.0018586468164016878
0.0018586453711009199
0.001858569982971403
0.001858569982971403
0.001858569982971403
0.001858569982971403
0.001858569982971403
0.0018585699668847155
0.0018585699668847155
0.0018585699668847155
0.0009257825158783817
0.0009257667704787309
0.0009257667704787309
0.0009257667690576454
3.02579468325348e-05
3.0257914033882116e-05
3.0257914033882116e-05
3.0257914033882116e-05
3.0257914033882116e-05
2.4895706189909106e-05
2.382863647198974e-05
2.38286363583029e-05
4.090130062195385e-06
4.090130062195385e-06
3.15611930545856e-06
3.15611930545856e-06
3.15611930545856e-06
3.15611930545856e-06
3.15611930545856e-06
3.15611930545856e-06
3.15611930545856e-06
3.15611930545856e-06
3.155440595037362e-06
3.155440595037362e-06
3.155440595037362e-06
3.1518118817075447e-06
3.1518118817075447e-06
3.151806424739334e-06
3.151806424739334e-06
3.151806424739334e-06
3.104590973634913e-06
3.1025734301692864e-06
3.1025734301692864e-06
3.1024546274238674e-06
3.1024546274238674e-06
1.8962478520734294e-06
1.8931617091766384e-06
1.8931617091766384e-06
1.8922497133644356e-06
1.8921979858532723e-06
1.8921979858532723e-06
1.8921979858532723e-06
1.8921979858532723e-06
1.8921979858532723e-06
1.8921979858532723e-06
1.8721680135058705e-06
1.8721680135058705e-06
1.8721680135058705e-06
1.8721680135058705e-06
1.8278730067322613e-06
1.8278730067322613e-06
1.8278730067322613e-06
1.8278730067322613e-06
1.8278730067322613e-06
1.7854334259936877e-06
1.785278925581224e-06
1.785278925581224e-06
1.785278925581224e-06
1.785278925581224e-06
1.785278925581224e-06
1.785278925581224e-06
1.7851378970590304e-06
1.7851378970590304e-06
1.7851378970590304e-06
1.7851378970590304e-06
1.5781272963977244e-06
1.563819409966527e-06
1.563819409966527e-06
1.563819409966527e-06
1.563819409966527e-06
1.5635983459105773e-06
1.5601351606164826e-06
1.5601351606164826e-06
1.4634582043981936e-06
1.4634582043981936e-06
1.4634582043981936e-06
1.4634582043981936e-06
1.4634582043981936e-06
1.4056568033993244e-06
1.4056568033993244e-06
1.4056568033993244e-06
1.4056568033993244e-06
1.4055905808163516e-06
8.495134125041659e-07
8.495130714436527e-07
8.494231451550149e-07
8.494231451550149e-07
8.494231451550149e-07
8.494231451550149e-07
8.494230883115961e-07
8.493806831211259e-07
8.493806831211259e-07
8.493806831211259e-07
8.493806831211259e-07
7.809495059518667e-07
7.809495059518667e-07
7.809495059518667e-07
7.809495059518667e-07
7.809494491084479e-07
7.807711881469004e-07
7.807711881469004e-07
7.807711881469004e-07
7.513099262723699e-07
7.513099262723699e-07
7.513099262723699e-07
7.513099262723699e-07
7.513085620303173e-07
7.513085620303173e-07
7.513085620303173e-07
7.513085620303173e-07
7.513085620303173e-07
7.513085620303173e-07
7.513085620303173e-07
7.498860554733255e-07
7.498860554733255e-07
7.498860554733255e-07
7.498860554733255e-07
7.498860554733255e-07
7.498860554733255e-07
7.49836033264728e-07
7.497849310311722e-07
7.497793603761238e-07
7.426405090882326e-07
7.426389743159234e-07
7.426389743159234e-07
7.426389743159234e-07
7.426389743159234e-07
7.414608376166143e-07
7.414608376166143e-07
7.413993330374069e-07
7.413993330374069e-07
7.413993330374069e-07
7.349966608671821e-07
7.349966608671821e-07
7.349528345912404e-07
7.349528345912404e-07
7.349523798438895e-07
7.349255497501872e-07
7.349079282903404e-07
5.952325068392383e-07
5.952325068392383e-07
5.952325068392383e-07
5.952325068392383e-07
5.928332598159614e-07
5.686021609108138e-07
5.686021609108138e-07
3.3774961138988147e-07
3.3774961138988147e-07
3.3774961138988147e-07
3.3771004837035434e-07
3.3204497640326736e-07
3.3204497640326736e-07
3.3204497640326736e-07
3.3204497640326736e-07
3.3204480587301077e-07
3.320447490295919e-07
3.282435727669508e-07
3.2567885455137e-07
3.2567885455137e-07
3.2567885455137e-07
1.4484311350315693e-07
1.448427155992249e-07
1.448427155992249e-07
1.4483060795100755e-07
1.4483060795100755e-07
1.4483060795100755e-07
1.4483060795100755e-07
1.4480116306003765e-07
1.4480116306003765e-07
1.4480116306003765e-07
1.4480116306003765e-07
1.4474233012151672e-07
1.4474233012151672e-07
1.4474187537416583e-07
1.4474187537416583e-07
1.23938036722393e-07
1.23938036722393e-07
1.23938036722393e-07
1.23938036722393e-07
1.2393797987897415e-07
1.2393797987897415e-07
7.939394208733574e-08
7.937092050269712e-08
7.937092050269712e-08
7.103352572812582e-08
7.103352572812582e-08
7.103352572812582e-08
7.103352572812582e-08
7.103352572812582e-08
7.103352572812582e-08
7.103352572812582e-08
7.053199624351691e-08
7.053199624351691e-08
7.04638409843028e-08
7.04638409843028e-08
7.04638409843028e-08
6.337660352073726e-08
6.337660352073726e-08
6.337660352073726e-08
6.05443801759975e-08
6.05443801759975e-08
6.05443801759975e-08
6.05443801759975e-08
6.05443801759975e-08
6.05443801759975e-08
6.05443801759975e-08
5.931354962740443e-08
5.930758106842404e-08
5.930758106842404e-08
5.930758106842404e-08
5.930752422500518e-08
5.9306273669790244e-08
5.832811211803346e-08
5.822556659040856e-08
5.822556659040856e-08
5.822556659040856e-08
5.822556659040856e-08
5.023451876695617e-08
4.995217750547454e-08
4.995217750547454e-08
4.9952063818636816e-08
4.9952063818636816e-08
4.9952063818636816e-08
4.9952063818636816e-08
4.9751520236895885e-08
4.9751520236895885e-08
4.9751520236895885e-08
4.9751520236895885e-08
4.9751520236895885e-08
4.747937509819167e-08
4.747937509819167e-08
4.747937509819167e-08
4.7477158204856096e-08
4.7477158204856096e-08
4.7477158204856096e-08
4.7477158204856096e-08
4.7477158204856096e-08
4.7477158204856096e-08
4.7477158204856096e-08
4.7477158204856096e-08
4.7477158204856096e-08
4.7477158204856096e-08
4.746215154227684e-08
4.746215154227684e-08
4.746215154227684e-08
4.746215154227684e-08
4.428642341736122e-08
4.428642341736122e-08
4.420917321112938e-08
4.420917321112938e-08
4.4208775307197357e-08
4.4208775307197357e-08
4.4208775307197357e-08
4.4184673697600374e-08
4.4184673697600374e-08
4.4184673697600374e-08
4.4184673697600374e-08
4.418461685418151e-08
4.418461685418151e-08
4.418461685418151e-08
4.417790933075594e-08
4.417790933075594e-08
4.41750671598129e-08
4.41750671598129e-08
4.41750671598129e-08
4.41750671598129e-08
4.41750671598129e-08
4.41750671598129e-08
4.41750671598129e-08
4.41750671598129e-08
4.41750671598129e-08
4.41750671598129e-08
4.41750671598129e-08
4.41750671598129e-08
4.41750671598129e-08
4.417466925588087e-08
4.417466925588087e-08
4.417444188220543e-08
4.417438503878657e-08
4.4174100821692264e-08
4.4174100821692264e-08
4.410429710333119e-08
4.410424025991233e-08
4.3972931962343864e-08
4.3972931962343864e-08
4.3972931962343864e-08
4.3972931962343864e-08
4.397264774524956e-08
4.397264774524956e-08
1.9515823623805773e-08
1.9515823623805773e-08
1.9515766780386912e-08
1.9515766780386912e-08
1.9515766780386912e-08
1.9143215013173176e-08
1.9143215013173176e-08
1.9143215013173176e-08
1.9070853340963367e-08
1.7745890090736793e-08
1.7745890090736793e-08
1.7681486497167498e-08
1.7681486497167498e-08
1.7679099073575344e-08
2.9779130272800103e-09
2.9779130272800103e-09
2.9779130272800103e-09
2.9779130272800103e-09
2.9779130272800103e-09
2.9779130272800103e-09
2.9779130272800103e-09
2.9779130272800103e-09
2.9450006877596024e-09
2.9450006877596024e-09
2.9450006877596024e-09
2.9450006877596024e-09
2.9449438443407416e-09
2.9449438443407416e-09
2.9449438443407416e-09
2.5842723516689148e-09
2.5842723516689148e-09
2.5842723516689148e-09
2.5842723516689148e-09
2.5842723516689148e-09
2.5842723516689148e-09
2.5842723516689148e-09
2.5842723516689148e-09
2.5842723516689148e-09
1.7757315617927816e-09
1.7365664461976849e-09
1.73622538568452e-09
1.73622538568452e-09
1.73622538568452e-09
1.73622538568452e-09
1.4680381354992278e-09
1.4680381354992278e-09
1.4680381354992278e-09
1.4680381354992278e-09
1.4680381354992278e-09
1.4680381354992278e-09
1.4680381354992278e-09
1.4680381354992278e-09
1.4680381354992278e-09
1.4680381354992278e-09
1.4680381354992278e-09
1.4680381354992278e-09
1.441321728634648e-09
1.441321728634648e-09
1.441321728634648e-09
1.441321728634648e-09
1.441321728634648e-09
1.441321728634648e-09
1.441321728634648e-09
1.4412648852157872e-09
1.4412648852157872e-09
1.4412648852157872e-09
1.4412648852157872e-09
1.4411511983780656e-09
1.4101715350989252e-09
1.4101715350989252e-09
1.4101715350989252e-09
1.3966996448289137e-09
1.3966996448289137e-09
1.3966996448289137e-09
1.3965859579911921e-09
1.3959606803837232e-09
1.2771579349646345e-09
1.2771579349646345e-09
1.2241798685863614e-09
1.2241798685863614e-09
1.2241798685863614e-09
1.2241798685863614e-09
1.222531409439398e-09
1.222531409439398e-09
1.2011014405288734e-09
1.2011014405288734e-09
1.2011014405288734e-09
1.2011014405288734e-09
1.2011014405288734e-09
1.2011014405288734e-09
1.1991687642876059e-09
1.1991687642876059e-09
1.199111920868745e-09
1.199111920868745e-09
1.1986003300989978e-09
1.153239281848073e-09
1.153239281848073e-09
1.153239281848073e-09
1.153239281848073e-09
1.153239281848073e-09
1.153239281848073e-09
1.153239281848073e-09
5.832134775118902e-10
5.832134775118902e-10
5.832134775118902e-10
5.832134775118902e-10
5.832134775118902e-10
4.6418335841735825e-10
4.6418335841735825e-10
4.6418335841735825e-10
4.6418335841735825e-10
4.6418335841735825e-10
4.6418335841735825e-10
4.6418335841735825e-10
4.6418335841735825e-10
4.6418335841735825e-10
4.6418335841735825e-10
4.6418335841735825e-10
4.6418335841735825e-10
4.6418335841735825e-10
4.6418335841735825e-10
4.6418335841735825e-10
4.6418335841735825e-10
4.6418335841735825e-10
4.6060222302912734e-10
4.6060222302912734e-10
4.6060222302912734e-10
4.6060222302912734e-10
4.510525286605116e-10
4.510525286605116e-10
4.510525286605116e-10
4.510525286605116e-10
4.510525286605116e-10
4.502567207964603e-10
4.502567207964603e-10
4.502567207964603e-10
4.501998773775995e-10
4.501998773775995e-10
4.501998773775995e-10
4.3644377001328394e-10
4.3644377001328394e-10
4.3644377001328394e-10
4.3644377001328394e-10
4.3644377001328394e-10
4.3644377001328394e-10
4.3644377001328394e-10
4.3644377001328394e-10
4.3644377001328394e-10
4.3644377001328394e-10
4.3644377001328394e-10
4.3644377001328394e-10
4.3644377001328394e-10
4.3644377001328394e-10
4.361027095001191e-10
4.361027095001191e-10
4.361027095001191e-10
4.361027095001191e-10
4.361027095001191e-10
4.361027095001191e-10
4.361027095001191e-10
4.361027095001191e-10
4.361027095001191e-10
4.361027095001191e-10
4.361027095001191e-10
4.361027095001191e-10
4.361027095001191e-10
4.361027095001191e-10
4.361027095001191e-10
4.361027095001191e-10
4.361027095001191e-10
4.361027095001191e-10
4.361027095001191e-10
4.228581929055508e-10
4.228581929055508e-10
4.228581929055508e-10
4.228581929055508e-10
4.228581929055508e-10
4.228581929055508e-10
4.228581929055508e-10
4.228581929055508e-10
4.228581929055508e-10
4.228581929055508e-10
4.228581929055508e-10
4.228581929055508e-10
4.1882231016643345e-10
4.1882231016643345e-10
4.1882231016643345e-10
4.1882231016643345e-10
4.176854417892173e-10
4.176854417892173e-10
4.176854417892173e-10
4.176854417892173e-10
4.176854417892173e-10
4.176854417892173e-10
4.176854417892173e-10
4.176854417892173e-10
4.176854417892173e-10
4.176854417892173e-10
4.176854417892173e-10
4.176854417892173e-10
4.176854417892173e-10
4.176854417892173e-10
4.176854417892173e-10
4.176854417892173e-10
4.1751491153263487e-10
4.1751491153263487e-10
4.1751491153263487e-10
4.1751491153263487e-10
4.1751491153263487e-10
4.1751491153263487e-10
4.1751491153263487e-10
4.1751491153263487e-10
4.1751491153263487e-10
4.1751491153263487e-10
4.1751491153263487e-10
4.1751491153263487e-10
4.170033207628876e-10
4.170033207628876e-10
4.170033207628876e-10
4.170033207628876e-10
4.170033207628876e-10
4.170033207628876e-10
4.170033207628876e-10
4.169464773440268e-10
4.169464773440268e-10
4.169464773440268e-10
4.169464773440268e-10
4.169464773440268e-10
4.169464773440268e-10
4.169464773440268e-10
4.169464773440268e-10
4.169464773440268e-10
4.169464773440268e-10
4.169464773440268e-10
4.169464773440268e-10
4.169464773440268e-10
4.169464773440268e-10
4.169464773440268e-10
4.169464773440268e-10
4.169464773440268e-10
4.169464773440268e-10
4.169464773440268e-10
4.169464773440268e-10
4.169464773440268e-10
4.169464773440268e-10
4.169464773440268e-10
4.169464773440268e-10
4.169464773440268e-10
4.169464773440268e-10
4.169464773440268e-10
4.169464773440268e-10
4.169464773440268e-10
4.169464773440268e-10
4.169464773440268e-10
4.169464773440268e-10
4.169464773440268e-10
4.169464773440268e-10
4.169464773440268e-10
4.169464773440268e-10
4.169464773440268e-10
4.169464773440268e-10
4.162075128988363e-10
4.162075128988363e-10
4.161506694799755e-10
4.161506694799755e-10
4.161506694799755e-10
4.161506694799755e-10
4.161506694799755e-10
4.161506694799755e-10
4.161506694799755e-10
4.161506694799755e-10
4.161506694799755e-10
4.161506694799755e-10
4.161506694799755e-10
4.161506694799755e-10
4.161506694799755e-10
4.161506694799755e-10
4.161506694799755e-10
4.161506694799755e-10
4.161506694799755e-10
4.161506694799755e-10
4.161506694799755e-10
4.161506694799755e-10
4.161506694799755e-10
4.161506694799755e-10
4.161506694799755e-10
4.161506694799755e-10
4.161506694799755e-10
4.161506694799755e-10
4.161506694799755e-10
4.161506694799755e-10
4.161506694799755e-10
4.1609382606111467e-10
4.1609382606111467e-10
4.1609382606111467e-10
4.1609382606111467e-10
4.1609382606111467e-10
4.1609382606111467e-10
4.1609382606111467e-10
4.1609382606111467e-10
4.156390787102282e-10
4.156390787102282e-10
4.156390787102282e-10
4.156390787102282e-10
4.156390787102282e-10
4.156390787102282e-10
4.156390787102282e-10
4.156390787102282e-10
4.156390787102282e-10
4.156390787102282e-10
4.156390787102282e-10
4.156390787102282e-10
4.156390787102282e-10
4.156390787102282e-10
4.155253918725066e-10
4.155253918725066e-10
4.155253918725066e-10
4.155253918725066e-10
4.155253918725066e-10
4.155253918725066e-10
4.155253918725066e-10
4.155253918725066e-10
4.155253918725066e-10
4.155253918725066e-10
4.155253918725066e-10
4.155253918725066e-10
4.155253918725066e-10
4.155253918725066e-10
4.155253918725066e-10
4.155253918725066e-10
4.155253918725066e-10
4.155253918725066e-10
4.155253918725066e-10
4.155253918725066e-10
4.155253918725066e-10
4.155253918725066e-10
4.155253918725066e-10
4.155253918725066e-10
4.155253918725066e-10
4.155253918725066e-10
4.155253918725066e-10
4.155253918725066e-10
4.155253918725066e-10
4.155253918725066e-10
4.155253918725066e-10
4.155253918725066e-10
4.155253918725066e-10
4.155253918725066e-10
4.155253918725066e-10
4.155253918725066e-10
4.155253918725066e-10
4.155253918725066e-10
4.155253918725066e-10
4.155253918725066e-10
4.155253918725066e-10
4.155253918725066e-10
4.155253918725066e-10
4.155253918725066e-10
4.155253918725066e-10
4.155253918725066e-10
4.155253918725066e-10
4.155253918725066e-10
4.155253918725066e-10
4.155253918725066e-10
4.155253918725066e-10
4.155253918725066e-10
4.155253918725066e-10
4.09784206567565e-10
4.09784206567565e-10
4.09784206567565e-10
4.09784206567565e-10
4.09784206567565e-10
4.09784206567565e-10
4.09784206567565e-10
4.0961367631098256e-10
4.0961367631098256e-10
4.0961367631098256e-10
4.0961367631098256e-10
4.0961367631098256e-10
4.0961367631098256e-10
4.0961367631098256e-10
4.0961367631098256e-10
4.0961367631098256e-10
4.0961367631098256e-10
4.0961367631098256e-10
4.0961367631098256e-10
4.0955683289212175e-10
4.0955683289212175e-10
4.0955683289212175e-10
4.0955683289212175e-10
4.0955683289212175e-10
4.0955683289212175e-10
3.334434950374998e-10
3.334434950374998e-10
3.334434950374998e-10
3.334434950374998e-10
3.334434950374998e-10
3.334434950374998e-10
3.334434950374998e-10
3.334434950374998e-10
3.334434950374998e-10
3.334434950374998e-10
3.334434950374998e-10
3.334434950374998e-10
3.334434950374998e-10
3.334434950374998e-10
3.334434950374998e-10
3.334434950374998e-10
3.334434950374998e-10
3.334434950374998e-10
3.334434950374998e-10
3.334434950374998e-10
3.334434950374998e-10
3.334434950374998e-10
3.334434950374998e-10
3.334434950374998e-10
3.334434950374998e-10
3.334434950374998e-10
3.334434950374998e-10
3.334434950374998e-10
3.334434950374998e-10
3.334434950374998e-10
3.334434950374998e-10
3.334434950374998e-10
3.33386651618639e-10
3.33386651618639e-10
3.33386651618639e-10
3.33386651618639e-10
3.33386651618639e-10
3.33386651618639e-10
3.33386651618639e-10
3.33386651618639e-10
3.33386651618639e-10
3.33386651618639e-10
3.33386651618639e-10
3.33386651618639e-10
3.33386651618639e-10
3.33386651618639e-10
3.33386651618639e-10
3.33386651618639e-10
3.33386651618639e-10
3.33386651618639e-10
3.33386651618639e-10
3.33386651618639e-10
3.33386651618639e-10
3.33386651618639e-10
3.33386651618639e-10
3.33386651618639e-10
3.33386651618639e-10
3.33386651618639e-10
3.33386651618639e-10
3.33386651618639e-10
3.33386651618639e-10
3.33386651618639e-10
3.33386651618639e-10
3.33386651618639e-10
3.33386651618639e-10
3.33386651618639e-10
3.33386651618639e-10
3.33386651618639e-10
3.33386651618639e-10
3.33386651618639e-10
3.33386651618639e-10
3.33386651618639e-10
3.33386651618639e-10
3.33386651618639e-10
3.33386651618639e-10
3.33386651618639e-10
3.33386651618639e-10
3.33386651618639e-10
3.33386651618639e-10
3.33386651618639e-10
3.33386651618639e-10
3.33386651618639e-10
3.33386651618639e-10
3.33386651618639e-10
3.33386651618639e-10
3.33386651618639e-10
1.8758328224066645e-12
1.8758328224066645e-12
1.8758328224066645e-12
1.8758328224066645e-12
1.8758328224066645e-12
1.8758328224066645e-12
1.8758328224066645e-12
1.8758328224066645e-12
1.8758328224066645e-12
1.8758328224066645e-12
1.8758328224066645e-12
1.8758328224066645e-12
1.8758328224066645e-12
1.8758328224066645e-12
1.8758328224066645e-12
1.8758328224066645e-12
1.8758328224066645e-12
1.8758328224066645e-12
1.8758328224066645e-12
1.8758328224066645e-12
1.8758328224066645e-12
1.8758328224066645e-12
1.8758328224066645e-12
1.8758328224066645e-12
1.8758328224066645e-12
1.8758328224066645e-12
1.8758328224066645e-12
1.8758328224066645e-12
1.8758328224066645e-12
1.8758328224066645e-12
1.8758328224066645e-12
1.8758328224066645e-12
1.8758328224066645e-12
1.8758328224066645e-12
1.8758328224066645e-12
1.8758328224066645e-12
1.8758328224066645e-12
1.8758328224066645e-12
1.8758328224066645e-12
1.8758328224066645e-12
1.8758328224066645e-12
1.8758328224066645e-12
1.8758328224066645e-12
1.8758328224066645e-12
1.8758328224066645e-12
1.8758328224066645e-12
1.8758328224066645e-12
1.8758328224066645e-12
1.8758328224066645e-12
1.8758328224066645e-12
1.8758328224066645e-12
1.8758328224066645e-12
1.8758328224066645e-12
1.8758328224066645e-12
1.8758328224066645e-12
1.8758328224066645e-12
1.8758328224066645e-12
1.8758328224066645e-12
1.8758328224066645e-12
1.8758328224066645e-12
1.8758328224066645e-12
1.8758328224066645e-12
1.8758328224066645e-12
1.8758328224066645e-12
1.8758328224066645e-12
1.8758328224066645e-12
1.8758328224066645e-12
1.8758328224066645e-12
1.8758328224066645e-12
1.8758328224066645e-12
1.8758328224066645e-12
1.8758328224066645e-12
1.8758328224066645e-12
1.8758328224066645e-12
1.8758328224066645e-12
1.8758328224066645e-12
1.8758328224066645e-12
1.8758328224066645e-12
1.8758328224066645e-12
1.8758328224066645e-12
1.8758328224066645e-12
1.8758328224066645e-12
1.8758328224066645e-12
1.8758328224066645e-12
1.8758328224066645e-12
1.8758328224066645e-12
1.8758328224066645e-12
1.8758328224066645e-12
1.8758328224066645e-12
1.8758328224066645e-12
1.8758328224066645e-12
1.8758328224066645e-12
1.8758328224066645e-12
1.8758328224066645e-12
1.8758328224066645e-12
1.8758328224066645e-12
1.8758328224066645e-12
1.8758328224066645e-12
1.8758328224066645e-12
1.8758328224066645e-12
1.8758328224066645e-12
1.8758328224066645e-12
1.8758328224066645e-12
1.8758328224066645e-12
1.8758328224066645e-12
1.8758328224066645e-12
1.8758328224066645e-12
1.8758328224066645e-12
1.8758328224066645e-12
1.8758328224066645e-12
1.8758328224066645e-12
1.8758328224066645e-12
1.8758328224066645e-12
1.8758328224066645e-12
1.8758328224066645e-12
1.8758328224066645e-12
1.8758328224066645e-12
1.8758328224066645e-12
1.8758328224066645e-12
1.8758328224066645e-12
1.8758328224066645e-12
1.8758328224066645e-12
1.8758328224066645e-12
1.8758328224066645e-12
1.8758328224066645e-12
1.8758328224066645e-12
1.8758328224066645e-12
1.8758328224066645e-12
1.8758328224066645e-12
1.8758328224066645e-12
1.8758328224066645e-12
1.8758328224066645e-12
1.8758328224066645e-12
1.8758328224066645e-12
1.8758328224066645e-12
1.8758328224066645e-12
1.8758328224066645e-12
1.8758328224066645e-12
1.8758328224066645e-12
1.8758328224066645e-12
1.8758328224066645e-12
1.8758328224066645e-12
1.8758328224066645e-12
1.8758328224066645e-12
1.8758328224066645e-12
1.8758328224066645e-12
1.8758328224066645e-12
1.8758328224066645e-12
1.8758328224066645e-12
1.8758328224066645e-12
1.8758328224066645e-12
1.8758328224066645e-12
1.8758328224066645e-12
1.8758328224066645e-12
1.8758328224066645e-12
1.8758328224066645e-12
1.8758328224066645e-12
1.8758328224066645e-12
1.8189894035458565e-12
1.8189894035458565e-12
1.8189894035458565e-12
5.684341886080801e-13
5.684341886080801e-13
5.684341886080801e-13
5.684341886080801e-13
5.684341886080801e-13
5.684341886080801e-13
5.684341886080801e-13
5.684341886080801e-13
5.684341886080801e-13
5.684341886080801e-13
5.684341886080801e-13
5.684341886080801e-13
5.684341886080801e-13
5.684341886080801e-13
5.684341886080801e-13
5.684341886080801e-13
5.684341886080801e-13
5.684341886080801e-13
5.684341886080801e-13
5.684341886080801e-13
5.684341886080801e-13
5.684341886080801e-13
5.684341886080801e-13
5.684341886080801e-13
5.684341886080801e-13
5.684341886080801e-13
5.684341886080801e-13
5.684341886080801e-13
5.684341886080801e-13
5.684341886080801e-13
5.684341886080801e-13
5.684341886080801e-13
5.684341886080801e-13
5.684341886080801e-13
5.684341886080801e-13
5.684341886080801e-13
5.684341886080801e-13
5.684341886080801e-13
5.684341886080801e-13
5.684341886080801e-13
5.684341886080801e-13
5.684341886080801e-13
5.684341886080801e-13
5.684341886080801e-13
5.684341886080801e-13
5.684341886080801e-13
5.684341886080801e-13
5.684341886080801e-13
5.684341886080801e-13
5.684341886080801e-13
5.684341886080801e-13
5.684341886080801e-13
5.684341886080801e-13
5.684341886080801e-13
5.684341886080801e-13
5.684341886080801e-13
5.684341886080801e-13
5.684341886080801e-13
5.684341886080801e-13
5.684341886080801e-13
5.684341886080801e-13
5.684341886080801e-13
5.684341886080801e-13
5.684341886080801e-13
5.684341886080801e-13
5.684341886080801e-13
5.684341886080801e-13
5.684341886080801e-13
5.684341886080801e-13
5.684341886080801e-13
5.684341886080801e-13
5.684341886080801e-13
5.684341886080801e-13
5.684341886080801e-13
5.684341886080801e-13
5.684341886080801e-13
5.684341886080801e-13
5.684341886080801e-13
5.684341886080801e-13
5.684341886080801e-13
5.684341886080801e-13
5.684341886080801e-13
5.684341886080801e-13
5.684341886080801e-13
5.684341886080801e-13
5.684341886080801e-13
5.684341886080801e-13
5.684341886080801e-13
5.684341886080801e-13
1.7053025658242404e-13
1.7053025658242404e-13
1.7053025658242404e-13
1.7053025658242404e-13
1.7053025658242404e-13
1.7053025658242404e-13
1.7053025658242404e-13
1.7053025658242404e-13
1.7053025658242404e-13
1.7053025658242404e-13
1.7053025658242404e-13
1.7053025658242404e-13
1.7053025658242404e-13
1.7053025658242404e-13
1.7053025658242404e-13
1.7053025658242404e-13
1.7053025658242404e-13
1.7053025658242404e-13
1.7053025658242404e-13
1.7053025658242404e-13
1.7053025658242404e-13
1.7053025658242404e-13
1.7053025658242404e-13
1.7053025658242404e-13
1.7053025658242404e-13
1.7053025658242404e-13
1.7053025658242404e-13
1.7053025658242404e-13
1.7053025658242404e-13
1.7053025658242404e-13
1.7053025658242404e-13
1.7053025658242404e-13
1.7053025658242404e-13
1.7053025658242404e-13
1.7053025658242404e-13
1.7053025658242404e-13
1.7053025658242404e-13
1.7053025658242404e-13
1.7053025658242404e-13
1.7053025658242404e-13
1.7053025658242404e-13
1.7053025658242404e-13
1.7053025658242404e-13
1.7053025658242404e-13
1.7053025658242404e-13
1.7053025658242404e-13
1.7053025658242404e-13
1.7053025658242404e-13
1.7053025658242404e-13
1.7053025658242404e-13
1.7053025658242404e-13
1.7053025658242404e-13
1.7053025658242404e-13
1.7053025658242404e-13
1.7053025658242404e-13
1.7053025658242404e-13
1.7053025658242404e-13
1.7053025658242404e-13
1.7053025658242404e-13
1.7053025658242404e-13
1.7053025658242404e-13
1.7053025658242404e-13
1.7053025658242404e-13
1.7053025658242404e-13
1.7053025658242404e-13
1.7053025658242404e-13
1.7053025658242404e-13
1.7053025658242404e-13
1.7053025658242404e-13
1.7053025658242404e-13
1.7053025658242404e-13
1.7053025658242404e-13
1.7053025658242404e-13
1.7053025658242404e-13
1.7053025658242404e-13
1.7053025658242404e-13
1.7053025658242404e-13
1.7053025658242404e-13
1.7053025658242404e-13
1.7053025658242404e-13
1.7053025658242404e-13
1.7053025658242404e-13
1.7053025658242404e-13
1.7053025658242404e-13
1.7053025658242404e-13
1.7053025658242404e-13
1.7053025658242404e-13
1.7053025658242404e-13
1.7053025658242404e-13
1.7053025658242404e-13
1.7053025658242404e-13
1.7053025658242404e-13
1.7053025658242404e-13
1.7053025658242404e-13
1.7053025658242404e-13
1.7053025658242404e-13
1.7053025658242404e-13
1.7053025658242404e-13
1.7053025658242404e-13
1.7053025658242404e-13
1.7053025658242404e-13
1.7053025658242404e-13
1.7053025658242404e-13
1.7053025658242404e-13
1.7053025658242404e-13
1.7053025658242404e-13
1.7053025658242404e-13
1.7053025658242404e-13
1.7053025658242404e-13
1.7053025658242404e-13
1.7053025658242404e-13
1.7053025658242404e-13
1.7053025658242404e-13
1.7053025658242404e-13
1.7053025658242404e-13
1.7053025658242404e-13
1.7053025658242404e-13
1.7053025658242404e-13
1.7053025658242404e-13
1.7053025658242404e-13
1.7053025658242404e-13
1.7053025658242404e-13
1.7053025658242404e-13
1.7053025658242404e-13
1.7053025658242404e-13
1.7053025658242404e-13
1.7053025658242404e-13
1.7053025658242404e-13
1.7053025658242404e-13
1.7053025658242404e-13
1.7053025658242404e-13
1.7053025658242404e-13
1.7053025658242404e-13
1.7053025658242404e-13
1.7053025658242404e-13
1.1368683772161603e-13
1.1368683772161603e-13
1.1368683772161603e-13
1.1368683772161603e-13
1.1368683772161603e-13
1.1368683772161603e-13
1.1368683772161603e-13
1.1368683772161603e-13
1.1368683772161603e-13
1.1368683772161603e-13
1.1368683772161603e-13
1.1368683772161603e-13
1.1368683772161603e-13
1.1368683772161603e-13
5.684341886080802e-14
5.684341886080802e-14
5.684341886080802e-14
5.684341886080802e-14
5.684341886080802e-14
5.684341886080802e-14
5.684341886080802e-14
5.684341886080802e-14
5.684341886080802e-14
5.684341886080802e-14
5.684341886080802e-14
5.684341886080802e-14
5.684341886080802e-14
5.684341886080802e-14
0.0
0.0
0.0
0.0
0.0
0.0
0.0
0.0
0.0
0.0
0.0
0.0
0.0
0.0
0.0
0.0
0.0
0.0
0.0
0.0
0.0
0.0
0.0
0.0
0.0
0.0
0.0
0.0
0.0
0.0
0.0
0.0
0.0
0.0
0.0
0.0
0.0
0.0
0.0
0.0
0.0
0.0
0.0
0.0
0.0
0.0
0.0
0.0
0.0
0.0
0.0
0.0
0.0
0.0
0.0
0.0
0.0
0.0
0.0
0.0
0.0
0.0
0.0
0.0
0.0
0.0
0.0
0.0
0.0
0.0
0.0
0.0
0.0
0.0
0.0
0.0
0.0
0.0
0.0
0.0
0.0
0.0
0.0
0.0
0.0
0.0
0.0
0.0
0.0
0.0
0.0
0.0
0.0
0.0
0.0
0.0
0.0
0.0
0.0
0.0
0.0
0.0
0.0
0.0
0.0
0.0
0.0
0.0
0.0
0.0
0.0
0.0
0.0
0.0
0.0
0.0
0.0
0.0
0.0
0.0
0.0
0.0
0.0
0.0
0.0
0.0
0.0
0.0
0.0
0.0
0.0
0.0
0.0
0.0
0.0
0.0
0.0
0.0
0.0
0.0
0.0
0.0
0.0
0.0
0.0
0.0
0.0
0.0
0.0
0.0
0.0
0.0
0.0
0.0
0.0
0.0
0.0
0.0
0.0
0.0
0.0
0.0
0.0
0.0
0.0
0.0
0.0
0.0
0.0
0.0
0.0
0.0
0.0
0.0
0.0
0.0
0.0
0.0
0.0
0.0
0.0
0.0
0.0
0.0
0.0
0.0
0.0
0.0
0.0
0.0
0.0
0.0
0.0
0.0
0.0
0.0
0.0
0.0
0.0
0.0
0.0
0.0
0.0
0.0
0.0
0.0
0.0
0.0
0.0
0.0
0.0
0.0
0.0
0.0
0.0
0.0
0.0
0.0
0.0
0.0
0.0
0.0
0.0
0.0
0.0
0.0
0.0
0.0
0.0
0.0
0.0
0.0
0.0
0.0
0.0
0.0
0.0
0.0
0.0
0.0
0.0
0.0
0.0
0.0
0.0
0.0
0.0
0.0
0.0
0.0
0.0
0.0
0.0
0.0
0.0
0.0
0.0
0.0
0.0
0.0
0.0
0.0
0.0
0.0
0.0
0.0
0.0
0.0
0.0
0.0
0.0
0.0
0.0
0.0
0.0
0.0
0.0
0.0
0.0
0.0
0.0
0.0
0.0
0.0
0.0
0.0
0.0
0.0
0.0
0.0
0.0
0.0
0.0
0.0
0.0
0.0
0.0
0.0
0.0
0.0
0.0
0.0
0.0
0.0
0.0
0.0
0.0
0.0
0.0
0.0
0.0
0.0
0.0
0.0
0.0
0.0
0.0
0.0
0.0
0.0
0.0
0.0
0.0
0.0
0.0
0.0
0.0
0.0
0.0
0.0
0.0
0.0
0.0
0.0
0.0
0.0
0.0
0.0
0.0
0.0
0.0
0.0
0.0
0.0
0.0
0.0
0.0
0.0
0.0
0.0
0.0
0.0
0.0
0.0
0.0
0.0
0.0
0.0
0.0
0.0
0.0
0.0
0.0
0.0
0.0
0.0
0.0
0.0
0.0
0.0
0.0
0.0
0.0
0.0
0.0
0.0
0.0
0.0
0.0
0.0
0.0
0.0
0.0
0.0
0.0
0.0
0.0
0.0
0.0
0.0
0.0
0.0
0.0
0.0
0.0
0.0
0.0
0.0
0.0
0.0
0.0
0.0
0.0
0.0
0.0
0.0
0.0
0.0
0.0
0.0
0.0
0.0
0.0
0.0
0.0
0.0
0.0
0.0
0.0
0.0
0.0
0.0
0.0
0.0
0.0
0.0
0.0
0.0
0.0
0.0
0.0
0.0
0.0
0.0
0.0
0.0
0.0
0.0
0.0
0.0
0.0
0.0
0.0
0.0
0.0
0.0
0.0
0.0
0.0
0.0
0.0
0.0
0.0
0.0
0.0
0.0
0.0
0.0
0.0
0.0
0.0
0.0
0.0
0.0
0.0
0.0
0.0
0.0
0.0
0.0
0.0
0.0
0.0
0.0
0.0
0.0
0.0
0.0
0.0
0.0
0.0
0.0
0.0
0.0
0.0
0.0
0.0
0.0
0.0
0.0
0.0
0.0
0.0
0.0
0.0
0.0
0.0
0.0
0.0
0.0
0.0
0.0
0.0
0.0
0.0
0.0
0.0
0.0
0.0
0.0
0.0
0.0
0.0
0.0
0.0
0.0
0.0
0.0
0.0
0.0
0.0
0.0
0.0
0.0
0.0
0.0
0.0
0.0
0.0
0.0
0.0
0.0
0.0
0.0
0.0
0.0
0.0
0.0
0.0
0.0
0.0
0.0
0.0
0.0
0.0
0.0
0.0
0.0
0.0
0.0
0.0
0.0
0.0
0.0
0.0
0.0
0.0
0.0
0.0
0.0
0.0
0.0
0.0
0.0
0.0
0.0
0.0
0.0
0.0
0.0
0.0
0.0
0.0
0.0
0.0
0.0
0.0
0.0
0.0
0.0
0.0
0.0
0.0
0.0
0.0
0.0
0.0
0.0
0.0
0.0
0.0
0.0
0.0
0.0
0.0
0.0
0.0
0.0
0.0
0.0
0.0
0.0
0.0
0.0
0.0
0.0
0.0
0.0
0.0
0.0
0.0
0.0
0.0
0.0
0.0
0.0
0.0
0.0
0.0
0.0
0.0
0.0
0.0
0.0
0.0
0.0
0.0
0.0
0.0
0.0
0.0
0.0
0.0
0.0
0.0
0.0
0.0
0.0
0.0
0.0
0.0
0.0
0.0
0.0
0.0
0.0
0.0
0.0
0.0
0.0
0.0
0.0
0.0
0.0
0.0
0.0
0.0
0.0
0.0
0.0
0.0
0.0
0.0
0.0
0.0
0.0
0.0
0.0
0.0
0.0
0.0
0.0
0.0
0.0
0.0
0.0
0.0
0.0
0.0
0.0
0.0
0.0
0.0
0.0
0.0
0.0
0.0
0.0
0.0
0.0
0.0
0.0
0.0
0.0
0.0
0.0
0.0
0.0
0.0
0.0
0.0
0.0
0.0
0.0
0.0
0.0
0.0
0.0
0.0
0.0
0.0
0.0
0.0
0.0
0.0
0.0
0.0
0.0
0.0
0.0
0.0
0.0
0.0
0.0
0.0
0.0
0.0
0.0
0.0
0.0
0.0
0.0
0.0
0.0
0.0
0.0
0.0
0.0
0.0
0.0
0.0
0.0
0.0
0.0
0.0
0.0
0.0
0.0
0.0
0.0
0.0
0.0
0.0
0.0
0.0
0.0
0.0
0.0
0.0
0.0
0.0
0.0
0.0
0.0
0.0
0.0
0.0
0.0
0.0
0.0
0.0
0.0
0.0
0.0
0.0
0.0
0.0
0.0
0.0
0.0
0.0
0.0
0.0
0.0
0.0
0.0
0.0
0.0
0.0
0.0
0.0
0.0
0.0
0.0
0.0
0.0
0.0
0.0
0.0
0.0
0.0
0.0
0.0
0.0
0.0
0.0
0.0
0.0
0.0
0.0
0.0
0.0
0.0
0.0
0.0
0.0
0.0
0.0
0.0
0.0
0.0
0.0
0.0
0.0
0.0
0.0
0.0
0.0
0.0
0.0
0.0
0.0
0.0
0.0
0.0
0.0
0.0
0.0
0.0
0.0
0.0
0.0
0.0
0.0
0.0
0.0
0.0
0.0
0.0
0.0
0.0
0.0
0.0
0.0
0.0
0.0
0.0
0.0
0.0
0.0
0.0
0.0
0.0
0.0
0.0
0.0
0.0
0.0
0.0
0.0
0.0
0.0
0.0
0.0
0.0
0.0
0.0
0.0
0.0
0.0
0.0
0.0
0.0
0.0
0.0
0.0
0.0
0.0
0.0
0.0
0.0
0.0
0.0
0.0
0.0
0.0
0.0
0.0
0.0
0.0
0.0
0.0
0.0
0.0
0.0
0.0
0.0
0.0
0.0
0.0
0.0
0.0
0.0
0.0
0.0
0.0
0.0
0.0
0.0
0.0
0.0
0.0
0.0
0.0
0.0
0.0
0.0
0.0
0.0
0.0
0.0
0.0
0.0
0.0
0.0
0.0
0.0
0.0
0.0
0.0
0.0
0.0
0.0
0.0
0.0
0.0
0.0
0.0
0.0
0.0
0.0
0.0
0.0
0.0
0.0
0.0
0.0
0.0
0.0
0.0
0.0
0.0
0.0
0.0
0.0
0.0
0.0
0.0
0.0
0.0
0.0
0.0
0.0
0.0
0.0
0.0
0.0
0.0
0.0
0.0
0.0
0.0
0.0
0.0
0.0
0.0
0.0
0.0
0.0
0.0
0.0
0.0
0.0
0.0
0.0
0.0
0.0
0.0
0.0
0.0
0.0
0.0
0.0
0.0
0.0
0.0
0.0
0.0
0.0
0.0
0.0
0.0
0.0
0.0
0.0
0.0
0.0
0.0
0.0
0.0
0.0
0.0
0.0
0.0
0.0
0.0
0.0
0.0
0.0
0.0
0.0
0.0
0.0
0.0
0.0
0.0
0.0
0.0
0.0
0.0
0.0
0.0
0.0
0.0
0.0
0.0
0.0
0.0
0.0
0.0
0.0
0.0
0.0
0.0
0.0
0.0
0.0
0.0
0.0
0.0
0.0
0.0
0.0
0.0
0.0
0.0
0.0
0.0
0.0
0.0
0.0
0.0
0.0
0.0
0.0
0.0
0.0
0.0
0.0
0.0
0.0
0.0
0.0
0.0
0.0
0.0
0.0
0.0
0.0
0.0
0.0
0.0
0.0
0.0
0.0
0.0
0.0
0.0
0.0
0.0
0.0
0.0
0.0
0.0
0.0
0.0
0.0
0.0
0.0
0.0
0.0
0.0
0.0
0.0
0.0
0.0
0.0
0.0
0.0
0.0
0.0
0.0
0.0
0.0
0.0
0.0
0.0
0.0
0.0
0.0
0.0
0.0
0.0
0.0
0.0
0.0
0.0
0.0
0.0
0.0
0.0
0.0
0.0
0.0
0.0
0.0
0.0
0.0
0.0
0.0
0.0
0.0
0.0
0.0
0.0
0.0
0.0
0.0
0.0
0.0
0.0
0.0
0.0
0.0
0.0
0.0
0.0
0.0
0.0
0.0
0.0
0.0
0.0
0.0
0.0
0.0
0.0
0.0
0.0
0.0
0.0
0.0
0.0
0.0
0.0
0.0
0.0
0.0
0.0
0.0
0.0
0.0
0.0
0.0
0.0
0.0
0.0
0.0
0.0
0.0
0.0
0.0
0.0
0.0
0.0
0.0
0.0
0.0
0.0
0.0
0.0
0.0
0.0
0.0
0.0
0.0
0.0
0.0
0.0
0.0
0.0
0.0
0.0
0.0
0.0
0.0
0.0
0.0
0.0
0.0
0.0
0.0
0.0
0.0
0.0
0.0
0.0
0.0
0.0
0.0
0.0
0.0
0.0
0.0
0.0
0.0
0.0
0.0
0.0
0.0
0.0
0.0
0.0
0.0
0.0
0.0
0.0
0.0
0.0
0.0
0.0
0.0
0.0
0.0
0.0
0.0
0.0
0.0
0.0
0.0
0.0
0.0
0.0
0.0
0.0
0.0
0.0
0.0
0.0
0.0
0.0
0.0
0.0
0.0
0.0
0.0
0.0
0.0
0.0
0.0
0.0
0.0
0.0
0.0
0.0
0.0
0.0
0.0
0.0
0.0
0.0
0.0
0.0
0.0
0.0
0.0
0.0
0.0
0.0
0.0
0.0
0.0
0.0
0.0
0.0
0.0
0.0
0.0
0.0
0.0
0.0
0.0
0.0
0.0
0.0
0.0
0.0
0.0
0.0
0.0
0.0
0.0
0.0
0.0
0.0
0.0
0.0
0.0
0.0
0.0
0.0
0.0
0.0
0.0
0.0
0.0
0.0
0.0
0.0
0.0
0.0
0.0
0.0
0.0
0.0
0.0
0.0
0.0
0.0
0.0
0.0
0.0
0.0
0.0
0.0
0.0
0.0
0.0
0.0
0.0
0.0
0.0
0.0
0.0
0.0
0.0
0.0
0.0
0.0
0.0
0.0
0.0
0.0
0.0
0.0
0.0
0.0
0.0
0.0
0.0
0.0
0.0
0.0
0.0
0.0
0.0
0.0
0.0
0.0
0.0
0.0
0.0
0.0
0.0
0.0
0.0
0.0
0.0
0.0
0.0
0.0
0.0
0.0
0.0
0.0
0.0
0.0
0.0
0.0
0.0
0.0
0.0
0.0
0.0
0.0
0.0
0.0
0.0
0.0
0.0
0.0
0.0
0.0
0.0
0.0
0.0
0.0
0.0
0.0
0.0
0.0
0.0
0.0
0.0
0.0
0.0
0.0
0.0
0.0
0.0
0.0
0.0
0.0
0.0
0.0
0.0
0.0
0.0
0.0
0.0
0.0
0.0
0.0
0.0
0.0
0.0
0.0
0.0
0.0
0.0
0.0
0.0
0.0
0.0
0.0
0.0
0.0
0.0
0.0
0.0
0.0
0.0
0.0
0.0
0.0
0.0
0.0
0.0
0.0
0.0
0.0
0.0
0.0
0.0
0.0
0.0
0.0
0.0
0.0
0.0
0.0
0.0
0.0
0.0
0.0
0.0
0.0
0.0
0.0
0.0
0.0
0.0
0.0
0.0
0.0
0.0
0.0
0.0
0.0
0.0
0.0
0.0
0.0
0.0
0.0
0.0
0.0
0.0
0.0
0.0
0.0
0.0
0.0
0.0
0.0
0.0
0.0
0.0
0.0
0.0
0.0
0.0
0.0
0.0
0.0
0.0
0.0
0.0
0.0
0.0
0.0
0.0
0.0
0.0
0.0
0.0
0.0
0.0
0.0
0.0
0.0
0.0
0.0
0.0
0.0
0.0
0.0
0.0
0.0
0.0
0.0
0.0
0.0
0.0
0.0
0.0
0.0
0.0
0.0
0.0
0.0
0.0
0.0
0.0
0.0
0.0
0.0
0.0
0.0
0.0
0.0
0.0
0.0
0.0
0.0
0.0
0.0
0.0
0.0
0.0
0.0
0.0
0.0
0.0
0.0
0.0
0.0
0.0
0.0
0.0
0.0
0.0
0.0
0.0
0.0
0.0
0.0
0.0
0.0
0.0
0.0
0.0
0.0
0.0
0.0
0.0
0.0
0.0
0.0
0.0
0.0
0.0
0.0
0.0
0.0
0.0
0.0
0.0
0.0
0.0
0.0
0.0
0.0
0.0
0.0
0.0
0.0
0.0
0.0
0.0
0.0
0.0
0.0
0.0
0.0
0.0
0.0
0.0
0.0
0.0
0.0
0.0
0.0
0.0
0.0
0.0
0.0
0.0
0.0
0.0
0.0
0.0
0.0
0.0
0.0
0.0
0.0
0.0
0.0
0.0
0.0
0.0
0.0
0.0
0.0
0.0
0.0
0.0
0.0
0.0
0.0
0.0
0.0
0.0
0.0
0.0
0.0
0.0
0.0
0.0
0.0
0.0
0.0
0.0
0.0
0.0
0.0
0.0
0.0
0.0
0.0
0.0
0.0
0.0
0.0
0.0
0.0
0.0
0.0
0.0
0.0
0.0
0.0
0.0
0.0
0.0
0.0
0.0
0.0
0.0
0.0
0.0
0.0
0.0
0.0
0.0
0.0
0.0
0.0
0.0
0.0
0.0
0.0
0.0
0.0
0.0
0.0
0.0
0.0
0.0
0.0
0.0
0.0
0.0
0.0
0.0
0.0
0.0
0.0
0.0
0.0
0.0
0.0
0.0
0.0
0.0
0.0
0.0
0.0
0.0
0.0
0.0
0.0
0.0
0.0
0.0
0.0
0.0
0.0
0.0
0.0
0.0
0.0
0.0
0.0
0.0
0.0
0.0
0.0
0.0
0.0
0.0
0.0
0.0
0.0
0.0
0.0
0.0
0.0
0.0
0.0
0.0
0.0
0.0
0.0
0.0
0.0
0.0
0.0
0.0
0.0
0.0
0.0
0.0
0.0
0.0
0.0
0.0
0.0
0.0
0.0
0.0
0.0
0.0
0.0
0.0
0.0
0.0
0.0
0.0
0.0
0.0
0.0
0.0
0.0
0.0
0.0
0.0
0.0
0.0
0.0
0.0
0.0
0.0
0.0
0.0
0.0
0.0
0.0
0.0
0.0
0.0
0.0
0.0
0.0
0.0
0.0
0.0
0.0
0.0
0.0
0.0
0.0
0.0
0.0
0.0
0.0
0.0
0.0
0.0
0.0
0.0
0.0
0.0
0.0
0.0
0.0
0.0
0.0
0.0
0.0
0.0
0.0
0.0
0.0
0.0
0.0
0.0
0.0
0.0
0.0
0.0
0.0
0.0
0.0
0.0
0.0
0.0
0.0
0.0
0.0
0.0
0.0
0.0
0.0
0.0
0.0
0.0
0.0
0.0
0.0
0.0
0.0
0.0
0.0
0.0
0.0
0.0
0.0
0.0
0.0
0.0
0.0
0.0
0.0
0.0
0.0
0.0
0.0
0.0
0.0
0.0
0.0
0.0
0.0
0.0
0.0
0.0
0.0
0.0
0.0
0.0
0.0
0.0
0.0
0.0
0.0
0.0
0.0
0.0
0.0
0.0
0.0
0.0
0.0
0.0
0.0
0.0
0.0
0.0
0.0
0.0
0.0
0.0
0.0
0.0
0.0
0.0
0.0
0.0
0.0
0.0
0.0
0.0
0.0
0.0
0.0
0.0
0.0
0.0
0.0
0.0
0.0
0.0
0.0
0.0
0.0
0.0
0.0
0.0
0.0
0.0
0.0
0.0
0.0
0.0
0.0
0.0
0.0
0.0
0.0
0.0
0.0
0.0
0.0
0.0
0.0
0.0
0.0
0.0
0.0
0.0
0.0
0.0
0.0
0.0
0.0
0.0
0.0
0.0
0.0
0.0
0.0
0.0
0.0
0.0
0.0
0.0
0.0
0.0
0.0
0.0
0.0
0.0
0.0
0.0
0.0
0.0
0.0
0.0
0.0
0.0
0.0
0.0
0.0
0.0
0.0
0.0
0.0
0.0
0.0
0.0
0.0
0.0
0.0
0.0
0.0
0.0
0.0
0.0
0.0
0.0
0.0
0.0
0.0
0.0
0.0
0.0
0.0
0.0
0.0
0.0
0.0
0.0
0.0
0.0
0.0
0.0
0.0
0.0
0.0
0.0
0.0
0.0
0.0
0.0
0.0
0.0
0.0
0.0
0.0
0.0
0.0
0.0
0.0
0.0
0.0
0.0
0.0
0.0
0.0
0.0
0.0
0.0
0.0
0.0
0.0
0.0
0.0
0.0
0.0
0.0
0.0
0.0
0.0
0.0
0.0
0.0
0.0
0.0
0.0
0.0
0.0
0.0
0.0
0.0
0.0
0.0
0.0
0.0
0.0
0.0
0.0
0.0
0.0
0.0
0.0
0.0
0.0
0.0
0.0
0.0
0.0
0.0
0.0
0.0
0.0
0.0
0.0
0.0
0.0
0.0
0.0
0.0
0.0
0.0
0.0
0.0
0.0
0.0
0.0
0.0
0.0
0.0
0.0
0.0
0.0
0.0
0.0
0.0
0.0
0.0
0.0
0.0
0.0
0.0
0.0
0.0
0.0
0.0
0.0
0.0
0.0
0.0
0.0
0.0
0.0
0.0
0.0
0.0
0.0
0.0
0.0
0.0
0.0
0.0
0.0
0.0
0.0
0.0
0.0
0.0
0.0
0.0
0.0
0.0
0.0
0.0
0.0
0.0
0.0
0.0
0.0
0.0
0.0
0.0
0.0
0.0
0.0
0.0
0.0
0.0
0.0
0.0
0.0
0.0
0.0
0.0
0.0
0.0
0.0
0.0
0.0
0.0
0.0
0.0
0.0
0.0
0.0
0.0
0.0
0.0
0.0
0.0
0.0
0.0
0.0
0.0
0.0
0.0
0.0
0.0
0.0
0.0
0.0
0.0
0.0
0.0
0.0
0.0
0.0
0.0
0.0
0.0
0.0
0.0
0.0
0.0
0.0
0.0
0.0
0.0
0.0
0.0
0.0
0.0
0.0
0.0
0.0
0.0
0.0
0.0
0.0
0.0
0.0
0.0
0.0
0.0
0.0
0.0
0.0
0.0
0.0
0.0
0.0
0.0
0.0
0.0
0.0
0.0
0.0
0.0
0.0
0.0
0.0
0.0
0.0
0.0
0.0
0.0
0.0
0.0
0.0
0.0
0.0
0.0
0.0
0.0
0.0
0.0
0.0
0.0
0.0
0.0
0.0
0.0
0.0
0.0
0.0
0.0
0.0
0.0
0.0
0.0
0.0
0.0
0.0
0.0
0.0
0.0
0.0
0.0
0.0
0.0
0.0
0.0
0.0
0.0
0.0
0.0
0.0
0.0
0.0
0.0
0.0
0.0
0.0
0.0
0.0
0.0
0.0
0.0
0.0
0.0
0.0
0.0
0.0
0.0
0.0
0.0
0.0
0.0
0.0
0.0
0.0
0.0
0.0
0.0
0.0
0.0
0.0
0.0
0.0
0.0
0.0
0.0
0.0
0.0
0.0
0.0
0.0
0.0
0.0
0.0
0.0
0.0
0.0
0.0
0.0
0.0
0.0
0.0
0.0
0.0
0.0
0.0
0.0
0.0
0.0
0.0
0.0
0.0
0.0
0.0
0.0
0.0
0.0
0.0
0.0
0.0
0.0
0.0
0.0
0.0
0.0
0.0
0.0
0.0
0.0
0.0
0.0
0.0
0.0
0.0
0.0
0.0
0.0
0.0
0.0
0.0
0.0
0.0
0.0
0.0
0.0
0.0
0.0
0.0
0.0
0.0
0.0
0.0
0.0
0.0
0.0
0.0
0.0
0.0
0.0
0.0
0.0
0.0
0.0
0.0
0.0
0.0
0.0
0.0
0.0
0.0
0.0
0.0
0.0
0.0
0.0
0.0
0.0
0.0
0.0
0.0
0.0
0.0
0.0
0.0
0.0
0.0
0.0
0.0
0.0
0.0
0.0
0.0
0.0
0.0
0.0
0.0
0.0
0.0
0.0
0.0
0.0
0.0
0.0
0.0
0.0
0.0
0.0
0.0
0.0
0.0
0.0
0.0
0.0
0.0
0.0
0.0
0.0
0.0
0.0
0.0
0.0
0.0
0.0
0.0
0.0
0.0
0.0
0.0
0.0
0.0
0.0
0.0
0.0
0.0
0.0
0.0
0.0
0.0
0.0
0.0
0.0
0.0
0.0
0.0
0.0
0.0
0.0
0.0
0.0
0.0
0.0
0.0
0.0
0.0
0.0
0.0
0.0
0.0
0.0
0.0
0.0
0.0
0.0
0.0
0.0
0.0
0.0
0.0
0.0
0.0
0.0
0.0
0.0
0.0
0.0
0.0
0.0
0.0
0.0
0.0
0.0
0.0
0.0
0.0
0.0
0.0
0.0
0.0
0.0
0.0
0.0
0.0
0.0
0.0
0.0
0.0
0.0
0.0
0.0
0.0
0.0
0.0
0.0
0.0
0.0
0.0
0.0
0.0
0.0
0.0
0.0
0.0
0.0
0.0
0.0
0.0
0.0
0.0
0.0
0.0
0.0
0.0
0.0
0.0
0.0
0.0
0.0
0.0
0.0
0.0
0.0
0.0
0.0
0.0
0.0
0.0
0.0
0.0
0.0
0.0
0.0
0.0
0.0
0.0
0.0
0.0
0.0
0.0
0.0
0.0
0.0
0.0
0.0
0.0
0.0
0.0
0.0
0.0
0.0
0.0
0.0
0.0
0.0
0.0
0.0
0.0
0.0
0.0
0.0
0.0
0.0
0.0
0.0
0.0
0.0
0.0
0.0
0.0
0.0
0.0
0.0
0.0
0.0
0.0
0.0
0.0
0.0
0.0
0.0
0.0
0.0
0.0
0.0
0.0
0.0
0.0
0.0
0.0
0.0
0.0
0.0
0.0
0.0
0.0
0.0
0.0
0.0
0.0
0.0
0.0
0.0
0.0
0.0
0.0
0.0
0.0
0.0
0.0
0.0
0.0
0.0
0.0
0.0
0.0
0.0
0.0
0.0
0.0
0.0
0.0
0.0
0.0
0.0
0.0
0.0
0.0
0.0
0.0
0.0
0.0
0.0
0.0
0.0
0.0
0.0
0.0
0.0
0.0
0.0
0.0
0.0
0.0
0.0
0.0
0.0
0.0
0.0
0.0
0.0
0.0
0.0
0.0
0.0
0.0
0.0
0.0
0.0
0.0
0.0
0.0
0.0
0.0
0.0
0.0
0.0
0.0
0.0
0.0
0.0
0.0
0.0
0.0
0.0
0.0
0.0
0.0
0.0
0.0
0.0
0.0
0.0
0.0
0.0
0.0
0.0
0.0
0.0
0.0
0.0
0.0
0.0
0.0
0.0
0.0
0.0
0.0
0.0
0.0
0.0
0.0
0.0
0.0
0.0
0.0
0.0
0.0
0.0
0.0
0.0
0.0
0.0
0.0
0.0
0.0
0.0
0.0
0.0
0.0
0.0
0.0
0.0
0.0
0.0
0.0
0.0
0.0
0.0
0.0
0.0
0.0
0.0
0.0
0.0
0.0
0.0
0.0
0.0
0.0
0.0
0.0
0.0
0.0
0.0
0.0
0.0
0.0
0.0
0.0
0.0
0.0
0.0
0.0
0.0
0.0
0.0
0.0
0.0
0.0
0.0
0.0
0.0
0.0
0.0
0.0
0.0
0.0
0.0
0.0
0.0
0.0
0.0
0.0
0.0
0.0
0.0
0.0
0.0
0.0
0.0
0.0
0.0
0.0
0.0
0.0
0.0
0.0
0.0
0.0
0.0
0.0
0.0
0.0
0.0
0.0
0.0
0.0
0.0
0.0
0.0
0.0
0.0
0.0
0.0
0.0
0.0
0.0
0.0
0.0
0.0
0.0
0.0
0.0
0.0
0.0
0.0
0.0
0.0
0.0
0.0
0.0
0.0
0.0
0.0
0.0
0.0
0.0
0.0
0.0
0.0
0.0
0.0
0.0
0.0
0.0
0.0
0.0
0.0
0.0
0.0
0.0
0.0
0.0
0.0
0.0
0.0
0.0
0.0
0.0
0.0
0.0
0.0
0.0
0.0
0.0
0.0
0.0
0.0
0.0
0.0
0.0
0.0
0.0
0.0
0.0
0.0
0.0
0.0
0.0
0.0
0.0
0.0
0.0
0.0
0.0
0.0
0.0
0.0
0.0
0.0
0.0
0.0
0.0
0.0
0.0
0.0
0.0
0.0
0.0
0.0
0.0
0.0
0.0
0.0
0.0
0.0
0.0
0.0
0.0
0.0
0.0
0.0
0.0
0.0
0.0
0.0
0.0
0.0
0.0
0.0
0.0
0.0
0.0
0.0
0.0
0.0
0.0
0.0
0.0
0.0
0.0
0.0
0.0
0.0
0.0
0.0
0.0
0.0
0.0
0.0
0.0
0.0
0.0
0.0
0.0
0.0
0.0
0.0
0.0
0.0
0.0
0.0
0.0
0.0
0.0
0.0
0.0
0.0
0.0
0.0
0.0
0.0
0.0
0.0
0.0
0.0
0.0
0.0
0.0
0.0
0.0
0.0
0.0
0.0
0.0
0.0
0.0
0.0
0.0
0.0
0.0
0.0
0.0
0.0
0.0
0.0
0.0
0.0
0.0
0.0
0.0
0.0
0.0
0.0
0.0
0.0
0.0
0.0
0.0
0.0
0.0
0.0
0.0
0.0
0.0
0.0
0.0
0.0
0.0
0.0
0.0
0.0
0.0
0.0
0.0
0.0
0.0
0.0
0.0
0.0
0.0
0.0
0.0
0.0
0.0
0.0
0.0
0.0
0.0
0.0
0.0
0.0
0.0
0.0
0.0
0.0
0.0
0.0
0.0
0.0
0.0
0.0
0.0
0.0
0.0
0.0
0.0
0.0
0.0
0.0
0.0
0.0
0.0
0.0
0.0
0.0
0.0
0.0
0.0
0.0
0.0
0.0
0.0
0.0
0.0
0.0
0.0
0.0
0.0
0.0
0.0
0.0
0.0
0.0
0.0
0.0
0.0
0.0
0.0
0.0
0.0
0.0
0.0
0.0
0.0
0.0
0.0
0.0
0.0
0.0
0.0
0.0
0.0
0.0
0.0
0.0
0.0
0.0
0.0
0.0
0.0
0.0
0.0
0.0
0.0
0.0
0.0
0.0
0.0
0.0
0.0
0.0
0.0
0.0
0.0
0.0
0.0
0.0
0.0
0.0
0.0
0.0
0.0
0.0
0.0
0.0
0.0
0.0
0.0
0.0
0.0
0.0
0.0
0.0
0.0
0.0
0.0
0.0
0.0
0.0
0.0
0.0
0.0
0.0
0.0
0.0
0.0
0.0
0.0
0.0
0.0
0.0
0.0
0.0
0.0
0.0
0.0
0.0
0.0
0.0
0.0
0.0
0.0
0.0
0.0
0.0
0.0
0.0
0.0
0.0
0.0
0.0
0.0
0.0
0.0
0.0
0.0
0.0
0.0
0.0
0.0
0.0
0.0
0.0
0.0
0.0
0.0
0.0
0.0
0.0
0.0
0.0
0.0
0.0
0.0
0.0
0.0
0.0
0.0
0.0
0.0
0.0
0.0
0.0
0.0
0.0
0.0
0.0
0.0
0.0
0.0
0.0
0.0
0.0
0.0
0.0
0.0
0.0
0.0
0.0
0.0
0.0
0.0
0.0
0.0
0.0
0.0
0.0
0.0
0.0
0.0
0.0
0.0
0.0
0.0
0.0
0.0
0.0
0.0
0.0
0.0
0.0
0.0
0.0
0.0
0.0
0.0
0.0
0.0
0.0
0.0
0.0
0.0
0.0
0.0
0.0
0.0
0.0
0.0
0.0
0.0
0.0
0.0
0.0
0.0
0.0
0.0
0.0
0.0
0.0
0.0
0.0
0.0
0.0
0.0
0.0
0.0
0.0
0.0
0.0
0.0
0.0
0.0
0.0
0.0
0.0
0.0
0.0
0.0
0.0
0.0
0.0
0.0
0.0
0.0
0.0
0.0
0.0
0.0
0.0
0.0
0.0
0.0
0.0
0.0
0.0
0.0
0.0
0.0
0.0
0.0
0.0
0.0
0.0
0.0
0.0
0.0
0.0
0.0
0.0
0.0
0.0
0.0
0.0
0.0
0.0
0.0
0.0
0.0
0.0
0.0
0.0
0.0
0.0
0.0
0.0
0.0
0.0
0.0
0.0
0.0
0.0
0.0
0.0
0.0
0.0
0.0
0.0
0.0
0.0
0.0
0.0
0.0
0.0
0.0
0.0
0.0
0.0
0.0
0.0
0.0
0.0
0.0
0.0
0.0
0.0
0.0
0.0
0.0
0.0
0.0
0.0
0.0
0.0
0.0
0.0
0.0
0.0
0.0
0.0
0.0
0.0
0.0
0.0
0.0
0.0
0.0
0.0
0.0
0.0
0.0
0.0
0.0
0.0
0.0
0.0
0.0
0.0
0.0
0.0
0.0
0.0
0.0
0.0
0.0
0.0
0.0
0.0
0.0
0.0
0.0
0.0
0.0
0.0
0.0
0.0
0.0
0.0
0.0
0.0
0.0
0.0
0.0
0.0
0.0
0.0
0.0
0.0
0.0
0.0
0.0
0.0
0.0
0.0
0.0
0.0
0.0
0.0
0.0
0.0
0.0
0.0
0.0
0.0
0.0
0.0
0.0
0.0
0.0
0.0
0.0
0.0
0.0
0.0
0.0
0.0
0.0
0.0
0.0
0.0
0.0
0.0
0.0
0.0
0.0
0.0
0.0
0.0
0.0
0.0
0.0
0.0
0.0
0.0
0.0
0.0
0.0
0.0
0.0
0.0
0.0
0.0
0.0
0.0
0.0
0.0
0.0
0.0
0.0
0.0
0.0
0.0
0.0
0.0
0.0
0.0
0.0
0.0
0.0
0.0
0.0
0.0
0.0
0.0
0.0
0.0
0.0
0.0
0.0
0.0
0.0
0.0
0.0
0.0
0.0
0.0
0.0
0.0
0.0
0.0
0.0
0.0
0.0
0.0
0.0
0.0
0.0
0.0
0.0
0.0
0.0
0.0
0.0
0.0
0.0
0.0
0.0
0.0
0.0
0.0
0.0
0.0
0.0
0.0
0.0
0.0
0.0
0.0
0.0
0.0
0.0
0.0
0.0
0.0
0.0
0.0
0.0
0.0
0.0
0.0
0.0
0.0
0.0
0.0
0.0
0.0
0.0
0.0
0.0
0.0
0.0
0.0
0.0
0.0
0.0
0.0
0.0
0.0
0.0
0.0
0.0
0.0
0.0
0.0
0.0
0.0
0.0
0.0
0.0
0.0
0.0
0.0
0.0
0.0
0.0
0.0
0.0
0.0
0.0
0.0
0.0
0.0
0.0
0.0
0.0
0.0
0.0
0.0
0.0
0.0
0.0
0.0
0.0
0.0
0.0
0.0
0.0
0.0
0.0
0.0
0.0
0.0
0.0
0.0
0.0
0.0
0.0
0.0
0.0
0.0
0.0
0.0
0.0
0.0
0.0
0.0
0.0
0.0
0.0
0.0
0.0
0.0
0.0
0.0
0.0
0.0
0.0
0.0
0.0
0.0
0.0
0.0
0.0
0.0
0.0
0.0
0.0
0.0
0.0
0.0
0.0
0.0
0.0
0.0
0.0
0.0
0.0
0.0
0.0
0.0
0.0
0.0
0.0
0.0
0.0
0.0
0.0
0.0
0.0
0.0
0.0
0.0
0.0
0.0
0.0
0.0
0.0
0.0
0.0
0.0
0.0
0.0
0.0
0.0
0.0
0.0
0.0
0.0
0.0
0.0
0.0
0.0
0.0
0.0
0.0
0.0
0.0
0.0
0.0
0.0
0.0
0.0
0.0
0.0
0.0
0.0
0.0
0.0
0.0
0.0
0.0
0.0
0.0
0.0
0.0
0.0
0.0
0.0
0.0
0.0
0.0
0.0
0.0
0.0
0.0
0.0
0.0
0.0
0.0
0.0
0.0
0.0
0.0
0.0
0.0
0.0
0.0
0.0
0.0
0.0
0.0
0.0
0.0
0.0
0.0
0.0
0.0
0.0
0.0
0.0
0.0
0.0
0.0
0.0
0.0
0.0
0.0
0.0
0.0
0.0
0.0
0.0
0.0
0.0
0.0
0.0
0.0
0.0
0.0
0.0
0.0
0.0
0.0
0.0
0.0
0.0
0.0
0.0
0.0
0.0
0.0
0.0
0.0
0.0
0.0
0.0
0.0
0.0
0.0
0.0
0.0
0.0
0.0
0.0
0.0
0.0
0.0
0.0
0.0
0.0
0.0
0.0
0.0
0.0
0.0
0.0
0.0
0.0
0.0
0.0
0.0
0.0
0.0
0.0
0.0
0.0
0.0
0.0
0.0
0.0
0.0
0.0
0.0
0.0
0.0
0.0
0.0
0.0
0.0
0.0
0.0
0.0
0.0
0.0
0.0
0.0
0.0
0.0
0.0
0.0
0.0
0.0
0.0
0.0
0.0
0.0
0.0
0.0
0.0
0.0
0.0
0.0
0.0
0.0
0.0
0.0
0.0
0.0
0.0
0.0
0.0
0.0
0.0
0.0
0.0
0.0
0.0
0.0
0.0
0.0
0.0
0.0
0.0
0.0
0.0
0.0
0.0
0.0
0.0
0.0
0.0
0.0
0.0
0.0
0.0
0.0
0.0
0.0
0.0
0.0
0.0
0.0
0.0
0.0
0.0
0.0
0.0
0.0
0.0
0.0
0.0
0.0
0.0
0.0
0.0
0.0
0.0
0.0
0.0
0.0
0.0
0.0
0.0
0.0
0.0
0.0
0.0
0.0
0.0
0.0
0.0
0.0
0.0
0.0
0.0
0.0
0.0
0.0
0.0
0.0
0.0
0.0
0.0
0.0
0.0
0.0
0.0
0.0
0.0
0.0
0.0
0.0
0.0
0.0
0.0
0.0
0.0
0.0
0.0
0.0
0.0
0.0
0.0
0.0
0.0
0.0
0.0
0.0
0.0
0.0
0.0
0.0
0.0
0.0
0.0
0.0
0.0
0.0
0.0
0.0
0.0
0.0
0.0
0.0
0.0
0.0
0.0
0.0
0.0
0.0
0.0
0.0
0.0
0.0
0.0
0.0
0.0
0.0
0.0
0.0
0.0
0.0
0.0
0.0
0.0
0.0
0.0
0.0
0.0
0.0
0.0
0.0
0.0
0.0
0.0
0.0
0.0
0.0
0.0
0.0
0.0
0.0
0.0
0.0
0.0
0.0
0.0
0.0
0.0
0.0
0.0
0.0
0.0
0.0
0.0
0.0
0.0
0.0
0.0
0.0
0.0
0.0
0.0
0.0
0.0
0.0
0.0
0.0
0.0
0.0
0.0
0.0
0.0
0.0
0.0
0.0
0.0
0.0
0.0
0.0
0.0
0.0
0.0
0.0
0.0
0.0
0.0
0.0
0.0
0.0
0.0
0.0
0.0
0.0
0.0
0.0
0.0
0.0
0.0
0.0
0.0
0.0
0.0
0.0
0.0
0.0
0.0
0.0
0.0
0.0
0.0
0.0
0.0
0.0
0.0
0.0
0.0
0.0
0.0
0.0
0.0
0.0
0.0
0.0
0.0
0.0
0.0
0.0
0.0
0.0
0.0
0.0
0.0
0.0
0.0
0.0
0.0
0.0
0.0
0.0
0.0
0.0
0.0
0.0
0.0
0.0
0.0
0.0
0.0
0.0
0.0
0.0
0.0
0.0
0.0
0.0
0.0
0.0
0.0
0.0
0.0
0.0
0.0
0.0
0.0
0.0
0.0
0.0
0.0
0.0
0.0
0.0
0.0
0.0
0.0
0.0
0.0
0.0
0.0
0.0
0.0
0.0
0.0
0.0
0.0
0.0
0.0
0.0
0.0
0.0
0.0
0.0
0.0
0.0
0.0
0.0
0.0
0.0
0.0
0.0
0.0
0.0
0.0
0.0
0.0
0.0
0.0
0.0
0.0
0.0
0.0
0.0
0.0
0.0
0.0
0.0
0.0
0.0
0.0
0.0
0.0
0.0
0.0
0.0
0.0
0.0
0.0
0.0
0.0
0.0
0.0
0.0
0.0
0.0
0.0
0.0
0.0
0.0
0.0
0.0
0.0
0.0
0.0
0.0
0.0
0.0
0.0
0.0
0.0
0.0
0.0
0.0
0.0
0.0
0.0
0.0
0.0
0.0
0.0
0.0
0.0
0.0
0.0
0.0
0.0
0.0
0.0
0.0
0.0
0.0
0.0
0.0
0.0
0.0
0.0
0.0
0.0
0.0
0.0
0.0
0.0
0.0
0.0
0.0
0.0
0.0
0.0
0.0
0.0
0.0
0.0
0.0
0.0
0.0
0.0
0.0
0.0
0.0
0.0
0.0
0.0
0.0
0.0
0.0
0.0
0.0
0.0
0.0
0.0
0.0
0.0
0.0
0.0
0.0
0.0
0.0
0.0
0.0
0.0
0.0
0.0
0.0
0.0
0.0
0.0
0.0
0.0
0.0
0.0
0.0
0.0
0.0
0.0
0.0
0.0
0.0
0.0
0.0
0.0
0.0
0.0
0.0
0.0
0.0
0.0
0.0
0.0
0.0
0.0
0.0
0.0
0.0
0.0
0.0
0.0
0.0
0.0
0.0
0.0
0.0
0.0
0.0
0.0
0.0
0.0
0.0
0.0
0.0
0.0
0.0
0.0
0.0
0.0
0.0
0.0
0.0
0.0
0.0
0.0
0.0
0.0
0.0
0.0
0.0
0.0
0.0
0.0
0.0
0.0
0.0
0.0
0.0
0.0
0.0
0.0
0.0
0.0
0.0
0.0
0.0
0.0
0.0
0.0
0.0
0.0
0.0
0.0
0.0
0.0
0.0
0.0
0.0
0.0
0.0
0.0
0.0
0.0
0.0
0.0
0.0
0.0
0.0
0.0
0.0
0.0
0.0
0.0
0.0
0.0
0.0
0.0
0.0
0.0
0.0
0.0
0.0
0.0
0.0
0.0
0.0
0.0
0.0
0.0
0.0
0.0
0.0
0.0
0.0
0.0
0.0
0.0
0.0
0.0
0.0
0.0
0.0
0.0
0.0
0.0
0.0
0.0
0.0
0.0
0.0
0.0
0.0
0.0
0.0
0.0
0.0
0.0
0.0
0.0
0.0
0.0
0.0
0.0
0.0
0.0
0.0
0.0
0.0
0.0
0.0
0.0
0.0
0.0
0.0
0.0
0.0
0.0
0.0
0.0
0.0
0.0
0.0
0.0
0.0
0.0
0.0
0.0
0.0
0.0
0.0
0.0
0.0
0.0
0.0
0.0
0.0
0.0
0.0
0.0
0.0
0.0
0.0
0.0
0.0
0.0
0.0
0.0
0.0
0.0
0.0
0.0
0.0
0.0
0.0
0.0
0.0
0.0
0.0
0.0
0.0
0.0
0.0
0.0
0.0
0.0
0.0
0.0
0.0
0.0
0.0
0.0
0.0
0.0
0.0
0.0
0.0
0.0
0.0
0.0
0.0
0.0
0.0
0.0
0.0
0.0
0.0
0.0
0.0
0.0
0.0
0.0
0.0
0.0
0.0
0.0
0.0
0.0
0.0
0.0
0.0
0.0
0.0
0.0
0.0
0.0
0.0
0.0
0.0
0.0
0.0
0.0
0.0
0.0
0.0
0.0
0.0
0.0
0.0
0.0
0.0
0.0
0.0
0.0
0.0
0.0
0.0
0.0
0.0
0.0
0.0
0.0
0.0
0.0
0.0
0.0
0.0
0.0
0.0
0.0
0.0
0.0
0.0
0.0
0.0
0.0
0.0
0.0
0.0
0.0
0.0
0.0
0.0
0.0
0.0
0.0
0.0
0.0
0.0
0.0
0.0
0.0
0.0
0.0
0.0
0.0
0.0
0.0
0.0
0.0
0.0
0.0
0.0
0.0
0.0
0.0
0.0
0.0
0.0
0.0
0.0
0.0
0.0
0.0
0.0
0.0
0.0
0.0
0.0
0.0
0.0
0.0
0.0
0.0
0.0
0.0
0.0
0.0
0.0
0.0
0.0
0.0
0.0
0.0
0.0
0.0
0.0
0.0
0.0
0.0
0.0
0.0
0.0
0.0
0.0
0.0
0.0
0.0
0.0
0.0
0.0
0.0
0.0
0.0
0.0
0.0
0.0
0.0
0.0
0.0
0.0
0.0
0.0
0.0
0.0
0.0
0.0
0.0
0.0
0.0
0.0
0.0
0.0
0.0
0.0
0.0
0.0
0.0
0.0
0.0
0.0
0.0
0.0
0.0
0.0
0.0
0.0
0.0
0.0
0.0
0.0
0.0
0.0
0.0
0.0
0.0
0.0
0.0
0.0
0.0
0.0
0.0
0.0
0.0
0.0
0.0
0.0
0.0
0.0
0.0
0.0
0.0
0.0
0.0
0.0
0.0
0.0
0.0
0.0
0.0
0.0
0.0
0.0
0.0
0.0
0.0
0.0
0.0
0.0
0.0
0.0
0.0
0.0
0.0
0.0
0.0
0.0
0.0
0.0
0.0
0.0
0.0
0.0
0.0
0.0
0.0
0.0
0.0
0.0
0.0
0.0
0.0
0.0
0.0
0.0
0.0
0.0
0.0
0.0
0.0
0.0
0.0
0.0
0.0
0.0
0.0
0.0
0.0
0.0
0.0
0.0
0.0
0.0
0.0
0.0
0.0
0.0
0.0
0.0
0.0
0.0
0.0
0.0
0.0
0.0
0.0
0.0
0.0
0.0
0.0
0.0
0.0
0.0
0.0
0.0
0.0
0.0
0.0
0.0
0.0
0.0
0.0
0.0
0.0
0.0
0.0
0.0
0.0
0.0
0.0
0.0
0.0
0.0
0.0
0.0
0.0
0.0
0.0
0.0
0.0
0.0
0.0
0.0
0.0
0.0
0.0
0.0
0.0
0.0
0.0
0.0
0.0
0.0
0.0
0.0
0.0
0.0
0.0
0.0
0.0
0.0
0.0
0.0
0.0
0.0
0.0
0.0
0.0
0.0
0.0
0.0
0.0
0.0
0.0
0.0
0.0
0.0
0.0
0.0
0.0
0.0
0.0
0.0
0.0
0.0
0.0
0.0
0.0
0.0
0.0
0.0
0.0
0.0
0.0
0.0
0.0
0.0
0.0
0.0
0.0
0.0
0.0
0.0
0.0
0.0
0.0
0.0
0.0
0.0
0.0
0.0
0.0
0.0
0.0
0.0
0.0
0.0
0.0
0.0
0.0
0.0
0.0
0.0
0.0
0.0
0.0
0.0
0.0
0.0
0.0
0.0
0.0
0.0
0.0
0.0
0.0
0.0
0.0
0.0
0.0
0.0
0.0
0.0
0.0
0.0
0.0
0.0
0.0
0.0
0.0
0.0
0.0
0.0
0.0
0.0
0.0
0.0
0.0
0.0
0.0
0.0
0.0
0.0
0.0
0.0
0.0
0.0
0.0
0.0
0.0
0.0
0.0
0.0
0.0
0.0
0.0
0.0
0.0
0.0
0.0
0.0
0.0
0.0
0.0
0.0
0.0
0.0
0.0
0.0
0.0
0.0
0.0
0.0
0.0
0.0
0.0
0.0
0.0
0.0
0.0
0.0
0.0
0.0
0.0
0.0
0.0
0.0
0.0
0.0
0.0
0.0
0.0
0.0
0.0
0.0
0.0
0.0
0.0
0.0
0.0
0.0
0.0
0.0
0.0
0.0
0.0
0.0
0.0
0.0
0.0
0.0
0.0
0.0
0.0
0.0
0.0
0.0
0.0
0.0
0.0
0.0
0.0
0.0
0.0
0.0
0.0
0.0
0.0
0.0
0.0
0.0
0.0
0.0
0.0
0.0
0.0
0.0
0.0
0.0
0.0
0.0
0.0
0.0
0.0
0.0
0.0
0.0
0.0
0.0
0.0
0.0
0.0
0.0
0.0
0.0
0.0
0.0
0.0
0.0
0.0
0.0
0.0
0.0
0.0
0.0
0.0
0.0
0.0
0.0
0.0
0.0
0.0
0.0
0.0
0.0
0.0
0.0
0.0
0.0
0.0
0.0
0.0
0.0
0.0
0.0
0.0
0.0
0.0
0.0
0.0
0.0
0.0
0.0
0.0
0.0
0.0
0.0
0.0
0.0
0.0
0.0
0.0
0.0
0.0
0.0
0.0
0.0
0.0
0.0
0.0
0.0
0.0
0.0
0.0
0.0
0.0
0.0
0.0
0.0
0.0
0.0
0.0
0.0
0.0
0.0
0.0
0.0
0.0
0.0
0.0
0.0
0.0
0.0
0.0
0.0
0.0
0.0
0.0
0.0
0.0
0.0
0.0
0.0
0.0
0.0
0.0
0.0
0.0
0.0
0.0
0.0
0.0
0.0
0.0
0.0
0.0
0.0
0.0
0.0
0.0
0.0
0.0
0.0
0.0
0.0
0.0
0.0
0.0
0.0
0.0
0.0
0.0
0.0
0.0
0.0
0.0
0.0
0.0
0.0
0.0
0.0
0.0
0.0
0.0
0.0
0.0
0.0
0.0
0.0
0.0
0.0
0.0
0.0
0.0
0.0
0.0
0.0
0.0
0.0
0.0
0.0
0.0
0.0
0.0
0.0
0.0
0.0
0.0
0.0
0.0
0.0
0.0
0.0
0.0
0.0
0.0
0.0
0.0
0.0
0.0
0.0
0.0
0.0
0.0
0.0
0.0
0.0
0.0
0.0
0.0
0.0
0.0
0.0
0.0
0.0
0.0
0.0
0.0
0.0
0.0
0.0
0.0
0.0
0.0
0.0
0.0
0.0
0.0
0.0
0.0
0.0
0.0
0.0
0.0
0.0
0.0
0.0
0.0
0.0
0.0
0.0
0.0
0.0
0.0
0.0
0.0
0.0
0.0
0.0
0.0
0.0
0.0
0.0
0.0
0.0
0.0
0.0
0.0
0.0
0.0
0.0
0.0
0.0
0.0
0.0
0.0
0.0
0.0
0.0
0.0
0.0
0.0
0.0
0.0
0.0
0.0
0.0
0.0
0.0
0.0
0.0
0.0
0.0
0.0
0.0
0.0
0.0
0.0
0.0
0.0
0.0
0.0
0.0
0.0
0.0
0.0
0.0
0.0
0.0
0.0
0.0
0.0
0.0
0.0
0.0
0.0
0.0
0.0
0.0
0.0
0.0
0.0
0.0
0.0
0.0
0.0
0.0
0.0
0.0
0.0
0.0
0.0
0.0
0.0
0.0
0.0
0.0
0.0
0.0
0.0
0.0
0.0
0.0
0.0
0.0
0.0
0.0
0.0
0.0
0.0
0.0
0.0
0.0
0.0
0.0
0.0
0.0
0.0
0.0
0.0
0.0
0.0
0.0
0.0
0.0
0.0
0.0
0.0
0.0
0.0
0.0
0.0
0.0
0.0
0.0
0.0
0.0
0.0
0.0
0.0
0.0
0.0
0.0
0.0
0.0
0.0
0.0
0.0
0.0
0.0
0.0
0.0
0.0
0.0
0.0
0.0
0.0
0.0
0.0
0.0
0.0
0.0
0.0
0.0
0.0
0.0
0.0
0.0
0.0
0.0
0.0
0.0
0.0
0.0
0.0
0.0
0.0
0.0
0.0
0.0
0.0
0.0
0.0
0.0
0.0
0.0
0.0
0.0
0.0
0.0
0.0
0.0
0.0
0.0
0.0
0.0
0.0
0.0
0.0
0.0
0.0
0.0
0.0
0.0
0.0
0.0
0.0
0.0
0.0
0.0
0.0
0.0
0.0
0.0
0.0
0.0
0.0
0.0
0.0
0.0
0.0
0.0
0.0
0.0
0.0
0.0
0.0
0.0
0.0
0.0
0.0
0.0
0.0
0.0
0.0
0.0
0.0
0.0
0.0
0.0
0.0
0.0
0.0
0.0
0.0
0.0
0.0
0.0
0.0
0.0
0.0
0.0
0.0
0.0
0.0
0.0
0.0
0.0
0.0
0.0
0.0
0.0
0.0
0.0
0.0
0.0
0.0
0.0
0.0
0.0
0.0
0.0
0.0
0.0
0.0
0.0
0.0
0.0
0.0
0.0
0.0
0.0
0.0
0.0
0.0
0.0
0.0
0.0
0.0
0.0
0.0
0.0
0.0
0.0
0.0
0.0
0.0
0.0
0.0
0.0
0.0
0.0
0.0
0.0
0.0
0.0
0.0
0.0
0.0
0.0
0.0
0.0
0.0
0.0
0.0
0.0
0.0
0.0
0.0
0.0
0.0
0.0
0.0
0.0
0.0
0.0
0.0
0.0
0.0
0.0
0.0
0.0
0.0
0.0
0.0
0.0
0.0
0.0
0.0
0.0
0.0
0.0
0.0
0.0
0.0
0.0
0.0
0.0
0.0
0.0
0.0
0.0
0.0
0.0
0.0
0.0
0.0
0.0
0.0
0.0
0.0
0.0
0.0
0.0
0.0
0.0
0.0
0.0
0.0
0.0
0.0
0.0
0.0
0.0
0.0
0.0
0.0
0.0
0.0
0.0
0.0
0.0
0.0
0.0
0.0
0.0
0.0
0.0
0.0
0.0
0.0
0.0
0.0
0.0
0.0
0.0
0.0
0.0
0.0
0.0
0.0
0.0
0.0
0.0
0.0
0.0
0.0
0.0
0.0
0.0
0.0
0.0
0.0
0.0
0.0
0.0
0.0
0.0
0.0
0.0
0.0
0.0
0.0
0.0
0.0
0.0
0.0
0.0
0.0
0.0
0.0
0.0
0.0
0.0
0.0
0.0
0.0
0.0
0.0
0.0
0.0
0.0
0.0
0.0
0.0
0.0
0.0
0.0
0.0
0.0
0.0
0.0
0.0
0.0
0.0
0.0
0.0
0.0
0.0
0.0
0.0
0.0
0.0
0.0
0.0
0.0
0.0
0.0
0.0
0.0
0.0
0.0
0.0
0.0
0.0
0.0
0.0
0.0
0.0
0.0
0.0
0.0
0.0
0.0
0.0
0.0
0.0
0.0
0.0
0.0
0.0
0.0
0.0
0.0
0.0
0.0
0.0
0.0
0.0
0.0
0.0
0.0
0.0
0.0
0.0
0.0
0.0
0.0
0.0
0.0
0.0
0.0
0.0
0.0
0.0
0.0
0.0
0.0
0.0
0.0
0.0
0.0
0.0
0.0
0.0
0.0
0.0
0.0
0.0
0.0
0.0
0.0
0.0
0.0
0.0
0.0
0.0
0.0
0.0
0.0
0.0
0.0
0.0
0.0
0.0
0.0
0.0
0.0
0.0
0.0
0.0
0.0
0.0
0.0
0.0
0.0
0.0
0.0
0.0
0.0
0.0
0.0
0.0
0.0
0.0
0.0
0.0
0.0
0.0
0.0
0.0
0.0
0.0
0.0
0.0
0.0
0.0
0.0
0.0
0.0
0.0
0.0
0.0
0.0
0.0
0.0
0.0
0.0
0.0
0.0
0.0
0.0
0.0
0.0
0.0
0.0
0.0
0.0
0.0
0.0
0.0
0.0
0.0
0.0
0.0
0.0
0.0
0.0
0.0
0.0
0.0
0.0
0.0
0.0
0.0
0.0
0.0
0.0
0.0
0.0
0.0
0.0
0.0
0.0
0.0
0.0
0.0
0.0
0.0
0.0
0.0
0.0
0.0
0.0
0.0
0.0
0.0
0.0
0.0
0.0
0.0
0.0
0.0
0.0
0.0
0.0
0.0
0.0
0.0
0.0
0.0
0.0
0.0
0.0
0.0
0.0
0.0
0.0
0.0
0.0
0.0
0.0
0.0
0.0
0.0
0.0
0.0
0.0
0.0
0.0
0.0
0.0
0.0
0.0
0.0
0.0
0.0
0.0
0.0
0.0
0.0
0.0
0.0
0.0
0.0
0.0
0.0
0.0
0.0
0.0
0.0
0.0
0.0
0.0
0.0
0.0
0.0
0.0
0.0
0.0
0.0
0.0
0.0
0.0
0.0
0.0
0.0
0.0
0.0
0.0
0.0
0.0
0.0
0.0
0.0
0.0
0.0
0.0
0.0
0.0
0.0
0.0
0.0
0.0
0.0
0.0
0.0
0.0
0.0
0.0
0.0
0.0
0.0
0.0
0.0
0.0
0.0
0.0
0.0
0.0
0.0
0.0
0.0
0.0
0.0
0.0
0.0
0.0
0.0
0.0
0.0
0.0
0.0
0.0
0.0
0.0
0.0
0.0
0.0
0.0
0.0
0.0
0.0
0.0
0.0
0.0
0.0
0.0
0.0
0.0
0.0
0.0
0.0
0.0
0.0
0.0
0.0
0.0
0.0
0.0
0.0
0.0
0.0
0.0
0.0
0.0
0.0
0.0
0.0
0.0
0.0
0.0
0.0
0.0
0.0
0.0
0.0
0.0
0.0
0.0
0.0
0.0
0.0
0.0
0.0
0.0
0.0
0.0
0.0
0.0
0.0
0.0
0.0
0.0
0.0
0.0
0.0
0.0
0.0
0.0
0.0
0.0
0.0
0.0
0.0
0.0
0.0
0.0
0.0
0.0
0.0
0.0
0.0
0.0
0.0
0.0
0.0
0.0
0.0
0.0
0.0
0.0
0.0
0.0
0.0
0.0
0.0
0.0
0.0
0.0
0.0
0.0
0.0
0.0
0.0
0.0
0.0
0.0
0.0
0.0
0.0
0.0
0.0
0.0
0.0
0.0
0.0
0.0
0.0
0.0
0.0
0.0
0.0
0.0
0.0
0.0
0.0
0.0
0.0
0.0
0.0
0.0
0.0
0.0
0.0
0.0
0.0
0.0
0.0
0.0
0.0
0.0
0.0
0.0
0.0
0.0
0.0
0.0
0.0
0.0
0.0
0.0
0.0
0.0
0.0
0.0
0.0
0.0
0.0
0.0
0.0
0.0
0.0
0.0
0.0
0.0
0.0
0.0
0.0
0.0
0.0
0.0
0.0
0.0
0.0
0.0
0.0
0.0
0.0
0.0
0.0
0.0
0.0
0.0
0.0
0.0
0.0
0.0
0.0
0.0
0.0
0.0
0.0
0.0
0.0
0.0
0.0
0.0
0.0
0.0
0.0
0.0
0.0
0.0
0.0
0.0
0.0
0.0
0.0
0.0
0.0
0.0
0.0
0.0
0.0
0.0
0.0
0.0
0.0
0.0
0.0
0.0
0.0
0.0
0.0
0.0
0.0
0.0
0.0
0.0
0.0
0.0
0.0
0.0
0.0
0.0
0.0
0.0
0.0
0.0
0.0
0.0
0.0
0.0
0.0
0.0
0.0
0.0
0.0
0.0
0.0
0.0
0.0
0.0
0.0
0.0
0.0
0.0
0.0
0.0
0.0
0.0
0.0
0.0
0.0
0.0
0.0
0.0
0.0
0.0
0.0
0.0
0.0
0.0
0.0
0.0
0.0
0.0
0.0
0.0
0.0
0.0
0.0
0.0
0.0
0.0
0.0
0.0
0.0
0.0
0.0
0.0
0.0
0.0
0.0
0.0
0.0
0.0
0.0
0.0
0.0
0.0
0.0
0.0
0.0
0.0
0.0
0.0
0.0
0.0
0.0
0.0
0.0
0.0
0.0
0.0
0.0
0.0
0.0
0.0
0.0
0.0
0.0
0.0
0.0
0.0
0.0
0.0
0.0
0.0
0.0
0.0
0.0
0.0
0.0
0.0
0.0
0.0
0.0
0.0
0.0
0.0
0.0
0.0
0.0
0.0
0.0
0.0
0.0
0.0
0.0
0.0
0.0
0.0
0.0
0.0
0.0
0.0
0.0
0.0
0.0
0.0
0.0
0.0
0.0
0.0
0.0
0.0
0.0
0.0
0.0
0.0
0.0
0.0
0.0
0.0
0.0
0.0
0.0
0.0
0.0
0.0
0.0
0.0
0.0
0.0
0.0
0.0
0.0
0.0
0.0
0.0
0.0
0.0
0.0
0.0
0.0
0.0
0.0
0.0
0.0
0.0
0.0
0.0
0.0
0.0
0.0
0.0
0.0
0.0
0.0
0.0
0.0
0.0
0.0
0.0
0.0
0.0
0.0
0.0
0.0
0.0
0.0
0.0
0.0
0.0
0.0
0.0
0.0
0.0
0.0
0.0
0.0
0.0
0.0
0.0
0.0
0.0
0.0
0.0
0.0
0.0
0.0
0.0
0.0
0.0
0.0
0.0
0.0
0.0
0.0
0.0
0.0
0.0
0.0
0.0
0.0
0.0
0.0
0.0
0.0
0.0
0.0
0.0
0.0
0.0
0.0
0.0
0.0
0.0
0.0
0.0
0.0
0.0
0.0
0.0
0.0
0.0
0.0
0.0
0.0
0.0
0.0
0.0
0.0
0.0
0.0
0.0
0.0
0.0
0.0
0.0
0.0
0.0
0.0
0.0
0.0
0.0
0.0
0.0
0.0
0.0
0.0
0.0
0.0
0.0
0.0
0.0
0.0
0.0
0.0
0.0
0.0
0.0
0.0
0.0
0.0
0.0
0.0
0.0
0.0
0.0
0.0
0.0
0.0
0.0
0.0
0.0
0.0
0.0
0.0
0.0
0.0
0.0
0.0
0.0
0.0
0.0
0.0
0.0
0.0
0.0
0.0
0.0
0.0
0.0
0.0
0.0
0.0
0.0
0.0
0.0
0.0
0.0
0.0
0.0
0.0
0.0
0.0
0.0
0.0
0.0
0.0
0.0
0.0
0.0
0.0
0.0
0.0
0.0
0.0
0.0
0.0
0.0
0.0
0.0
0.0
0.0
0.0
0.0
0.0
0.0
0.0
0.0
0.0
0.0
0.0
0.0
0.0
0.0
0.0
0.0
0.0
0.0
0.0
0.0
0.0
0.0
0.0
0.0
0.0
0.0
0.0
0.0
0.0
0.0
0.0
0.0
0.0
0.0
0.0
0.0
0.0
0.0
0.0
0.0
0.0
0.0
0.0
0.0
0.0
0.0
0.0
0.0
0.0
0.0
0.0
0.0
0.0
0.0
0.0
0.0
0.0
0.0
0.0
0.0
0.0
0.0
0.0
0.0
0.0
0.0
0.0
0.0
0.0
0.0
0.0
0.0
0.0
0.0
0.0
0.0
0.0
0.0
0.0
0.0
0.0
0.0
0.0
0.0
0.0
0.0
0.0
0.0
0.0
0.0
0.0
0.0
0.0
0.0
0.0
0.0
0.0
0.0
0.0
0.0
0.0
0.0
0.0
0.0
0.0
0.0
0.0
0.0
0.0
0.0
0.0
0.0
0.0
0.0
0.0
0.0
0.0
0.0
0.0
0.0
0.0
0.0
0.0
0.0
0.0
0.0
0.0
0.0
0.0
0.0
0.0
0.0
0.0
0.0
0.0
0.0
0.0
0.0
0.0
0.0
0.0
0.0
0.0
0.0
0.0
0.0
0.0
0.0
0.0
0.0
0.0
0.0
0.0
0.0
0.0
0.0
0.0
0.0
0.0
0.0
0.0
0.0
0.0
0.0
0.0
0.0
0.0
0.0
0.0
0.0
0.0
0.0
0.0
0.0
0.0
0.0
0.0
0.0
0.0
0.0
0.0
0.0
0.0
0.0
0.0
0.0
0.0
0.0
0.0
0.0
0.0
0.0
0.0
0.0
0.0
0.0
0.0
0.0
0.0
0.0
0.0
0.0
0.0
0.0
0.0
0.0
0.0
0.0
0.0
0.0
0.0
0.0
0.0
0.0
0.0
0.0
0.0
0.0
0.0
0.0
0.0
0.0
0.0
0.0
0.0
0.0
0.0
0.0
0.0
0.0
0.0
0.0
0.0
0.0
0.0
0.0
0.0
0.0
0.0
0.0
0.0
0.0
0.0
0.0
0.0
0.0
0.0
0.0
0.0
0.0
0.0
0.0
0.0
0.0
0.0
0.0
0.0
0.0
0.0
0.0
0.0
0.0
0.0
0.0
0.0
0.0
0.0
0.0
0.0
0.0
0.0
0.0
0.0
0.0
0.0
0.0
0.0
0.0
0.0
0.0
0.0
0.0
0.0
0.0
0.0
0.0
0.0
0.0
0.0
0.0
0.0
0.0
0.0
0.0
0.0
0.0
0.0
0.0
0.0
0.0
0.0
0.0
0.0
0.0
0.0
0.0
0.0
0.0
0.0
0.0
0.0
0.0
0.0
0.0
0.0
0.0
0.0
0.0
0.0
0.0
0.0
0.0
0.0
0.0
0.0
0.0
0.0
0.0
0.0
0.0
0.0
0.0
0.0
0.0
0.0
0.0
0.0
0.0
0.0
0.0
0.0
0.0
0.0
0.0
0.0
0.0
0.0
0.0
0.0
0.0
0.0
0.0
0.0
0.0
0.0
0.0
0.0
0.0
0.0
0.0
0.0
0.0
0.0
0.0
0.0
0.0
0.0
0.0
0.0
0.0
0.0
0.0
0.0
0.0
0.0
0.0
0.0
0.0
0.0
0.0
0.0
0.0
0.0
0.0
0.0
0.0
0.0
0.0
0.0
0.0
0.0
0.0
0.0
0.0
0.0
0.0
0.0
0.0
0.0
0.0
0.0
0.0
0.0
0.0
0.0
0.0
0.0
0.0
0.0
0.0
0.0
0.0
0.0
0.0
0.0
0.0
0.0
0.0
0.0
0.0
0.0
0.0
0.0
0.0
0.0
0.0
0.0
0.0
0.0
0.0
0.0
0.0
0.0
0.0
0.0
0.0
0.0
0.0
0.0
0.0
0.0
0.0
0.0
0.0
0.0
0.0
0.0
0.0
0.0
0.0
0.0
0.0
0.0
0.0
0.0
0.0
0.0
0.0
0.0
0.0
0.0
0.0
0.0
0.0
0.0
0.0
0.0
0.0
0.0
0.0
0.0
0.0
0.0
0.0
0.0
0.0
0.0
0.0
0.0
0.0
0.0
0.0
0.0
0.0
0.0
0.0
0.0
0.0
0.0
0.0
0.0
0.0
0.0
0.0
0.0
0.0
0.0
0.0
0.0
0.0
0.0
0.0
0.0
0.0
0.0
0.0
0.0
0.0
0.0
0.0
0.0
0.0
0.0
0.0
0.0
0.0
0.0
0.0
0.0
0.0
0.0
0.0
0.0
0.0
0.0
0.0
0.0
0.0
0.0
0.0
0.0
0.0
0.0
0.0
0.0
0.0
0.0
0.0
0.0
0.0
0.0
0.0
0.0
0.0
0.0
0.0
0.0
0.0
0.0
0.0
0.0
0.0
0.0
0.0
0.0
0.0
0.0
0.0
0.0
0.0
0.0
0.0
0.0
0.0
0.0
0.0
0.0
0.0
0.0
0.0
0.0
0.0
0.0
0.0
0.0
0.0
0.0
0.0
0.0
0.0
0.0
0.0
0.0
0.0
0.0
0.0
0.0
0.0
0.0
0.0
0.0
0.0
0.0
0.0
0.0
0.0
0.0
0.0
0.0
0.0
0.0
0.0
0.0
0.0
0.0
0.0
0.0
0.0
0.0
0.0
0.0
0.0
0.0
0.0
0.0
0.0
0.0
0.0
0.0
0.0
0.0
0.0
0.0
0.0
0.0
0.0
0.0
0.0
0.0
0.0
0.0
0.0
0.0
0.0
0.0
0.0
0.0
0.0
0.0
0.0
0.0
0.0
0.0
0.0
0.0
0.0
0.0
0.0
0.0
0.0
0.0
0.0
0.0
0.0
0.0
0.0
0.0
0.0
0.0
0.0
0.0
0.0
0.0
0.0
0.0
0.0
0.0
0.0
0.0
0.0
0.0
0.0
0.0
0.0
0.0
0.0
0.0
0.0
0.0
0.0
0.0
0.0
0.0
0.0
0.0
0.0
0.0
0.0
0.0
0.0
0.0
0.0
0.0
0.0
0.0
0.0
0.0
0.0
0.0
0.0
0.0
0.0
0.0
0.0
0.0
0.0
0.0
0.0
0.0
0.0
0.0
0.0
0.0
0.0
0.0
0.0
0.0
0.0
0.0
0.0
0.0
0.0
0.0
0.0
0.0
0.0
0.0
0.0
0.0
0.0
0.0
0.0
0.0
0.0
0.0
0.0
0.0
0.0
0.0
0.0
0.0
0.0
0.0
0.0
0.0
0.0
0.0
0.0
0.0
0.0
0.0
0.0
0.0
0.0
0.0
0.0
0.0
0.0
0.0
0.0
0.0
0.0
0.0
0.0
0.0
0.0
0.0
0.0
0.0
0.0
0.0
0.0
0.0
0.0
0.0
0.0
0.0
0.0
0.0
0.0
0.0
0.0
0.0
0.0
0.0
0.0
0.0
0.0
0.0
0.0
0.0
0.0
0.0
0.0
0.0
0.0
0.0
0.0
0.0
0.0
0.0
0.0
0.0
0.0
0.0
0.0
0.0
0.0
0.0
0.0
0.0
0.0
0.0
0.0
0.0
0.0
0.0
0.0
0.0
0.0
0.0
0.0
0.0
0.0
0.0
0.0
0.0
0.0
0.0
0.0
0.0
0.0
0.0
0.0
0.0
0.0
0.0
0.0
0.0
0.0
0.0
0.0
0.0
0.0
0.0
0.0
0.0
0.0
0.0
0.0
0.0
0.0
0.0
0.0
0.0
0.0
0.0
0.0
0.0
0.0
0.0
0.0
0.0
0.0
0.0
0.0
0.0
0.0
0.0
0.0
0.0
0.0
0.0
0.0
0.0
0.0
0.0
0.0
0.0
0.0
0.0
0.0
0.0
0.0
0.0
0.0
0.0
0.0
0.0
0.0
0.0
0.0
0.0
0.0
0.0
0.0
0.0
0.0
0.0
0.0
0.0
0.0
0.0
0.0
0.0
0.0
0.0
0.0
0.0
0.0
0.0
0.0
0.0
0.0
0.0
0.0
0.0
0.0
0.0
0.0
0.0
0.0
0.0
0.0
0.0
0.0
0.0
0.0
0.0
0.0
0.0
0.0
0.0
0.0
0.0
0.0
0.0
0.0
0.0
0.0
0.0
0.0
0.0
0.0
0.0
0.0
0.0
0.0
0.0
0.0
0.0
0.0
0.0
0.0
0.0
0.0
0.0
0.0
0.0
0.0
0.0
0.0
0.0
0.0
0.0
0.0
0.0
0.0
0.0
0.0
0.0
0.0
0.0
0.0
0.0
0.0
0.0
0.0
0.0
0.0
0.0
0.0
0.0
0.0
0.0
0.0
0.0
0.0
0.0
0.0
0.0
0.0
0.0
0.0
0.0
0.0
0.0
0.0
0.0
0.0
0.0
0.0
0.0
0.0
0.0
0.0
0.0
0.0
0.0
0.0
0.0
0.0
0.0
0.0
0.0
0.0
0.0
0.0
0.0
0.0
0.0
0.0
0.0
0.0
0.0
0.0
0.0
0.0
0.0
0.0
0.0
0.0
0.0
0.0
0.0
0.0
0.0
0.0
0.0
0.0
0.0
0.0
0.0
0.0
0.0
0.0
0.0
0.0
0.0
0.0
0.0
0.0
0.0
0.0
0.0
0.0
0.0
0.0
0.0
0.0
0.0
0.0
0.0
0.0
0.0
0.0
0.0
0.0
0.0
0.0
0.0
0.0
0.0
0.0
0.0
0.0
0.0
0.0
0.0
0.0
0.0
0.0
0.0
0.0
0.0
0.0
0.0
0.0
0.0
0.0
0.0
0.0
0.0
0.0
0.0
0.0
0.0
0.0
0.0
0.0
0.0
0.0
0.0
0.0
0.0
0.0
0.0
0.0
0.0
0.0
0.0
0.0
0.0
0.0
0.0
0.0
0.0
0.0
0.0
0.0
0.0
0.0
0.0
0.0
0.0
0.0
0.0
0.0
0.0
0.0
0.0
0.0
0.0
0.0
0.0
0.0
0.0
0.0
0.0
0.0
0.0
0.0
0.0
0.0
0.0
0.0
0.0
0.0
0.0
0.0
0.0
0.0
0.0
0.0
0.0
0.0
0.0
0.0
0.0
0.0
0.0
0.0
0.0
0.0
0.0
0.0
0.0
0.0
0.0
0.0
0.0
0.0
0.0
0.0
0.0
0.0
0.0
0.0
0.0
0.0
0.0
0.0
0.0
0.0
0.0
0.0
0.0
0.0
0.0
0.0
0.0
0.0
0.0
0.0
0.0
0.0
0.0
0.0
0.0
0.0
0.0
0.0
0.0
0.0
0.0
0.0
0.0
0.0
0.0
0.0
0.0
0.0
0.0
0.0
0.0
0.0
0.0
0.0
0.0
0.0
0.0
0.0
0.0
0.0
0.0
0.0
