1.046959064430203
1.0469582147968681
1.0444179474672157
1.0444179474672157
1.0444179474672157
1.0444179474672157
1.0436255982512974
1.0436255982512974
1.0436255982512974
1.0417521500354663
1.0411342901229546
1.038916667217032
1.038916667217032
1.038916667217032
1.0367919584885772
1.0330026120356073
1.0287526959494688
1.0287526959494688
1.0278684828827636
1.0263363093905888
1.0239818415140844
1.0239818415140844
1.020312992962548
1.020312992962548
1.0151790573474628
1.0083228805045412
1.0083228805045412
1.0083228805045412
1.0082273344370465
1.0082273344370465
1.0038322517152523
1.002140370960423
1.0009664750485698
1.0008822203556722
0.9944815068364209
0.9944815068364209
0.9944815068364209
0.9944815068364209
0.9936882607252592
0.9936881564414003
0.9827456126418437
0.9827456126418437
0.9827456126418437
0.9827456126418437
0.9278359236077423
0.9277773067904757
0.9277773067904757
0.9277773067904757
0.9244156421977745
0.9221704520084719
0.9221704520084719
0.9121968875974696
0.9053171659943269
0.8418185545162271
0.8418185545162271
0.8418185545162271
0.8418185545162271
0.8416995640449544
0.8414987420422192
0.8414987420422192
0.8414987420422192
0.7826581482356023
0.7826581482356023
0.7727901766385205
0.7727901766385205
0.771861388617895
0.771861388617895
0.771861388617895
0.7709703390447197
0.7659071807417646
0.763149544795427
0.7401871852435418
0.7214292479223546
0.7214292479223546
0.7144021005084493
0.7142839471494646
0.6790579456239102
0.6771688708713252
0.6486530907157885
0.6483407724649725
0.6483407724649725
0.646465859161176
0.6078960332063752
0.5849355908649947
0.5798803859770774
0.5787156351478548
0.5724930112525568
0.5724930112525568
0.5724930112525568
0.5721693356342996
0.5715469537666573
0.5678169989891868
0.5668621723513139
0.5667684445348642
0.5667684445348642
0.5667684445348642
0.5667006722774044
0.5667006722774044
0.5219666821181546
0.5217274840687748
0.5096133872081856
0.5096133872081856
0.5086729780008294
0.5071064913372576
0.5067231583594121
0.5067231583594121
0.5021355696636316
0.47473990833791657
0.47473990833791657
0.4745121094979947
0.3672320526026628
0.3672320526026628
0.3672320526026628
0.3480235085599698
0.34337590642625493
0.34337590642625493
0.3388312566838786
0.33625466107977964
0.3215717617740277
0.3215717617740277
0.3215717617740277
0.3215717617740277
0.31467724228357197
0.3146686198034837
0.3044185785020599
0.3044185785020599
0.30429457729867593
0.30429457729867593
0.30356508584219644
0.30356508584219644
0.30169943283855927
0.30169943283855927
0.2929890021668573
0.284364973425854
0.2722774716753589
0.2722774716753589
0.2716536169381505
0.2716536169381505
0.2650750446588386
0.25618827680742884
0.25611746587857465
0.25611746587857465
0.2490505400279689
0.24674316000002783
0.24660893217247892
0.19240201687948832
0.1815186080818333
0.1815186080818333
0.17710757557959755
0.17471272704085516
0.1747126984915357
0.1747126984915357
0.17469979083690246
0.17425866355663044
0.17425866355663044
0.17425866355663044
0.17154402790712986
0.16508497410863798
0.1630902022067895
0.16252148136773226
0.16252148136773226
0.16252148136773226
0.15930629963739928
0.15930629963739928
0.15031359919324783
0.15031359919324783
0.07348246395631464
0.07342090938646495
0.07341977209715611
0.07341977209715611
0.07341098026908732
0.06098431835355189
0.06098431835355189
0.05997217976859093
0.05997217976859093
0.055354944818122864
0.05532634597089692
0.05532634597089692
0.05532609316497117
0.05532609316497117
0.05481761862602563
0.05481761862602563
0.05481761862602563
0.053703057233675966
0.0537030388394254
0.05337287950135894
0.05337287950135894
0.05272168748553874
0.05270532717598064
0.05270532717598064
0.05253171250803634
0.051704246603949566
0.05037449545864203
0.050368035300849656
0.050356287179687986
0.05014097684429575
0.05014097684429575
0.04738407291953495
0.045886076472754334
0.045886076472754334
0.045886076472754334
0.045886076472754334
0.045886076472754334
0.026333928809664564
0.02618119638952965
0.0247404371503106
0.0247404371503106
0.02473698548510994
0.022363307632340734
0.022363307632340734
0.02235844876128601
0.02234239116548009
0.02234239116548009
0.01559841157186459
0.01559841157186459
0.01559841157186459
0.01559841157186459
0.01559841157186459
0.012313227528994886
0.012027704624831936
0.011970229569489788
0.011949237351148279
0.011949237351148279
0.0057138564169940675
0.0049140285197076805
0.0049140285197076805
0.004912873835903664
0.004912873835903664
0.004912873835903664
0.004912871940936814
0.004735217647499845
0.004732098102666171
0.004708196043077262
0.004708196043077262
0.004708196043077262
0.004708196043077262
0.004692510824808149
0.004687175064816973
0.004687175064816973
0.004687175064816973
0.004687175064816973
0.004687175064816973
0.004687175064816973
0.004686610622798959
0.004686483587954315
0.004686483587954315
0.004487074444736838
0.004473588007548268
0.0044520193250368045
0.0044520193250368045
0.0044520193250368045
0.004422269264052869
0.004420568742916187
0.004026303571825096
0.004026303571825096
0.004026303571825096
0.0036570716760693234
0.0036549878072923425
0.0036549878072923425
0.0036511155402132456
0.003634210754085987
0.003634169933477871
0.003634169933477871
0.003634169933477871
0.003634169933477871
0.0036323267816037452
0.0036312542449337126
0.0036086055713496767
0.0036086055713496767
0.003598287071077011
0.003568992195484011
0.003534510509405786
0.003534510509405786
0.0034559522516780516
0.003455801795038016
0.003455801795038016
0.0034557319029574485
0.0034557319029574485
0.0034557319029574485
0.0034530342979076645
0.003446799067984063
0.003446799067984063
0.0034083015452093246
0.003404199145371045
0.003404199145371045
0.003404199145371045
0.0023642391355220838
0.0023641703973340533
0.0011582049816714068
0.001157865301983696
0.001157865301983696
0.001157865301983696
0.0011360050340017969
0.00017342918598961532
0.00017342918598961532
0.00017342918598961532
0.00017291094487414949
0.00017291091029125738
0.00017229844533295235
0.00015475985903912193
0.00015475702526035473
0.00015475702526035473
0.00015401065539810688
0.00015401065539810688
0.00015401065539810688
0.00015401065539810688
0.00015370093918931627
0.00015370093918931627
0.00015370093918931627
0.0001533972650806792
0.00015101385130522615
0.00015101385130522615
0.0001508550064709402
0.0001508550064709402
0.0001508550064709402
0.0001508550064709402
0.0001501615407168977
0.00015011555341959415
0.00014920187453337785
0.00014920187453337785
0.00014919330624663107
0.00014919330624663107
0.00014919330624663107
0.00014919330624663107
0.00014919330624663107
0.0001491782767989447
0.0001491782767989447
0.0001491782767989447
0.00013781173080940068
0.00013757896372557088
0.00013757896372557088
0.00013757503687117367
0.00013751081278823296
0.00013751081278823296
0.00013749271240504068
0.00013749020317765925
0.0001374901974496856
0.00013748815676417614
0.0001353486423598671
0.00011333038689020913
0.00011333038689020913
0.00011333038689020913
0.00011332974559152831
0.00011332974559152831
0.00011332974559152831
0.00011079824056159371
0.00010830603749789613
0.00010830603749789613
0.00010830603749789613
0.00010830603749789613
0.00010830603749789613
0.00010830603749789613
0.00010830575618436811
0.00010793799511465973
0.00010712219760256048
0.00010712219760256048
0.00010712219760256048
0.0001056846141146428
0.0001056846141146428
0.0001056846141146428
0.0001056846141146428
9.794816327723943e-05
9.794816327723943e-05
9.680134394218776e-05
9.679950247887259e-05
9.560660705121293e-05
9.535538353566686e-05
9.499271927349007e-05
2.868193344696124e-05
2.8055384327485555e-05
2.8055384327485555e-05
2.8055384327485555e-05
2.8055384327485555e-05
2.8055384327485555e-05
2.805013819628943e-05
2.7965085016123936e-05
2.7965085016123936e-05
2.6983960253468275e-05
2.6983960253468275e-05
2.6983960253468275e-05
2.690204358135606e-05
2.6898451692569658e-05
2.5740622823455794e-05
2.5394640697173898e-05
2.5394640697173898e-05
2.536592004986904e-05
2.536182726342595e-05
2.5358057120006272e-05
2.5326431886796286e-05
2.53260908898989e-05
2.53260908898989e-05
2.531394291582778e-05
2.531394291582778e-05
2.531394291582778e-05
2.53058371402215e-05
2.458047317432932e-05
2.458047317432932e-05
2.38434357723305e-05
2.38434357723305e-05
2.3651917859690563e-05
2.3651917859690563e-05
2.3461860210294283e-05
2.3461860210294283e-05
2.3461811884728512e-05
2.3461811884728512e-05
2.3461811884728512e-05
2.3190198691791508e-05
2.3190198691791508e-05
2.3190198691791508e-05
2.318775937237838e-05
1.355782188672272e-05
1.3500180933379013e-05
1.3500180933379013e-05
1.3497967821352042e-05
1.3497967821352042e-05
1.3497967821352042e-05
1.3497967821352042e-05
1.3472072948217395e-05
1.3472072948217395e-05
1.3472042205919799e-05
1.3469795645426608e-05
1.346954186010052e-05
1.346954186010052e-05
1.3469516288888705e-05
1.3467169707515048e-05
1.3467169707515048e-05
1.3467169707515048e-05
1.3467169707515048e-05
1.3448795172066319e-05
1.3438244653829479e-05
1.3438244653829479e-05
1.3343152041378481e-05
1.3150391278249352e-05
1.3150325665289841e-05
1.315027685078185e-05
1.301703848144431e-05
1.301703848144431e-05
1.301703848144431e-05
1.301703848144431e-05
1.301703848144431e-05
1.301703848144431e-05
1.301703848144431e-05
1.3014921725007511e-05
1.3014921725007511e-05
1.295316440441674e-05
1.2920701776608645e-05
1.2920701776608645e-05
1.2920701776608645e-05
1.2920569546270855e-05
1.2920025257989742e-05
1.2919456894411319e-05
1.2919456894411319e-05
1.2919398467703402e-05
1.2786151799670797e-05
1.2784967795442803e-05
1.2784938151599867e-05
1.2784938151599867e-05
1.272357256043577e-05
1.272357256043577e-05
1.272357256043577e-05
1.272137193286671e-05
1.272091002391118e-05
1.0429611478013356e-05
1.0429089463581676e-05
1.0226883280561871e-05
1.0163728654588589e-05
1.0163728654588589e-05
1.0163706332777522e-05
1.016370551631951e-05
1.016370551631951e-05
1.0083473719668667e-05
1.0083473719668667e-05
1.0081591967803227e-05
1.0078686875747422e-05
1.0052080550493336e-05
1.0052079937650227e-05
1.0052079937650227e-05
9.996220372010534e-06
4.559399778392148e-06
4.555983723730783e-06
4.555471269762634e-06
3.9856703833995866e-06
3.9856703833995866e-06
3.9855129558841185e-06
3.983107294325272e-06
1.8334401280517554e-06
1.8334401280517554e-06
1.8334401280517554e-06
1.8334401280517554e-06
1.8334280849074958e-06
1.818906726125391e-06
1.818906726125391e-06
1.818906726125391e-06
1.7309455999647838e-06
1.7302796621043726e-06
7.857003178068922e-07
7.857003178068922e-07
7.857003178068922e-07
7.857003178068922e-07
7.857003178068922e-07
7.855322305960755e-07
7.68761966973841e-07
6.203462022957851e-07
6.18820198972081e-07
6.186567980126512e-07
6.16124022800868e-07
6.16124022800868e-07
6.158487044771732e-07
6.148994367016769e-07
6.141040117535468e-07
6.14035746138164e-07
6.14035746138164e-07
6.140086252770516e-07
6.126779759085821e-07
6.125823180935797e-07
6.125823180935797e-07
6.118562425605489e-07
3.124450844715909e-07
3.1244343690062237e-07
3.1244343690062237e-07
2.991791357986884e-07
2.991791357986884e-07
2.9810712731670463e-07
2.9800124068390943e-07
2.972759307606765e-07
2.684668831687276e-07
2.684668831687276e-07
2.684668831687276e-07
2.681136751503388e-07
2.681136751503388e-07
2.681136751503388e-07
2.681069843912809e-07
2.680962422063615e-07
2.6798477148481936e-07
2.6795293606163284e-07
2.6795293606163284e-07
2.6779532347198653e-07
2.6770848671198166e-07
1.3137496701620677e-07
1.3136563203897111e-07
1.3134973186890164e-07
1.2996163878398193e-07
5.596298235932551e-08
5.596298235932551e-08
5.5957161793074306e-08
5.582423046046614e-08
5.5792280795330385e-08
5.579223494311947e-08
5.5770224882678576e-08
5.5770224882678576e-08
5.5770224882678576e-08
5.566781058341519e-08
5.56653989569611e-08
5.5662629727670776e-08
5.565925698114427e-08
5.5634574169793893e-08
5.54983954348387e-08
5.54983954348387e-08
5.5489027483979214e-08
5.5489027483979214e-08
5.548016368539521e-08
5.547680603790184e-08
5.547680603790184e-08
5.547680603790184e-08
5.5472648585741524e-08
5.546339387763055e-08
5.546334369554984e-08
5.528565560908305e-08
5.528565560908305e-08
5.5272211474388655e-08
5.5272211474388655e-08
5.5272211474388655e-08
5.5272211474388655e-08
5.5272211474388655e-08
4.6087894167712307e-08
4.6087894167712307e-08
4.6087314742315755e-08
4.6087314742315755e-08
4.6087314742315755e-08
4.6087314742315755e-08
4.6087314742315755e-08
4.6087314742315755e-08
4.6087314742315755e-08
4.608701653641134e-08
4.1792100891058226e-08
4.168980238805631e-08
4.168980238805631e-08
4.071835246755029e-08
4.0717675120482966e-08
4.071762471635765e-08
4.071748582745727e-08
4.071748582745727e-08
4.071748582745727e-08
4.071368620017779e-08
4.071368620017779e-08
4.070451908866346e-08
4.070451908866346e-08
4.070439385550628e-08
4.070371739661738e-08
2.4598342807102824e-08
2.4598342807102824e-08
2.4580087076842005e-08
2.4580087076842005e-08
2.2948170030900883e-08
2.294815371062242e-08
2.294764145371886e-08
2.294760093057846e-08
2.294457979168385e-08
2.294457979168385e-08
2.290980760655259e-08
2.2904230512210688e-08
2.2904230512210688e-08
2.2904230512210688e-08
2.2903854368649945e-08
2.2903854368649945e-08
2.2903854368649945e-08
2.18385906025631e-08
2.1838490571468583e-08
2.1838480357416756e-08
2.1838480357416756e-08
2.1838480357416756e-08
2.1838480357416756e-08
2.1838466257584344e-08
2.1838466257584344e-08
2.1838466257584344e-08
2.1838466257584344e-08
2.1838466257584344e-08
2.1803854277635537e-08
2.179509350774822e-08
2.1795086402320862e-08
2.1795086402320862e-08
2.1795086402320862e-08
2.1794338112002265e-08
2.1794338112002265e-08
2.1792121218666693e-08
2.1079501810739032e-08
2.1079501810739032e-08
2.1079501810739032e-08
2.1078914058669795e-08
2.1071118960769297e-08
2.1064880062482416e-08
2.1064870403542102e-08
2.106477514640659e-08
2.1062784516523436e-08
2.1062784516523436e-08
2.1048982223881296e-08
2.102809326665067e-08
1.9126979999839477e-08
1.9126979999839477e-08
1.9126979999839477e-08
1.912587055397097e-08
1.912587055397097e-08
1.912587055397097e-08
1.9125727779290003e-08
1.9125551475873692e-08
1.9091964786888127e-08
1.9091962788486683e-08
1.8991978434357293e-08
1.8991978434357293e-08
1.8991978434357293e-08
1.895302759180595e-08
1.895302759180595e-08
1.895302681464983e-08
1.8953025926471412e-08
1.8953025926471412e-08
1.895298307186266e-08
1.8952982294706544e-08
1.8788825051352376e-08
1.8478879759697975e-08
1.8478879759697975e-08
1.8478879759697975e-08
1.8478879759697975e-08
8.993345512742223e-09
8.993345512742223e-09
8.993345512742223e-09
8.993345512742223e-09
4.058135716356048e-09
4.058135716356048e-09
4.058135716356048e-09
4.058135716356048e-09
4.058135716356048e-09
4.05787792256973e-09
4.057566949100533e-09
4.057566949100533e-09
2.8371194282783563e-09
2.837096113594839e-09
2.8341372582119106e-09
2.8341238245133127e-09
2.8341238245133127e-09
2.8341238245133127e-09
2.834123380424103e-09
2.834115497840628e-09
2.834115497840628e-09
2.834115497840628e-09
2.749800720458495e-09
2.7421271919791934e-09
2.7420594683746913e-09
2.742007287892534e-09
2.7414440717521416e-09
2.7414424064176046e-09
2.7209748898471275e-09
2.720916159049125e-09
2.720896952190799e-09
2.720894620722447e-09
2.720894620722447e-09
2.720894620722447e-09
2.71822842012881e-09
2.71822842012881e-09
2.71822842012881e-09
2.718117286804045e-09
2.717707059396446e-09
2.717707059396446e-09
2.7172215588677773e-09
2.7172215588677773e-09
2.7171949135151863e-09
2.7171949135151863e-09
2.7076815234394758e-09
2.6652036133612e-09
2.6652036133612e-09
2.656328601524649e-09
2.656328601524649e-09
2.656328601524649e-09
2.656328601524649e-09
2.6563263810785998e-09
2.6563258259670874e-09
1.1506102737257606e-09
1.1506102737257606e-09
1.1506102737257606e-09
1.1506096075919459e-09
1.150604611588335e-09
1.150604611588335e-09
1.1506026131868907e-09
1.1505730812544357e-09
1.150504247426909e-09
1.150504247426909e-09
1.150504247426909e-09
1.150504247426909e-09
1.150503803337699e-09
1.150503803337699e-09
1.1505018049362548e-09
1.1505018049362548e-09
1.1505018049362548e-09
1.1442838898645391e-09
1.1442838898645391e-09
1.1442838898645391e-09
1.1442821135076997e-09
1.1442821135076997e-09
1.1442821135076997e-09
1.1442821135076997e-09
1.1442821135076997e-09
1.1381261488807581e-09
1.138125371724641e-09
1.138125371724641e-09
1.138125371724641e-09
1.138125371724641e-09
1.1381247055908261e-09
1.135671001684102e-09
1.135660898654578e-09
1.135660898654578e-09
1.135660898654578e-09
1.1356598994538558e-09
1.1356598994538558e-09
1.1356598994538558e-09
4.210458648401527e-10
4.210458648401527e-10
4.210458648401527e-10
4.205480408359108e-10
2.3529567183544486e-10
2.025534184824096e-10
2.025534184824096e-10
2.0255142008096527e-10
2.0255142008096527e-10
2.0255142008096527e-10
2.0255142008096527e-10
1.1544887268399862e-10
1.1537470978595366e-10
1.0422662732878507e-10
1.0416212337105435e-10
1.040600938750913e-10
1.040600938750913e-10
1.040600938750913e-10
1.0400080796557631e-10
1.0395828642373317e-10
1.0395828642373317e-10
1.0395828642373317e-10
1.0395828642373317e-10
1.0395706517840608e-10
1.0395706517840608e-10
1.0395706517840608e-10
1.0395706517840608e-10
1.0395706517840608e-10
1.0383638393562933e-10
1.0383582882411702e-10
1.0383582882411702e-10
1.0383582882411702e-10
1.0383582882411702e-10
1.0383582882411702e-10
1.038219510363092e-10
1.038219510363092e-10
1.0381373538592698e-10
1.0381373538592698e-10
1.0381373538592698e-10
1.0381373538592698e-10
1.0381373538592698e-10
8.08837441468313e-11
6.79405420811463e-11
6.79369893674675e-11
6.792666429333849e-11
6.792666429333849e-11
6.792666429333849e-11
6.792666429333849e-11
6.792666429333849e-11
6.792666429333849e-11
6.792377771347446e-11
6.792377771347446e-11
6.792377771347446e-11
6.792377771347446e-11
6.792355566886954e-11
6.792355566886954e-11
6.792211237893753e-11
6.792211237893753e-11
6.791778250914149e-11
9.969691738831443e-12
9.969691738831443e-12
9.969691738831443e-12
9.969691738831443e-12
9.969358671924056e-12
9.969358671924056e-12
9.969358671924056e-12
9.969358671924056e-12
9.969358671924056e-12
9.969358671924056e-12
8.860578937230912e-12
8.860578937230912e-12
8.856915201249649e-12
8.856915201249649e-12
8.856915201249649e-12
8.856915201249649e-12
8.856915201249649e-12
8.856915201249649e-12
8.856915201249649e-12
8.856915201249649e-12
8.856915201249649e-12
8.854472710595473e-12
8.832934383917745e-12
8.832934383917745e-12
8.82915962563402e-12
8.82915962563402e-12
8.757106151335847e-12
8.757106151335847e-12
8.757106151335847e-12
8.757106151335847e-12
8.732903289399019e-12
8.732903289399019e-12
8.732792267096556e-12
8.732681244794094e-12
8.732681244794094e-12
8.732681244794094e-12
8.732015110979319e-12
8.732015110979319e-12
8.731348977164544e-12
5.597300400950189e-12
5.591638263524601e-12
5.591638263524601e-12
5.591638263524601e-12
5.591638263524601e-12
5.570321981451798e-12
5.570321981451798e-12
5.569433803032098e-12
5.113243162213621e-12
5.0888182556718675e-12
5.0885962110669425e-12
5.0885962110669425e-12
5.0885962110669425e-12
5.0885962110669425e-12
5.0885962110669425e-12
5.08848518876448e-12
5.066613795179364e-12
5.066613795179364e-12
5.066280728271977e-12
5.066280728271977e-12
5.066280728271977e-12
5.004330283497893e-12
5.004330283497893e-12
5.004330283497893e-12
5.004330283497893e-12
5.003664149683118e-12
5.003664149683118e-12
5.003664149683118e-12
5.003664149683118e-12
5.003664149683118e-12
5.003664149683118e-12
5.003664149683118e-12
5.003664149683118e-12
5.003664149683118e-12
5.003664149683118e-12
5.003664149683118e-12
5.003664149683118e-12
5.003664149683118e-12
5.003664149683118e-12
5.003664149683118e-12
4.994893387788579e-12
4.994893387788579e-12
4.987676938128516e-12
4.987676938128516e-12
4.987676938128516e-12
4.98390217984479e-12
4.983680135239865e-12
4.983680135239865e-12
4.983680135239865e-12
4.983680135239865e-12
4.983680135239865e-12
4.983680135239865e-12
4.972355860388689e-12
4.972355860388689e-12
4.969469280524663e-12
4.968914169012351e-12
4.968914169012351e-12
4.968914169012351e-12
4.9686921244074256e-12
4.9686921244074256e-12
4.9606985186301245e-12
4.9606985186301245e-12
4.957145804951324e-12
4.957145804951324e-12
4.956701715741474e-12
4.943601084050897e-12
4.943379039445972e-12
4.9432680171435095e-12
4.9432680171435095e-12
4.9432680171435095e-12
4.9432680171435095e-12
4.941269615699184e-12
4.941158593396722e-12
4.941158593396722e-12
4.940825526489334e-12
4.940825526489334e-12
4.940825526489334e-12
4.940825526489334e-12
4.940714504186872e-12
4.9368287236006836e-12
4.9368287236006836e-12
4.9368287236006836e-12
4.9368287236006836e-12
4.9368287236006836e-12
4.9368287236006836e-12
4.9368287236006836e-12
4.9368287236006836e-12
4.9366066789957586e-12
4.9366066789957586e-12
4.9366066789957586e-12
4.9366066789957586e-12
4.936051567483446e-12
4.936051567483446e-12
4.936051567483446e-12
4.936051567483446e-12
4.936051567483446e-12
4.936051567483446e-12
4.936051567483446e-12
4.936051567483446e-12
1.4988010832439613e-14
1.4988010832439613e-14
1.4988010832439613e-14
1.4765966227514582e-14
1.4765966227514582e-14
1.4765966227514582e-14
1.4765966227514582e-14
1.4765966227514582e-14
1.4765966227514582e-14
1.4765966227514582e-14
1.4765966227514582e-14
1.4765966227514582e-14
1.4765966227514582e-14
1.4765966227514582e-14
1.4765966227514582e-14
1.4765966227514582e-14
1.3322676295501878e-14
1.3322676295501878e-14
1.3322676295501878e-14
1.3322676295501878e-14
1.3322676295501878e-14
1.2656542480726785e-14
1.1435297153639112e-14
1.1435297153639112e-14
1.1435297153639112e-14
1.1435297153639112e-14
1.1435297153639112e-14
1.0103029524088925e-14
9.992007221626409e-15
9.992007221626409e-15
9.992007221626409e-15
9.992007221626409e-15
9.992007221626409e-15
9.992007221626409e-15
9.992007221626409e-15
9.992007221626409e-15
9.769962616701378e-15
9.769962616701378e-15
9.769962616701378e-15
9.769962616701378e-15
9.769962616701378e-15
9.769962616701378e-15
9.769962616701378e-15
9.769962616701378e-15
9.769962616701378e-15
9.547918011776346e-15
9.547918011776346e-15
9.547918011776346e-15
9.547918011776346e-15
9.547918011776346e-15
9.547918011776346e-15
9.547918011776346e-15
9.547918011776346e-15
9.547918011776346e-15
9.547918011776346e-15
9.547918011776346e-15
9.547918011776346e-15
9.547918011776346e-15
9.547918011776346e-15
9.547918011776346e-15
9.547918011776346e-15
9.547918011776346e-15
9.547918011776346e-15
9.547918011776346e-15
9.547918011776346e-15
9.547918011776346e-15
9.547918011776346e-15
9.547918011776346e-15
9.547918011776346e-15
9.547918011776346e-15
9.547918011776346e-15
9.547918011776346e-15
9.547918011776346e-15
9.547918011776346e-15
9.547918011776346e-15
9.325873406851315e-15
9.325873406851315e-15
9.325873406851315e-15
9.325873406851315e-15
9.325873406851315e-15
9.325873406851315e-15
9.325873406851315e-15
9.325873406851315e-15
9.325873406851315e-15
9.325873406851315e-15
9.325873406851315e-15
9.325873406851315e-15
5.662137425588298e-15
5.662137425588298e-15
5.662137425588298e-15
5.662137425588298e-15
5.662137425588298e-15
5.662137425588298e-15
5.662137425588298e-15
5.662137425588298e-15
5.662137425588298e-15
5.662137425588298e-15
5.662137425588298e-15
5.662137425588298e-15
5.662137425588298e-15
5.551115123125783e-15
5.551115123125783e-15
5.551115123125783e-15
5.551115123125783e-15
5.551115123125783e-15
5.551115123125783e-15
5.551115123125783e-15
5.551115123125783e-15
5.551115123125783e-15
5.551115123125783e-15
5.551115123125783e-15
5.551115123125783e-15
5.551115123125783e-15
5.551115123125783e-15
5.551115123125783e-15
5.551115123125783e-15
5.551115123125783e-15
5.551115123125783e-15
5.551115123125783e-15
5.551115123125783e-15
5.551115123125783e-15
5.440092820663267e-15
5.440092820663267e-15
5.440092820663267e-15
5.440092820663267e-15
5.440092820663267e-15
5.440092820663267e-15
5.440092820663267e-15
5.440092820663267e-15
5.440092820663267e-15
5.440092820663267e-15
5.440092820663267e-15
5.440092820663267e-15
5.440092820663267e-15
5.440092820663267e-15
5.440092820663267e-15
5.440092820663267e-15
5.440092820663267e-15
5.440092820663267e-15
5.440092820663267e-15
5.440092820663267e-15
5.440092820663267e-15
5.440092820663267e-15
5.440092820663267e-15
5.440092820663267e-15
5.440092820663267e-15
5.440092820663267e-15
5.440092820663267e-15
5.440092820663267e-15
5.440092820663267e-15
5.440092820663267e-15
5.440092820663267e-15
5.440092820663267e-15
5.440092820663267e-15
5.440092820663267e-15
5.440092820663267e-15
5.440092820663267e-15
5.440092820663267e-15
5.440092820663267e-15
5.440092820663267e-15
5.440092820663267e-15
5.440092820663267e-15
5.440092820663267e-15
5.440092820663267e-15
5.440092820663267e-15
5.440092820663267e-15
5.440092820663267e-15
5.440092820663267e-15
5.440092820663267e-15
5.440092820663267e-15
5.440092820663267e-15
5.440092820663267e-15
5.440092820663267e-15
5.440092820663267e-15
5.440092820663267e-15
5.440092820663267e-15
5.440092820663267e-15
5.440092820663267e-15
5.440092820663267e-15
5.440092820663267e-15
5.440092820663267e-15
5.440092820663267e-15
5.440092820663267e-15
5.440092820663267e-15
5.440092820663267e-15
5.440092820663267e-15
5.440092820663267e-15
5.440092820663267e-15
5.440092820663267e-15
5.440092820663267e-15
5.440092820663267e-15
5.440092820663267e-15
5.440092820663267e-15
5.440092820663267e-15
5.440092820663267e-15
5.440092820663267e-15
5.440092820663267e-15
5.440092820663267e-15
5.440092820663267e-15
5.440092820663267e-15
5.440092820663267e-15
5.440092820663267e-15
5.440092820663267e-15
5.440092820663267e-15
5.440092820663267e-15
5.440092820663267e-15
5.440092820663267e-15
5.440092820663267e-15
5.440092820663267e-15
5.440092820663267e-15
5.440092820663267e-15
5.440092820663267e-15
5.440092820663267e-15
5.440092820663267e-15
5.440092820663267e-15
5.440092820663267e-15
5.440092820663267e-15
5.440092820663267e-15
5.440092820663267e-15
5.440092820663267e-15
5.440092820663267e-15
5.440092820663267e-15
5.440092820663267e-15
5.440092820663267e-15
5.440092820663267e-15
5.440092820663267e-15
5.440092820663267e-15
5.440092820663267e-15
5.440092820663267e-15
5.440092820663267e-15
5.440092820663267e-15
5.440092820663267e-15
5.440092820663267e-15
5.440092820663267e-15
5.440092820663267e-15
5.440092820663267e-15
5.440092820663267e-15
5.440092820663267e-15
5.440092820663267e-15
5.440092820663267e-15
5.440092820663267e-15
5.440092820663267e-15
5.440092820663267e-15
5.440092820663267e-15
5.440092820663267e-15
5.440092820663267e-15
5.440092820663267e-15
5.440092820663267e-15
5.440092820663267e-15
5.440092820663267e-15
5.440092820663267e-15
5.440092820663267e-15
5.440092820663267e-15
5.440092820663267e-15
5.440092820663267e-15
5.440092820663267e-15
5.440092820663267e-15
5.440092820663267e-15
5.440092820663267e-15
5.440092820663267e-15
5.440092820663267e-15
5.440092820663267e-15
5.440092820663267e-15
5.440092820663267e-15
5.440092820663267e-15
5.440092820663267e-15
5.440092820663267e-15
5.440092820663267e-15
5.440092820663267e-15
5.440092820663267e-15
5.440092820663267e-15
5.440092820663267e-15
5.440092820663267e-15
5.440092820663267e-15
5.440092820663267e-15
5.440092820663267e-15
5.440092820663267e-15
5.440092820663267e-15
5.440092820663267e-15
5.440092820663267e-15
5.440092820663267e-15
5.440092820663267e-15
5.440092820663267e-15
5.440092820663267e-15
5.440092820663267e-15
5.440092820663267e-15
5.440092820663267e-15
5.440092820663267e-15
5.440092820663267e-15
5.440092820663267e-15
5.440092820663267e-15
5.440092820663267e-15
5.440092820663267e-15
5.440092820663267e-15
5.440092820663267e-15
5.440092820663267e-15
5.440092820663267e-15
5.440092820663267e-15
5.440092820663267e-15
5.440092820663267e-15
5.440092820663267e-15
5.440092820663267e-15
5.440092820663267e-15
5.440092820663267e-15
5.440092820663267e-15
5.440092820663267e-15
4.9960036108132044e-15
4.9960036108132044e-15
4.9960036108132044e-15
4.9960036108132044e-15
4.9960036108132044e-15
4.9960036108132044e-15
4.9960036108132044e-15
4.9960036108132044e-15
4.9960036108132044e-15
4.9960036108132044e-15
4.9960036108132044e-15
4.9960036108132044e-15
4.9960036108132044e-15
4.9960036108132044e-15
4.9960036108132044e-15
4.9960036108132044e-15
4.9960036108132044e-15
4.9960036108132044e-15
4.9960036108132044e-15
4.9960036108132044e-15
4.9960036108132044e-15
4.9960036108132044e-15
4.9960036108132044e-15
4.9960036108132044e-15
4.9960036108132044e-15
4.9960036108132044e-15
4.9960036108132044e-15
4.9960036108132044e-15
4.9960036108132044e-15
4.9960036108132044e-15
4.9960036108132044e-15
4.9960036108132044e-15
4.9960036108132044e-15
4.9960036108132044e-15
4.9960036108132044e-15
4.9960036108132044e-15
4.9960036108132044e-15
4.9960036108132044e-15
4.9960036108132044e-15
4.9960036108132044e-15
4.9960036108132044e-15
4.9960036108132044e-15
4.9960036108132044e-15
4.9960036108132044e-15
4.9960036108132044e-15
4.9960036108132044e-15
4.9960036108132044e-15
4.9960036108132044e-15
4.9960036108132044e-15
4.9960036108132044e-15
4.9960036108132044e-15
4.9960036108132044e-15
4.9960036108132044e-15
4.9960036108132044e-15
4.9960036108132044e-15
4.9960036108132044e-15
4.9960036108132044e-15
4.9960036108132044e-15
4.9960036108132044e-15
4.9960036108132044e-15
4.9960036108132044e-15
4.9960036108132044e-15
4.9960036108132044e-15
4.9960036108132044e-15
4.9960036108132044e-15
4.9960036108132044e-15
4.9960036108132044e-15
4.9960036108132044e-15
4.9960036108132044e-15
4.9960036108132044e-15
4.9960036108132044e-15
4.9960036108132044e-15
4.9960036108132044e-15
4.9960036108132044e-15
4.9960036108132044e-15
4.9960036108132044e-15
6.661338147750939e-16
6.661338147750939e-16
6.661338147750939e-16
6.661338147750939e-16
6.661338147750939e-16
6.661338147750939e-16
6.661338147750939e-16
6.661338147750939e-16
6.661338147750939e-16
6.661338147750939e-16
6.661338147750939e-16
6.661338147750939e-16
6.661338147750939e-16
6.661338147750939e-16
5.551115123125783e-16
5.551115123125783e-16
5.551115123125783e-16
5.551115123125783e-16
5.551115123125783e-16
5.551115123125783e-16
5.551115123125783e-16
5.551115123125783e-16
5.551115123125783e-16
5.551115123125783e-16
5.551115123125783e-16
5.551115123125783e-16
5.551115123125783e-16
5.551115123125783e-16
5.551115123125783e-16
5.551115123125783e-16
5.551115123125783e-16
5.551115123125783e-16
5.551115123125783e-16
5.551115123125783e-16
5.551115123125783e-16
5.551115123125783e-16
5.551115123125783e-16
5.551115123125783e-16
5.551115123125783e-16
5.551115123125783e-16
5.551115123125783e-16
5.551115123125783e-16
5.551115123125783e-16
5.551115123125783e-16
5.551115123125783e-16
5.551115123125783e-16
5.551115123125783e-16
5.551115123125783e-16
5.551115123125783e-16
5.551115123125783e-16
5.551115123125783e-16
5.551115123125783e-16
5.551115123125783e-16
5.551115123125783e-16
5.551115123125783e-16
5.551115123125783e-16
5.551115123125783e-16
5.551115123125783e-16
5.551115123125783e-16
5.551115123125783e-16
5.551115123125783e-16
5.551115123125783e-16
5.551115123125783e-16
5.551115123125783e-16
5.551115123125783e-16
5.551115123125783e-16
5.551115123125783e-16
5.551115123125783e-16
5.551115123125783e-16
5.551115123125783e-16
5.551115123125783e-16
5.551115123125783e-16
5.551115123125783e-16
5.551115123125783e-16
5.551115123125783e-16
5.551115123125783e-16
5.551115123125783e-16
5.551115123125783e-16
5.551115123125783e-16
5.551115123125783e-16
5.551115123125783e-16
5.551115123125783e-16
5.551115123125783e-16
5.551115123125783e-16
5.551115123125783e-16
5.551115123125783e-16
5.551115123125783e-16
5.551115123125783e-16
5.551115123125783e-16
5.551115123125783e-16
5.551115123125783e-16
5.551115123125783e-16
5.551115123125783e-16
5.551115123125783e-16
5.551115123125783e-16
5.551115123125783e-16
5.551115123125783e-16
5.551115123125783e-16
5.551115123125783e-16
5.551115123125783e-16
5.551115123125783e-16
5.551115123125783e-16
5.551115123125783e-16
5.551115123125783e-16
5.551115123125783e-16
5.551115123125783e-16
5.551115123125783e-16
5.551115123125783e-16
5.551115123125783e-16
5.551115123125783e-16
5.551115123125783e-16
5.551115123125783e-16
5.551115123125783e-16
5.551115123125783e-16
5.551115123125783e-16
5.551115123125783e-16
5.551115123125783e-16
5.551115123125783e-16
5.551115123125783e-16
5.551115123125783e-16
5.551115123125783e-16
5.551115123125783e-16
5.551115123125783e-16
5.551115123125783e-16
5.551115123125783e-16
5.551115123125783e-16
5.551115123125783e-16
5.551115123125783e-16
5.551115123125783e-16
5.551115123125783e-16
5.551115123125783e-16
5.551115123125783e-16
5.551115123125783e-16
5.551115123125783e-16
5.551115123125783e-16
5.551115123125783e-16
5.551115123125783e-16
5.551115123125783e-16
5.551115123125783e-16
5.551115123125783e-16
5.551115123125783e-16
5.551115123125783e-16
5.551115123125783e-16
5.551115123125783e-16
5.551115123125783e-16
5.551115123125783e-16
5.551115123125783e-16
5.551115123125783e-16
5.551115123125783e-16
5.551115123125783e-16
5.551115123125783e-16
5.551115123125783e-16
5.551115123125783e-16
5.551115123125783e-16
5.551115123125783e-16
5.551115123125783e-16
5.551115123125783e-16
5.551115123125783e-16
5.551115123125783e-16
5.551115123125783e-16
5.551115123125783e-16
5.551115123125783e-16
5.551115123125783e-16
5.551115123125783e-16
5.551115123125783e-16
5.551115123125783e-16
5.551115123125783e-16
5.551115123125783e-16
5.551115123125783e-16
5.551115123125783e-16
5.551115123125783e-16
5.551115123125783e-16
5.551115123125783e-16
5.551115123125783e-16
5.551115123125783e-16
5.551115123125783e-16
5.551115123125783e-16
5.551115123125783e-16
5.551115123125783e-16
5.551115123125783e-16
5.551115123125783e-16
5.551115123125783e-16
5.551115123125783e-16
5.551115123125783e-16
5.551115123125783e-16
4.440892098500626e-16
4.440892098500626e-16
4.440892098500626e-16
4.440892098500626e-16
4.440892098500626e-16
4.440892098500626e-16
4.440892098500626e-16
4.440892098500626e-16
4.440892098500626e-16
4.440892098500626e-16
4.440892098500626e-16
4.440892098500626e-16
4.440892098500626e-16
4.440892098500626e-16
4.440892098500626e-16
4.440892098500626e-16
4.440892098500626e-16
4.440892098500626e-16
4.440892098500626e-16
4.440892098500626e-16
4.440892098500626e-16
4.440892098500626e-16
4.440892098500626e-16
4.440892098500626e-16
4.440892098500626e-16
4.440892098500626e-16
4.440892098500626e-16
4.440892098500626e-16
4.440892098500626e-16
4.440892098500626e-16
4.440892098500626e-16
4.440892098500626e-16
4.440892098500626e-16
4.440892098500626e-16
4.440892098500626e-16
4.440892098500626e-16
4.440892098500626e-16
4.440892098500626e-16
4.440892098500626e-16
4.440892098500626e-16
4.440892098500626e-16
0.0
0.0
0.0
0.0
0.0
0.0
0.0
0.0
0.0
0.0
0.0
0.0
0.0
0.0
0.0
0.0
0.0
0.0
0.0
0.0
0.0
0.0
0.0
0.0
0.0
0.0
0.0
0.0
0.0
0.0
0.0
0.0
0.0
0.0
0.0
0.0
0.0
0.0
0.0
0.0
0.0
0.0
0.0
0.0
0.0
0.0
0.0
0.0
0.0
0.0
0.0
0.0
0.0
0.0
0.0
0.0
0.0
0.0
0.0
0.0
0.0
0.0
0.0
0.0
0.0
0.0
0.0
0.0
0.0
0.0
0.0
0.0
0.0
0.0
0.0
0.0
0.0
0.0
0.0
0.0
0.0
0.0
0.0
0.0
0.0
0.0
0.0
0.0
0.0
0.0
0.0
0.0
0.0
0.0
0.0
0.0
0.0
0.0
0.0
0.0
0.0
0.0
0.0
0.0
0.0
0.0
0.0
0.0
0.0
0.0
0.0
0.0
0.0
0.0
0.0
0.0
0.0
0.0
0.0
0.0
0.0
0.0
0.0
0.0
0.0
0.0
0.0
0.0
0.0
0.0
0.0
0.0
0.0
0.0
0.0
0.0
0.0
0.0
0.0
0.0
0.0
0.0
0.0
0.0
0.0
0.0
0.0
0.0
0.0
0.0
0.0
0.0
0.0
0.0
0.0
0.0
0.0
0.0
0.0
0.0
0.0
0.0
0.0
0.0
0.0
0.0
0.0
0.0
0.0
0.0
0.0
0.0
0.0
0.0
0.0
0.0
0.0
0.0
0.0
0.0
0.0
0.0
0.0
0.0
0.0
0.0
0.0
0.0
0.0
0.0
0.0
0.0
0.0
0.0
0.0
0.0
0.0
0.0
0.0
0.0
0.0
0.0
0.0
0.0
0.0
0.0
0.0
0.0
0.0
0.0
0.0
0.0
0.0
0.0
0.0
0.0
0.0
0.0
0.0
0.0
0.0
0.0
0.0
0.0
0.0
0.0
0.0
0.0
0.0
0.0
0.0
0.0
0.0
0.0
0.0
0.0
0.0
0.0
0.0
0.0
0.0
0.0
0.0
0.0
0.0
0.0
0.0
0.0
0.0
0.0
0.0
0.0
0.0
0.0
0.0
0.0
0.0
0.0
0.0
0.0
0.0
0.0
0.0
0.0
0.0
0.0
0.0
0.0
0.0
0.0
0.0
0.0
0.0
0.0
0.0
0.0
0.0
0.0
0.0
0.0
0.0
0.0
0.0
0.0
0.0
0.0
0.0
0.0
0.0
0.0
0.0
0.0
0.0
0.0
0.0
0.0
0.0
0.0
0.0
0.0
0.0
0.0
0.0
0.0
0.0
0.0
0.0
0.0
0.0
0.0
0.0
0.0
0.0
0.0
0.0
0.0
0.0
0.0
0.0
0.0
0.0
0.0
0.0
0.0
0.0
0.0
0.0
0.0
0.0
0.0
0.0
0.0
0.0
0.0
0.0
0.0
0.0
0.0
0.0
0.0
0.0
0.0
0.0
0.0
0.0
0.0
0.0
0.0
0.0
0.0
0.0
0.0
0.0
0.0
0.0
0.0
0.0
0.0
0.0
0.0
0.0
0.0
0.0
0.0
0.0
0.0
0.0
0.0
0.0
0.0
0.0
0.0
0.0
0.0
0.0
0.0
0.0
0.0
0.0
0.0
0.0
0.0
0.0
0.0
0.0
0.0
0.0
0.0
0.0
0.0
0.0
0.0
0.0
0.0
0.0
0.0
0.0
0.0
0.0
0.0
0.0
0.0
0.0
0.0
0.0
0.0
0.0
0.0
0.0
0.0
0.0
0.0
0.0
0.0
0.0
0.0
0.0
0.0
0.0
0.0
0.0
0.0
0.0
0.0
0.0
0.0
0.0
0.0
0.0
0.0
0.0
0.0
0.0
0.0
0.0
0.0
0.0
0.0
0.0
0.0
0.0
0.0
0.0
0.0
0.0
0.0
0.0
0.0
0.0
0.0
0.0
0.0
0.0
0.0
0.0
0.0
0.0
0.0
0.0
0.0
0.0
0.0
0.0
0.0
0.0
0.0
0.0
0.0
0.0
0.0
0.0
0.0
0.0
0.0
0.0
0.0
0.0
0.0
0.0
0.0
0.0
0.0
0.0
0.0
0.0
0.0
0.0
0.0
0.0
0.0
0.0
0.0
0.0
0.0
0.0
0.0
0.0
0.0
0.0
0.0
0.0
0.0
0.0
0.0
0.0
0.0
0.0
0.0
0.0
0.0
0.0
0.0
0.0
0.0
0.0
0.0
0.0
0.0
0.0
0.0
0.0
0.0
0.0
0.0
0.0
0.0
0.0
0.0
0.0
0.0
0.0
0.0
0.0
0.0
0.0
0.0
0.0
0.0
0.0
0.0
0.0
0.0
0.0
0.0
0.0
0.0
0.0
0.0
0.0
0.0
0.0
0.0
0.0
0.0
0.0
0.0
0.0
0.0
0.0
0.0
0.0
0.0
0.0
0.0
0.0
0.0
0.0
0.0
0.0
0.0
0.0
0.0
0.0
0.0
0.0
0.0
0.0
0.0
0.0
0.0
0.0
0.0
0.0
0.0
0.0
0.0
0.0
0.0
0.0
0.0
0.0
0.0
0.0
0.0
0.0
0.0
0.0
0.0
0.0
0.0
0.0
0.0
0.0
0.0
0.0
0.0
0.0
0.0
0.0
0.0
0.0
0.0
0.0
0.0
0.0
0.0
0.0
0.0
0.0
0.0
0.0
0.0
0.0
0.0
0.0
0.0
0.0
0.0
0.0
0.0
0.0
0.0
0.0
0.0
0.0
0.0
0.0
0.0
0.0
0.0
0.0
0.0
0.0
0.0
0.0
0.0
0.0
0.0
0.0
0.0
0.0
0.0
0.0
0.0
0.0
0.0
0.0
0.0
0.0
0.0
0.0
0.0
0.0
0.0
0.0
0.0
0.0
0.0
0.0
0.0
0.0
0.0
0.0
0.0
0.0
0.0
0.0
0.0
0.0
0.0
0.0
0.0
0.0
0.0
0.0
0.0
0.0
0.0
0.0
0.0
0.0
0.0
0.0
0.0
0.0
0.0
0.0
0.0
0.0
0.0
0.0
0.0
0.0
0.0
0.0
0.0
0.0
0.0
0.0
0.0
0.0
0.0
0.0
0.0
0.0
0.0
0.0
0.0
0.0
0.0
0.0
0.0
0.0
0.0
0.0
0.0
0.0
0.0
0.0
0.0
0.0
0.0
0.0
0.0
0.0
0.0
0.0
0.0
0.0
0.0
0.0
0.0
0.0
0.0
0.0
0.0
0.0
0.0
0.0
0.0
0.0
0.0
0.0
0.0
0.0
0.0
0.0
0.0
0.0
0.0
0.0
0.0
0.0
0.0
0.0
0.0
0.0
0.0
0.0
0.0
0.0
0.0
0.0
0.0
0.0
0.0
0.0
0.0
0.0
0.0
0.0
0.0
0.0
0.0
0.0
0.0
0.0
0.0
0.0
0.0
0.0
0.0
0.0
0.0
0.0
0.0
0.0
0.0
0.0
0.0
0.0
0.0
0.0
0.0
0.0
0.0
0.0
0.0
0.0
0.0
0.0
0.0
0.0
0.0
0.0
0.0
0.0
0.0
0.0
0.0
0.0
0.0
0.0
0.0
0.0
0.0
0.0
0.0
0.0
0.0
0.0
0.0
0.0
0.0
0.0
0.0
0.0
0.0
0.0
0.0
0.0
0.0
0.0
0.0
0.0
0.0
0.0
0.0
0.0
0.0
0.0
0.0
0.0
0.0
0.0
0.0
0.0
0.0
0.0
0.0
0.0
0.0
0.0
0.0
0.0
0.0
0.0
0.0
0.0
0.0
0.0
0.0
0.0
0.0
0.0
0.0
0.0
0.0
0.0
0.0
0.0
0.0
0.0
0.0
0.0
0.0
0.0
0.0
0.0
0.0
0.0
0.0
0.0
0.0
0.0
0.0
0.0
0.0
0.0
0.0
0.0
0.0
0.0
0.0
0.0
0.0
0.0
0.0
0.0
0.0
0.0
0.0
0.0
0.0
0.0
0.0
0.0
0.0
0.0
0.0
0.0
0.0
0.0
0.0
0.0
0.0
0.0
0.0
0.0
0.0
0.0
0.0
0.0
0.0
0.0
0.0
0.0
0.0
0.0
0.0
0.0
0.0
0.0
0.0
0.0
0.0
0.0
0.0
0.0
0.0
0.0
0.0
0.0
0.0
0.0
0.0
0.0
0.0
0.0
0.0
0.0
0.0
0.0
0.0
0.0
0.0
0.0
0.0
0.0
0.0
0.0
0.0
0.0
0.0
0.0
0.0
0.0
0.0
0.0
0.0
0.0
0.0
0.0
0.0
0.0
0.0
0.0
0.0
0.0
0.0
0.0
0.0
0.0
0.0
0.0
0.0
0.0
0.0
0.0
0.0
0.0
0.0
0.0
0.0
0.0
0.0
0.0
0.0
0.0
0.0
0.0
0.0
0.0
0.0
0.0
0.0
0.0
0.0
0.0
0.0
0.0
0.0
0.0
0.0
0.0
0.0
0.0
0.0
0.0
0.0
0.0
0.0
0.0
0.0
0.0
0.0
0.0
0.0
0.0
0.0
0.0
0.0
0.0
0.0
0.0
0.0
0.0
0.0
0.0
0.0
0.0
0.0
0.0
0.0
0.0
0.0
0.0
0.0
0.0
0.0
0.0
0.0
0.0
0.0
0.0
0.0
0.0
0.0
0.0
0.0
0.0
0.0
0.0
0.0
0.0
0.0
0.0
0.0
0.0
0.0
0.0
0.0
0.0
0.0
0.0
0.0
0.0
0.0
0.0
0.0
0.0
0.0
0.0
0.0
0.0
0.0
0.0
0.0
0.0
0.0
0.0
0.0
0.0
0.0
0.0
0.0
0.0
0.0
0.0
0.0
0.0
0.0
0.0
0.0
0.0
0.0
0.0
0.0
0.0
0.0
0.0
0.0
0.0
0.0
0.0
0.0
0.0
0.0
0.0
0.0
0.0
0.0
0.0
0.0
0.0
0.0
0.0
0.0
0.0
0.0
0.0
0.0
0.0
0.0
0.0
0.0
0.0
0.0
0.0
0.0
0.0
0.0
0.0
0.0
0.0
0.0
0.0
0.0
0.0
0.0
0.0
0.0
0.0
0.0
0.0
0.0
0.0
0.0
0.0
0.0
0.0
0.0
0.0
0.0
0.0
0.0
0.0
0.0
0.0
0.0
0.0
0.0
0.0
0.0
0.0
0.0
0.0
0.0
0.0
0.0
0.0
0.0
0.0
0.0
0.0
0.0
0.0
0.0
0.0
0.0
0.0
0.0
0.0
0.0
0.0
0.0
0.0
0.0
0.0
0.0
0.0
0.0
0.0
0.0
0.0
0.0
0.0
0.0
0.0
0.0
0.0
0.0
0.0
0.0
0.0
0.0
0.0
0.0
0.0
0.0
0.0
0.0
0.0
0.0
0.0
0.0
0.0
0.0
0.0
0.0
0.0
0.0
0.0
0.0
0.0
0.0
0.0
0.0
0.0
0.0
0.0
0.0
0.0
0.0
0.0
0.0
0.0
0.0
0.0
0.0
0.0
0.0
0.0
0.0
0.0
0.0
0.0
0.0
0.0
0.0
0.0
0.0
0.0
0.0
0.0
0.0
0.0
0.0
0.0
0.0
0.0
0.0
0.0
0.0
0.0
0.0
0.0
0.0
0.0
0.0
0.0
0.0
0.0
0.0
0.0
0.0
0.0
0.0
0.0
0.0
0.0
0.0
0.0
0.0
0.0
0.0
0.0
0.0
0.0
0.0
0.0
0.0
0.0
0.0
0.0
0.0
0.0
0.0
0.0
0.0
0.0
0.0
0.0
0.0
0.0
0.0
0.0
0.0
0.0
0.0
0.0
0.0
0.0
0.0
0.0
0.0
0.0
0.0
0.0
0.0
0.0
0.0
0.0
0.0
0.0
0.0
0.0
0.0
0.0
0.0
0.0
0.0
0.0
0.0
0.0
0.0
0.0
0.0
0.0
0.0
0.0
0.0
0.0
0.0
0.0
0.0
0.0
0.0
0.0
0.0
0.0
0.0
0.0
0.0
0.0
0.0
0.0
0.0
0.0
0.0
0.0
0.0
0.0
0.0
0.0
0.0
0.0
0.0
0.0
0.0
0.0
0.0
0.0
0.0
0.0
0.0
0.0
0.0
0.0
0.0
0.0
0.0
0.0
0.0
0.0
0.0
0.0
0.0
0.0
0.0
0.0
0.0
0.0
0.0
0.0
0.0
0.0
0.0
0.0
0.0
0.0
0.0
0.0
0.0
0.0
0.0
0.0
0.0
0.0
0.0
0.0
0.0
0.0
0.0
0.0
0.0
0.0
0.0
0.0
0.0
0.0
0.0
0.0
0.0
0.0
0.0
0.0
0.0
0.0
0.0
0.0
0.0
0.0
0.0
0.0
0.0
0.0
0.0
0.0
0.0
0.0
0.0
0.0
0.0
0.0
0.0
0.0
0.0
0.0
0.0
0.0
0.0
0.0
0.0
0.0
0.0
0.0
0.0
0.0
0.0
0.0
0.0
0.0
0.0
0.0
0.0
0.0
0.0
0.0
0.0
0.0
0.0
0.0
0.0
0.0
0.0
0.0
0.0
0.0
0.0
0.0
0.0
0.0
0.0
0.0
0.0
0.0
0.0
0.0
0.0
0.0
0.0
0.0
0.0
0.0
0.0
0.0
0.0
0.0
0.0
0.0
0.0
0.0
0.0
0.0
0.0
0.0
0.0
0.0
0.0
0.0
0.0
0.0
0.0
0.0
0.0
0.0
0.0
0.0
0.0
0.0
0.0
0.0
0.0
0.0
0.0
0.0
0.0
0.0
0.0
0.0
0.0
0.0
0.0
0.0
0.0
0.0
0.0
0.0
0.0
0.0
0.0
0.0
0.0
0.0
0.0
0.0
0.0
0.0
0.0
0.0
0.0
0.0
0.0
0.0
0.0
0.0
0.0
0.0
0.0
0.0
0.0
0.0
0.0
0.0
0.0
0.0
0.0
0.0
0.0
0.0
0.0
0.0
0.0
0.0
0.0
0.0
0.0
0.0
0.0
0.0
0.0
0.0
0.0
0.0
0.0
0.0
0.0
0.0
0.0
0.0
0.0
0.0
0.0
0.0
0.0
0.0
0.0
0.0
0.0
0.0
0.0
0.0
0.0
0.0
0.0
0.0
0.0
0.0
0.0
0.0
0.0
0.0
0.0
0.0
0.0
0.0
0.0
0.0
0.0
0.0
0.0
0.0
0.0
0.0
0.0
0.0
0.0
0.0
0.0
0.0
0.0
0.0
0.0
0.0
0.0
0.0
0.0
0.0
0.0
0.0
0.0
0.0
0.0
0.0
0.0
0.0
0.0
0.0
0.0
0.0
0.0
0.0
0.0
0.0
0.0
0.0
0.0
0.0
0.0
0.0
0.0
0.0
0.0
0.0
0.0
0.0
0.0
0.0
0.0
0.0
0.0
0.0
0.0
0.0
0.0
0.0
0.0
0.0
0.0
0.0
0.0
0.0
0.0
0.0
0.0
0.0
0.0
0.0
0.0
0.0
0.0
0.0
0.0
0.0
0.0
0.0
0.0
0.0
0.0
0.0
0.0
0.0
0.0
0.0
0.0
0.0
0.0
0.0
0.0
0.0
0.0
0.0
0.0
0.0
0.0
0.0
0.0
0.0
0.0
0.0
0.0
0.0
0.0
0.0
0.0
0.0
0.0
0.0
0.0
0.0
0.0
0.0
0.0
0.0
0.0
0.0
0.0
0.0
0.0
0.0
0.0
0.0
0.0
0.0
0.0
0.0
0.0
0.0
0.0
0.0
0.0
0.0
0.0
0.0
0.0
0.0
0.0
0.0
0.0
0.0
0.0
0.0
0.0
0.0
0.0
0.0
0.0
0.0
0.0
0.0
0.0
0.0
0.0
0.0
0.0
0.0
0.0
0.0
0.0
0.0
0.0
0.0
0.0
0.0
0.0
0.0
0.0
0.0
0.0
0.0
0.0
0.0
0.0
0.0
0.0
0.0
0.0
0.0
0.0
0.0
0.0
0.0
0.0
0.0
0.0
0.0
0.0
0.0
0.0
0.0
0.0
0.0
0.0
0.0
0.0
0.0
0.0
0.0
0.0
0.0
0.0
0.0
0.0
0.0
0.0
0.0
0.0
0.0
0.0
0.0
0.0
0.0
0.0
0.0
0.0
0.0
0.0
0.0
0.0
0.0
0.0
0.0
0.0
0.0
0.0
0.0
0.0
0.0
0.0
0.0
0.0
0.0
0.0
0.0
0.0
0.0
0.0
0.0
0.0
0.0
0.0
0.0
0.0
0.0
0.0
0.0
0.0
0.0
0.0
0.0
0.0
0.0
0.0
0.0
0.0
0.0
0.0
0.0
0.0
0.0
0.0
0.0
0.0
0.0
0.0
0.0
0.0
0.0
0.0
0.0
0.0
0.0
0.0
0.0
0.0
0.0
0.0
0.0
0.0
0.0
0.0
0.0
0.0
0.0
0.0
0.0
0.0
0.0
0.0
0.0
0.0
0.0
0.0
0.0
0.0
0.0
0.0
0.0
0.0
0.0
0.0
0.0
0.0
0.0
0.0
0.0
0.0
0.0
0.0
0.0
0.0
0.0
0.0
0.0
0.0
0.0
0.0
0.0
0.0
0.0
0.0
0.0
0.0
0.0
0.0
0.0
0.0
0.0
0.0
0.0
0.0
0.0
0.0
0.0
0.0
0.0
0.0
0.0
0.0
0.0
0.0
0.0
0.0
0.0
0.0
0.0
0.0
0.0
0.0
0.0
0.0
0.0
0.0
0.0
0.0
0.0
0.0
0.0
0.0
0.0
0.0
0.0
0.0
0.0
0.0
0.0
0.0
0.0
0.0
0.0
0.0
0.0
0.0
0.0
0.0
0.0
0.0
0.0
0.0
0.0
0.0
0.0
0.0
0.0
0.0
0.0
0.0
0.0
0.0
0.0
0.0
0.0
0.0
0.0
0.0
0.0
0.0
0.0
0.0
0.0
0.0
0.0
0.0
0.0
0.0
0.0
0.0
0.0
0.0
0.0
0.0
0.0
0.0
0.0
0.0
0.0
0.0
0.0
0.0
0.0
0.0
0.0
0.0
0.0
0.0
0.0
0.0
0.0
0.0
0.0
0.0
0.0
0.0
0.0
0.0
0.0
0.0
0.0
0.0
0.0
0.0
0.0
0.0
0.0
0.0
0.0
0.0
0.0
0.0
0.0
0.0
0.0
0.0
0.0
0.0
0.0
0.0
0.0
0.0
0.0
0.0
0.0
0.0
0.0
0.0
0.0
0.0
0.0
0.0
0.0
0.0
0.0
0.0
0.0
0.0
0.0
0.0
0.0
0.0
0.0
0.0
0.0
0.0
0.0
0.0
0.0
0.0
0.0
0.0
0.0
0.0
0.0
0.0
0.0
0.0
0.0
0.0
0.0
0.0
0.0
0.0
0.0
0.0
0.0
0.0
0.0
0.0
0.0
0.0
0.0
0.0
0.0
0.0
0.0
0.0
0.0
0.0
0.0
0.0
0.0
0.0
0.0
0.0
0.0
0.0
0.0
0.0
0.0
0.0
0.0
0.0
0.0
0.0
0.0
0.0
0.0
0.0
0.0
0.0
0.0
0.0
0.0
0.0
0.0
0.0
0.0
0.0
0.0
0.0
0.0
0.0
0.0
0.0
0.0
0.0
0.0
0.0
0.0
0.0
0.0
0.0
0.0
0.0
0.0
0.0
0.0
0.0
0.0
0.0
0.0
0.0
0.0
0.0
0.0
0.0
0.0
0.0
0.0
0.0
0.0
0.0
0.0
0.0
0.0
0.0
0.0
0.0
0.0
0.0
0.0
0.0
0.0
0.0
0.0
0.0
0.0
0.0
0.0
0.0
0.0
0.0
0.0
0.0
0.0
0.0
0.0
0.0
0.0
0.0
0.0
0.0
0.0
0.0
0.0
0.0
0.0
0.0
0.0
0.0
0.0
0.0
0.0
0.0
0.0
0.0
0.0
0.0
0.0
0.0
0.0
0.0
0.0
0.0
0.0
0.0
0.0
0.0
0.0
0.0
0.0
0.0
0.0
0.0
0.0
0.0
0.0
0.0
0.0
0.0
0.0
0.0
0.0
0.0
0.0
0.0
0.0
0.0
0.0
0.0
0.0
0.0
0.0
0.0
0.0
0.0
0.0
0.0
0.0
0.0
0.0
0.0
0.0
0.0
0.0
0.0
0.0
0.0
0.0
0.0
0.0
0.0
0.0
0.0
0.0
0.0
0.0
0.0
0.0
0.0
0.0
0.0
0.0
0.0
0.0
0.0
0.0
0.0
0.0
0.0
0.0
0.0
0.0
0.0
0.0
0.0
0.0
0.0
0.0
0.0
0.0
0.0
0.0
0.0
0.0
0.0
0.0
0.0
0.0
0.0
0.0
0.0
0.0
0.0
0.0
0.0
0.0
0.0
0.0
0.0
0.0
0.0
0.0
0.0
0.0
0.0
0.0
0.0
0.0
0.0
0.0
0.0
0.0
0.0
0.0
0.0
0.0
0.0
0.0
0.0
0.0
0.0
0.0
0.0
0.0
0.0
0.0
0.0
0.0
0.0
0.0
0.0
0.0
0.0
0.0
0.0
0.0
0.0
0.0
0.0
0.0
0.0
0.0
0.0
0.0
0.0
0.0
0.0
0.0
0.0
0.0
0.0
0.0
0.0
0.0
0.0
0.0
0.0
0.0
0.0
0.0
0.0
0.0
0.0
0.0
0.0
0.0
0.0
0.0
0.0
0.0
0.0
0.0
0.0
0.0
0.0
0.0
0.0
0.0
0.0
0.0
0.0
0.0
0.0
0.0
0.0
0.0
0.0
0.0
0.0
0.0
0.0
0.0
0.0
0.0
0.0
0.0
0.0
0.0
0.0
0.0
0.0
0.0
0.0
0.0
0.0
0.0
0.0
0.0
0.0
0.0
0.0
0.0
0.0
0.0
0.0
0.0
0.0
0.0
0.0
0.0
0.0
0.0
0.0
0.0
0.0
0.0
0.0
0.0
0.0
0.0
0.0
0.0
0.0
0.0
0.0
0.0
0.0
0.0
0.0
0.0
0.0
0.0
0.0
0.0
0.0
0.0
0.0
0.0
0.0
0.0
0.0
0.0
0.0
0.0
0.0
0.0
0.0
0.0
0.0
0.0
0.0
0.0
0.0
0.0
0.0
0.0
0.0
0.0
0.0
0.0
0.0
0.0
0.0
0.0
0.0
0.0
0.0
0.0
0.0
0.0
0.0
0.0
0.0
0.0
0.0
0.0
0.0
0.0
0.0
0.0
0.0
0.0
0.0
0.0
0.0
0.0
0.0
0.0
0.0
0.0
0.0
0.0
0.0
0.0
0.0
0.0
0.0
0.0
0.0
0.0
0.0
0.0
0.0
0.0
0.0
0.0
0.0
0.0
0.0
0.0
0.0
0.0
0.0
0.0
0.0
0.0
0.0
0.0
0.0
0.0
0.0
0.0
0.0
0.0
0.0
0.0
0.0
0.0
0.0
0.0
0.0
0.0
0.0
0.0
0.0
0.0
0.0
0.0
0.0
0.0
0.0
0.0
0.0
0.0
0.0
0.0
0.0
0.0
0.0
0.0
0.0
0.0
0.0
0.0
0.0
0.0
0.0
0.0
0.0
0.0
0.0
0.0
0.0
0.0
0.0
0.0
0.0
0.0
0.0
0.0
0.0
0.0
0.0
0.0
0.0
0.0
0.0
0.0
0.0
0.0
0.0
0.0
0.0
0.0
0.0
0.0
0.0
0.0
0.0
0.0
0.0
0.0
0.0
0.0
0.0
0.0
0.0
0.0
0.0
0.0
0.0
0.0
0.0
0.0
0.0
0.0
0.0
0.0
0.0
0.0
0.0
0.0
0.0
0.0
0.0
0.0
0.0
0.0
0.0
0.0
0.0
0.0
0.0
0.0
0.0
0.0
0.0
0.0
0.0
0.0
0.0
0.0
0.0
0.0
0.0
0.0
0.0
0.0
0.0
0.0
0.0
0.0
0.0
0.0
0.0
0.0
0.0
0.0
0.0
0.0
0.0
0.0
0.0
0.0
0.0
0.0
0.0
0.0
0.0
0.0
0.0
0.0
0.0
0.0
0.0
0.0
0.0
0.0
0.0
0.0
0.0
0.0
0.0
0.0
0.0
0.0
0.0
0.0
0.0
0.0
0.0
0.0
0.0
0.0
0.0
0.0
0.0
0.0
0.0
0.0
0.0
0.0
0.0
0.0
0.0
0.0
0.0
0.0
0.0
0.0
0.0
0.0
0.0
0.0
0.0
0.0
0.0
0.0
0.0
0.0
0.0
0.0
0.0
0.0
0.0
0.0
0.0
0.0
0.0
0.0
0.0
0.0
0.0
0.0
0.0
0.0
0.0
0.0
0.0
0.0
0.0
0.0
0.0
0.0
0.0
0.0
0.0
0.0
0.0
0.0
0.0
0.0
0.0
0.0
0.0
0.0
0.0
0.0
0.0
0.0
0.0
0.0
0.0
0.0
0.0
0.0
0.0
0.0
0.0
0.0
0.0
0.0
0.0
0.0
0.0
0.0
0.0
0.0
0.0
0.0
0.0
0.0
0.0
0.0
0.0
0.0
0.0
0.0
0.0
0.0
0.0
0.0
0.0
0.0
0.0
0.0
0.0
0.0
0.0
0.0
0.0
0.0
0.0
0.0
0.0
0.0
0.0
0.0
0.0
0.0
0.0
0.0
0.0
0.0
0.0
0.0
0.0
0.0
0.0
0.0
0.0
0.0
0.0
0.0
0.0
0.0
0.0
0.0
0.0
0.0
0.0
0.0
0.0
0.0
0.0
0.0
0.0
0.0
0.0
0.0
0.0
0.0
0.0
0.0
0.0
0.0
0.0
0.0
0.0
0.0
0.0
0.0
0.0
0.0
0.0
0.0
0.0
0.0
0.0
0.0
0.0
0.0
0.0
0.0
0.0
0.0
0.0
0.0
0.0
0.0
0.0
0.0
0.0
0.0
0.0
0.0
0.0
0.0
0.0
0.0
0.0
0.0
0.0
0.0
0.0
0.0
0.0
0.0
0.0
0.0
0.0
0.0
0.0
0.0
0.0
0.0
0.0
0.0
0.0
0.0
0.0
0.0
0.0
0.0
0.0
0.0
0.0
0.0
0.0
0.0
0.0
0.0
0.0
0.0
0.0
0.0
0.0
0.0
0.0
0.0
0.0
0.0
0.0
0.0
0.0
0.0
0.0
0.0
0.0
0.0
0.0
0.0
0.0
0.0
0.0
0.0
0.0
0.0
0.0
0.0
0.0
0.0
0.0
0.0
0.0
0.0
0.0
0.0
0.0
0.0
0.0
0.0
0.0
0.0
0.0
0.0
0.0
0.0
0.0
0.0
0.0
0.0
0.0
0.0
0.0
0.0
0.0
0.0
0.0
0.0
0.0
0.0
0.0
0.0
0.0
0.0
0.0
0.0
0.0
0.0
0.0
0.0
0.0
0.0
0.0
0.0
0.0
0.0
0.0
0.0
0.0
0.0
0.0
0.0
0.0
0.0
0.0
0.0
0.0
0.0
0.0
0.0
0.0
0.0
0.0
0.0
0.0
0.0
0.0
0.0
0.0
0.0
0.0
0.0
0.0
0.0
0.0
0.0
0.0
0.0
0.0
0.0
0.0
0.0
0.0
0.0
0.0
0.0
0.0
0.0
0.0
0.0
0.0
0.0
0.0
0.0
0.0
0.0
0.0
0.0
0.0
0.0
0.0
0.0
0.0
0.0
0.0
0.0
0.0
0.0
0.0
0.0
0.0
0.0
0.0
0.0
0.0
0.0
0.0
0.0
0.0
0.0
0.0
0.0
0.0
0.0
0.0
0.0
0.0
0.0
0.0
0.0
0.0
0.0
0.0
0.0
0.0
0.0
0.0
0.0
0.0
0.0
0.0
0.0
0.0
0.0
0.0
0.0
0.0
0.0
0.0
0.0
0.0
0.0
0.0
0.0
0.0
0.0
0.0
0.0
0.0
0.0
0.0
0.0
0.0
0.0
0.0
0.0
0.0
0.0
0.0
0.0
0.0
0.0
0.0
0.0
0.0
0.0
0.0
0.0
0.0
0.0
0.0
0.0
0.0
0.0
0.0
0.0
0.0
0.0
0.0
0.0
0.0
0.0
0.0
0.0
0.0
0.0
0.0
0.0
0.0
0.0
0.0
0.0
0.0
0.0
0.0
0.0
0.0
0.0
0.0
0.0
0.0
0.0
0.0
0.0
0.0
0.0
0.0
0.0
0.0
0.0
0.0
0.0
0.0
0.0
0.0
0.0
0.0
0.0
0.0
0.0
0.0
0.0
0.0
0.0
0.0
0.0
0.0
0.0
0.0
0.0
0.0
0.0
0.0
0.0
0.0
0.0
0.0
0.0
0.0
0.0
0.0
0.0
0.0
0.0
0.0
0.0
0.0
0.0
0.0
0.0
0.0
0.0
0.0
0.0
0.0
0.0
0.0
0.0
0.0
0.0
0.0
0.0
0.0
0.0
0.0
0.0
0.0
0.0
0.0
0.0
0.0
0.0
0.0
0.0
0.0
0.0
0.0
0.0
0.0
0.0
0.0
0.0
0.0
0.0
0.0
0.0
0.0
0.0
0.0
0.0
0.0
0.0
0.0
0.0
0.0
0.0
0.0
0.0
0.0
0.0
0.0
0.0
0.0
0.0
0.0
0.0
0.0
0.0
0.0
0.0
0.0
0.0
0.0
0.0
0.0
0.0
0.0
0.0
0.0
0.0
0.0
0.0
0.0
0.0
0.0
0.0
0.0
0.0
0.0
0.0
0.0
0.0
0.0
0.0
0.0
0.0
0.0
0.0
0.0
0.0
0.0
0.0
0.0
0.0
0.0
0.0
0.0
0.0
0.0
0.0
0.0
0.0
0.0
0.0
0.0
0.0
0.0
0.0
0.0
0.0
0.0
0.0
0.0
0.0
0.0
0.0
0.0
0.0
0.0
0.0
0.0
0.0
0.0
0.0
0.0
0.0
0.0
0.0
0.0
0.0
0.0
0.0
0.0
0.0
0.0
0.0
0.0
0.0
0.0
0.0
0.0
0.0
0.0
0.0
0.0
0.0
0.0
0.0
0.0
0.0
0.0
0.0
0.0
0.0
0.0
0.0
0.0
0.0
0.0
0.0
0.0
0.0
0.0
0.0
0.0
0.0
0.0
0.0
0.0
0.0
0.0
0.0
0.0
0.0
0.0
0.0
0.0
0.0
0.0
0.0
0.0
0.0
0.0
0.0
0.0
0.0
0.0
0.0
0.0
0.0
0.0
0.0
0.0
0.0
0.0
0.0
0.0
0.0
0.0
0.0
0.0
0.0
0.0
0.0
0.0
0.0
0.0
0.0
0.0
0.0
0.0
0.0
0.0
0.0
0.0
0.0
0.0
0.0
0.0
0.0
0.0
0.0
0.0
0.0
0.0
0.0
0.0
0.0
0.0
0.0
0.0
0.0
0.0
0.0
0.0
0.0
0.0
0.0
0.0
0.0
0.0
0.0
0.0
0.0
0.0
0.0
0.0
0.0
0.0
0.0
0.0
0.0
0.0
0.0
0.0
0.0
0.0
0.0
0.0
0.0
0.0
0.0
0.0
0.0
0.0
0.0
0.0
0.0
0.0
0.0
0.0
0.0
0.0
0.0
0.0
0.0
0.0
0.0
0.0
0.0
0.0
0.0
0.0
0.0
0.0
0.0
0.0
0.0
0.0
0.0
0.0
0.0
0.0
0.0
0.0
0.0
0.0
0.0
0.0
0.0
0.0
0.0
0.0
0.0
0.0
0.0
0.0
0.0
0.0
0.0
0.0
0.0
0.0
0.0
0.0
0.0
0.0
0.0
0.0
0.0
0.0
0.0
0.0
0.0
0.0
0.0
0.0
0.0
0.0
0.0
0.0
0.0
0.0
0.0
0.0
0.0
0.0
0.0
0.0
0.0
0.0
0.0
0.0
0.0
0.0
0.0
0.0
0.0
0.0
0.0
0.0
0.0
0.0
0.0
0.0
0.0
0.0
0.0
0.0
0.0
0.0
0.0
0.0
0.0
0.0
0.0
0.0
0.0
0.0
0.0
0.0
0.0
0.0
0.0
0.0
0.0
0.0
0.0
0.0
0.0
0.0
0.0
0.0
0.0
0.0
0.0
0.0
0.0
0.0
0.0
0.0
0.0
0.0
0.0
0.0
0.0
0.0
0.0
0.0
0.0
0.0
0.0
0.0
0.0
0.0
0.0
0.0
0.0
0.0
0.0
0.0
0.0
0.0
0.0
0.0
0.0
0.0
0.0
0.0
0.0
0.0
0.0
0.0
0.0
0.0
0.0
0.0
0.0
0.0
0.0
0.0
0.0
0.0
0.0
0.0
0.0
0.0
0.0
0.0
0.0
0.0
0.0
0.0
0.0
0.0
0.0
0.0
0.0
0.0
0.0
0.0
0.0
0.0
0.0
0.0
0.0
0.0
0.0
0.0
0.0
0.0
0.0
0.0
0.0
0.0
0.0
0.0
0.0
0.0
0.0
0.0
0.0
0.0
0.0
0.0
0.0
0.0
0.0
0.0
0.0
0.0
0.0
0.0
0.0
0.0
0.0
0.0
0.0
0.0
0.0
0.0
0.0
0.0
0.0
0.0
0.0
0.0
0.0
0.0
0.0
0.0
0.0
0.0
0.0
0.0
0.0
0.0
0.0
0.0
0.0
0.0
0.0
0.0
0.0
0.0
0.0
0.0
0.0
0.0
0.0
0.0
0.0
0.0
0.0
0.0
0.0
0.0
0.0
0.0
0.0
0.0
0.0
0.0
0.0
0.0
0.0
0.0
0.0
0.0
0.0
0.0
0.0
0.0
0.0
0.0
0.0
0.0
0.0
0.0
0.0
0.0
0.0
0.0
0.0
0.0
0.0
0.0
0.0
0.0
0.0
0.0
0.0
0.0
0.0
0.0
0.0
0.0
0.0
0.0
0.0
0.0
0.0
0.0
0.0
0.0
0.0
0.0
0.0
0.0
0.0
0.0
0.0
0.0
0.0
0.0
0.0
0.0
0.0
0.0
0.0
0.0
0.0
0.0
0.0
0.0
0.0
0.0
0.0
0.0
0.0
0.0
0.0
0.0
0.0
0.0
0.0
0.0
0.0
0.0
0.0
0.0
0.0
0.0
0.0
0.0
0.0
0.0
0.0
0.0
0.0
0.0
0.0
0.0
0.0
0.0
0.0
0.0
0.0
0.0
0.0
0.0
0.0
0.0
0.0
0.0
0.0
0.0
0.0
0.0
0.0
0.0
0.0
0.0
0.0
0.0
0.0
0.0
0.0
0.0
0.0
0.0
0.0
0.0
0.0
0.0
0.0
0.0
0.0
0.0
0.0
0.0
0.0
0.0
0.0
0.0
0.0
0.0
0.0
0.0
0.0
0.0
0.0
0.0
0.0
0.0
0.0
0.0
0.0
0.0
0.0
0.0
0.0
0.0
0.0
0.0
0.0
0.0
0.0
0.0
0.0
0.0
0.0
0.0
0.0
0.0
0.0
0.0
0.0
0.0
0.0
0.0
0.0
0.0
0.0
0.0
0.0
0.0
0.0
0.0
0.0
0.0
0.0
0.0
0.0
0.0
0.0
0.0
0.0
0.0
0.0
0.0
0.0
0.0
0.0
0.0
0.0
0.0
0.0
0.0
0.0
0.0
0.0
0.0
0.0
0.0
0.0
0.0
0.0
0.0
0.0
0.0
0.0
0.0
0.0
0.0
0.0
0.0
0.0
0.0
0.0
0.0
0.0
0.0
0.0
0.0
0.0
0.0
0.0
0.0
0.0
0.0
0.0
0.0
0.0
0.0
0.0
0.0
0.0
0.0
0.0
0.0
0.0
0.0
0.0
0.0
0.0
0.0
0.0
0.0
0.0
0.0
0.0
0.0
0.0
0.0
0.0
0.0
0.0
0.0
0.0
0.0
0.0
0.0
0.0
0.0
0.0
0.0
0.0
0.0
0.0
0.0
0.0
0.0
0.0
0.0
0.0
0.0
0.0
0.0
0.0
0.0
0.0
0.0
0.0
0.0
0.0
0.0
0.0
0.0
0.0
0.0
0.0
0.0
0.0
0.0
0.0
0.0
0.0
0.0
0.0
0.0
0.0
0.0
0.0
0.0
0.0
0.0
0.0
0.0
0.0
0.0
0.0
0.0
0.0
0.0
0.0
0.0
0.0
0.0
0.0
0.0
0.0
0.0
0.0
0.0
0.0
0.0
0.0
0.0
0.0
0.0
0.0
0.0
0.0
0.0
0.0
0.0
0.0
0.0
0.0
0.0
0.0
0.0
0.0
0.0
0.0
0.0
0.0
0.0
0.0
0.0
0.0
0.0
0.0
0.0
0.0
0.0
0.0
0.0
0.0
0.0
0.0
0.0
0.0
0.0
0.0
0.0
0.0
0.0
0.0
0.0
0.0
0.0
0.0
0.0
0.0
0.0
0.0
0.0
0.0
0.0
0.0
0.0
0.0
0.0
0.0
0.0
0.0
0.0
0.0
0.0
0.0
0.0
0.0
0.0
0.0
0.0
0.0
0.0
0.0
0.0
0.0
0.0
0.0
0.0
0.0
0.0
0.0
0.0
0.0
0.0
0.0
0.0
0.0
0.0
0.0
0.0
0.0
0.0
0.0
0.0
0.0
0.0
0.0
0.0
0.0
0.0
0.0
0.0
0.0
0.0
0.0
0.0
0.0
0.0
0.0
0.0
0.0
0.0
0.0
0.0
0.0
0.0
0.0
0.0
0.0
0.0
0.0
0.0
0.0
0.0
0.0
0.0
0.0
0.0
0.0
0.0
0.0
0.0
0.0
0.0
0.0
0.0
0.0
0.0
0.0
0.0
0.0
0.0
0.0
0.0
0.0
0.0
0.0
0.0
0.0
0.0
0.0
0.0
0.0
0.0
0.0
0.0
0.0
0.0
0.0
0.0
0.0
0.0
0.0
0.0
0.0
0.0
0.0
0.0
0.0
0.0
0.0
0.0
0.0
0.0
0.0
0.0
0.0
0.0
0.0
0.0
0.0
0.0
0.0
0.0
0.0
0.0
0.0
0.0
0.0
0.0
0.0
0.0
0.0
0.0
0.0
0.0
0.0
0.0
0.0
0.0
0.0
0.0
0.0
0.0
0.0
0.0
0.0
0.0
0.0
0.0
0.0
0.0
0.0
0.0
0.0
0.0
0.0
0.0
0.0
0.0
0.0
0.0
0.0
0.0
0.0
0.0
0.0
0.0
0.0
0.0
0.0
0.0
0.0
0.0
0.0
0.0
0.0
0.0
0.0
0.0
0.0
0.0
0.0
0.0
0.0
0.0
0.0
0.0
0.0
0.0
0.0
0.0
0.0
0.0
0.0
0.0
0.0
0.0
0.0
0.0
0.0
0.0
0.0
0.0
0.0
0.0
0.0
0.0
0.0
0.0
0.0
0.0
0.0
0.0
0.0
0.0
0.0
0.0
0.0
0.0
0.0
0.0
0.0
0.0
0.0
0.0
0.0
0.0
0.0
0.0
0.0
0.0
0.0
0.0
0.0
0.0
0.0
0.0
0.0
0.0
0.0
0.0
0.0
0.0
0.0
0.0
0.0
0.0
0.0
0.0
0.0
0.0
0.0
0.0
0.0
0.0
0.0
0.0
0.0
0.0
0.0
0.0
0.0
0.0
0.0
0.0
0.0
0.0
0.0
0.0
0.0
0.0
0.0
0.0
0.0
0.0
0.0
0.0
0.0
0.0
0.0
0.0
0.0
0.0
0.0
0.0
0.0
0.0
0.0
0.0
0.0
0.0
0.0
0.0
0.0
0.0
0.0
0.0
0.0
0.0
0.0
0.0
0.0
0.0
0.0
0.0
0.0
0.0
0.0
0.0
0.0
0.0
0.0
0.0
0.0
0.0
0.0
0.0
0.0
0.0
0.0
0.0
0.0
0.0
0.0
0.0
0.0
0.0
0.0
0.0
0.0
0.0
0.0
0.0
0.0
0.0
0.0
0.0
0.0
0.0
0.0
0.0
0.0
0.0
0.0
0.0
0.0
0.0
0.0
0.0
0.0
0.0
0.0
0.0
0.0
0.0
0.0
0.0
0.0
0.0
0.0
0.0
0.0
0.0
0.0
0.0
0.0
0.0
0.0
0.0
0.0
0.0
0.0
0.0
0.0
0.0
0.0
0.0
0.0
0.0
0.0
0.0
0.0
0.0
0.0
0.0
0.0
0.0
0.0
0.0
0.0
0.0
0.0
0.0
0.0
0.0
0.0
0.0
0.0
0.0
0.0
0.0
0.0
0.0
0.0
0.0
0.0
0.0
0.0
0.0
0.0
0.0
0.0
0.0
0.0
0.0
0.0
0.0
0.0
0.0
0.0
0.0
0.0
0.0
0.0
0.0
0.0
0.0
0.0
0.0
0.0
0.0
0.0
0.0
0.0
0.0
0.0
0.0
0.0
0.0
0.0
0.0
0.0
0.0
0.0
0.0
0.0
0.0
0.0
0.0
0.0
0.0
0.0
0.0
0.0
0.0
0.0
0.0
0.0
0.0
0.0
0.0
0.0
0.0
0.0
0.0
0.0
0.0
0.0
0.0
0.0
0.0
0.0
0.0
0.0
0.0
0.0
0.0
0.0
0.0
0.0
0.0
0.0
0.0
0.0
0.0
0.0
0.0
0.0
0.0
0.0
0.0
0.0
0.0
0.0
0.0
0.0
0.0
0.0
0.0
0.0
0.0
0.0
0.0
0.0
0.0
0.0
0.0
0.0
0.0
0.0
0.0
0.0
0.0
0.0
0.0
0.0
0.0
0.0
0.0
0.0
0.0
0.0
0.0
0.0
0.0
0.0
0.0
0.0
0.0
0.0
0.0
0.0
0.0
0.0
0.0
0.0
0.0
0.0
0.0
0.0
0.0
0.0
0.0
0.0
0.0
0.0
0.0
0.0
0.0
0.0
0.0
0.0
0.0
0.0
0.0
0.0
0.0
0.0
0.0
0.0
0.0
0.0
0.0
0.0
0.0
0.0
0.0
0.0
0.0
0.0
0.0
0.0
0.0
0.0
0.0
0.0
0.0
0.0
0.0
0.0
0.0
0.0
0.0
0.0
0.0
0.0
0.0
0.0
0.0
0.0
0.0
0.0
0.0
0.0
0.0
0.0
0.0
0.0
0.0
0.0
0.0
0.0
0.0
0.0
0.0
0.0
0.0
0.0
0.0
0.0
0.0
0.0
0.0
0.0
0.0
0.0
0.0
0.0
0.0
0.0
0.0
0.0
0.0
0.0
0.0
0.0
0.0
0.0
0.0
0.0
0.0
0.0
0.0
0.0
0.0
0.0
0.0
0.0
0.0
0.0
0.0
0.0
0.0
0.0
0.0
0.0
0.0
0.0
0.0
0.0
0.0
0.0
0.0
0.0
0.0
0.0
0.0
0.0
0.0
0.0
0.0
0.0
0.0
0.0
0.0
0.0
0.0
0.0
0.0
0.0
0.0
0.0
0.0
0.0
0.0
0.0
0.0
0.0
0.0
0.0
0.0
0.0
0.0
0.0
0.0
0.0
0.0
0.0
0.0
0.0
0.0
0.0
0.0
0.0
0.0
0.0
0.0
0.0
0.0
0.0
0.0
0.0
0.0
0.0
0.0
0.0
0.0
0.0
0.0
0.0
0.0
0.0
0.0
0.0
0.0
0.0
0.0
0.0
0.0
0.0
0.0
0.0
0.0
0.0
0.0
0.0
0.0
0.0
0.0
0.0
0.0
0.0
0.0
0.0
0.0
0.0
0.0
0.0
0.0
0.0
0.0
0.0
0.0
0.0
0.0
0.0
0.0
0.0
0.0
0.0
0.0
0.0
0.0
0.0
0.0
0.0
0.0
0.0
0.0
0.0
0.0
0.0
0.0
0.0
0.0
0.0
0.0
0.0
0.0
0.0
0.0
0.0
0.0
0.0
0.0
0.0
0.0
0.0
0.0
0.0
0.0
0.0
0.0
0.0
0.0
0.0
0.0
0.0
0.0
0.0
0.0
0.0
0.0
0.0
0.0
0.0
0.0
0.0
0.0
0.0
0.0
0.0
0.0
0.0
0.0
0.0
0.0
0.0
0.0
0.0
0.0
0.0
0.0
0.0
0.0
0.0
0.0
0.0
0.0
0.0
0.0
0.0
0.0
0.0
0.0
0.0
0.0
0.0
0.0
0.0
0.0
0.0
0.0
0.0
0.0
0.0
0.0
0.0
0.0
0.0
0.0
0.0
0.0
0.0
0.0
0.0
0.0
0.0
0.0
0.0
0.0
0.0
0.0
0.0
0.0
0.0
0.0
0.0
0.0
0.0
0.0
0.0
0.0
0.0
0.0
0.0
0.0
0.0
0.0
0.0
0.0
0.0
0.0
0.0
0.0
0.0
0.0
0.0
0.0
0.0
0.0
0.0
0.0
0.0
0.0
0.0
0.0
0.0
0.0
0.0
0.0
0.0
0.0
0.0
0.0
0.0
0.0
0.0
0.0
0.0
0.0
0.0
0.0
0.0
0.0
0.0
0.0
0.0
0.0
0.0
0.0
0.0
0.0
0.0
0.0
0.0
0.0
0.0
0.0
0.0
0.0
0.0
0.0
0.0
0.0
0.0
0.0
0.0
0.0
0.0
0.0
0.0
0.0
0.0
0.0
0.0
0.0
0.0
0.0
0.0
0.0
0.0
0.0
0.0
0.0
0.0
0.0
0.0
0.0
0.0
0.0
0.0
0.0
0.0
0.0
0.0
0.0
0.0
0.0
0.0
0.0
0.0
0.0
0.0
0.0
0.0
0.0
0.0
0.0
0.0
0.0
0.0
0.0
0.0
0.0
0.0
0.0
0.0
0.0
0.0
0.0
0.0
0.0
0.0
0.0
0.0
0.0
0.0
0.0
0.0
0.0
0.0
0.0
0.0
0.0
0.0
0.0
0.0
0.0
0.0
0.0
0.0
0.0
0.0
0.0
0.0
0.0
0.0
0.0
0.0
0.0
0.0
0.0
0.0
0.0
0.0
0.0
0.0
0.0
0.0
0.0
0.0
0.0
0.0
0.0
0.0
0.0
0.0
0.0
0.0
0.0
0.0
0.0
0.0
0.0
0.0
0.0
0.0
0.0
0.0
0.0
0.0
0.0
0.0
0.0
0.0
0.0
0.0
0.0
0.0
0.0
0.0
0.0
0.0
0.0
0.0
0.0
0.0
0.0
0.0
0.0
0.0
0.0
0.0
0.0
0.0
0.0
0.0
0.0
0.0
0.0
0.0
0.0
0.0
0.0
0.0
0.0
0.0
0.0
0.0
0.0
0.0
0.0
0.0
0.0
0.0
0.0
0.0
0.0
0.0
0.0
0.0
0.0
0.0
0.0
0.0
0.0
0.0
0.0
0.0
0.0
0.0
0.0
0.0
0.0
0.0
0.0
0.0
0.0
0.0
0.0
0.0
0.0
0.0
0.0
0.0
0.0
0.0
0.0
0.0
0.0
0.0
0.0
0.0
0.0
0.0
0.0
0.0
0.0
0.0
0.0
0.0
0.0
0.0
0.0
0.0
0.0
0.0
0.0
0.0
0.0
0.0
0.0
0.0
0.0
0.0
0.0
0.0
0.0
0.0
0.0
0.0
0.0
0.0
0.0
0.0
0.0
0.0
0.0
0.0
0.0
0.0
0.0
0.0
0.0
0.0
0.0
0.0
0.0
0.0
0.0
0.0
0.0
0.0
0.0
0.0
0.0
0.0
0.0
0.0
0.0
0.0
0.0
0.0
0.0
0.0
0.0
0.0
0.0
0.0
0.0
0.0
0.0
0.0
0.0
0.0
0.0
0.0
0.0
0.0
0.0
0.0
0.0
0.0
0.0
0.0
0.0
0.0
0.0
0.0
0.0
0.0
0.0
0.0
0.0
0.0
0.0
0.0
0.0
0.0
0.0
0.0
0.0
0.0
0.0
0.0
0.0
0.0
0.0
0.0
0.0
0.0
0.0
0.0
0.0
0.0
0.0
0.0
0.0
0.0
0.0
0.0
0.0
0.0
0.0
0.0
0.0
0.0
0.0
0.0
0.0
0.0
0.0
0.0
0.0
0.0
0.0
0.0
0.0
0.0
0.0
0.0
0.0
0.0
0.0
0.0
0.0
0.0
0.0
0.0
0.0
0.0
0.0
0.0
0.0
0.0
0.0
0.0
0.0
0.0
0.0
0.0
0.0
0.0
0.0
0.0
0.0
0.0
0.0
0.0
0.0
0.0
0.0
0.0
0.0
0.0
0.0
0.0
0.0
0.0
0.0
0.0
0.0
0.0
0.0
0.0
0.0
0.0
0.0
0.0
0.0
0.0
0.0
0.0
0.0
0.0
0.0
0.0
0.0
0.0
0.0
0.0
0.0
0.0
0.0
0.0
0.0
0.0
0.0
0.0
0.0
0.0
0.0
0.0
0.0
0.0
0.0
0.0
0.0
0.0
0.0
0.0
0.0
0.0
0.0
0.0
0.0
0.0
0.0
0.0
0.0
0.0
0.0
0.0
0.0
0.0
0.0
0.0
0.0
0.0
0.0
0.0
0.0
0.0
0.0
0.0
0.0
0.0
0.0
0.0
0.0
0.0
0.0
0.0
0.0
0.0
0.0
0.0
0.0
0.0
0.0
0.0
0.0
0.0
0.0
0.0
0.0
0.0
0.0
0.0
0.0
0.0
0.0
0.0
0.0
0.0
0.0
0.0
0.0
0.0
0.0
0.0
0.0
0.0
0.0
0.0
0.0
0.0
0.0
0.0
0.0
0.0
0.0
0.0
0.0
0.0
0.0
0.0
0.0
0.0
0.0
0.0
0.0
0.0
0.0
0.0
0.0
0.0
0.0
0.0
0.0
0.0
0.0
0.0
0.0
0.0
0.0
0.0
0.0
0.0
0.0
0.0
0.0
0.0
0.0
0.0
0.0
0.0
0.0
0.0
0.0
0.0
0.0
0.0
0.0
0.0
0.0
0.0
0.0
0.0
0.0
0.0
0.0
0.0
0.0
0.0
0.0
0.0
0.0
0.0
0.0
0.0
0.0
0.0
0.0
0.0
0.0
0.0
0.0
0.0
0.0
0.0
0.0
0.0
0.0
0.0
0.0
0.0
0.0
0.0
0.0
0.0
0.0
0.0
0.0
0.0
0.0
0.0
0.0
0.0
0.0
0.0
0.0
0.0
0.0
0.0
0.0
0.0
0.0
0.0
0.0
0.0
0.0
0.0
0.0
0.0
0.0
0.0
0.0
0.0
0.0
0.0
0.0
0.0
0.0
0.0
0.0
0.0
0.0
0.0
0.0
0.0
0.0
0.0
0.0
0.0
0.0
0.0
0.0
0.0
0.0
0.0
0.0
0.0
0.0
0.0
0.0
0.0
0.0
0.0
0.0
0.0
0.0
0.0
0.0
0.0
0.0
0.0
0.0
0.0
0.0
0.0
0.0
0.0
0.0
0.0
0.0
0.0
0.0
0.0
0.0
0.0
0.0
0.0
0.0
0.0
0.0
0.0
0.0
0.0
0.0
0.0
0.0
0.0
0.0
0.0
0.0
0.0
0.0
0.0
0.0
0.0
0.0
0.0
0.0
0.0
0.0
0.0
0.0
0.0
0.0
0.0
0.0
0.0
0.0
0.0
0.0
0.0
0.0
0.0
0.0
0.0
0.0
0.0
0.0
0.0
0.0
0.0
0.0
0.0
0.0
0.0
0.0
0.0
0.0
0.0
0.0
0.0
0.0
0.0
0.0
0.0
0.0
0.0
0.0
0.0
0.0
0.0
0.0
0.0
0.0
0.0
0.0
0.0
0.0
0.0
0.0
0.0
0.0
0.0
0.0
0.0
0.0
0.0
0.0
0.0
0.0
0.0
0.0
0.0
0.0
0.0
0.0
0.0
0.0
0.0
0.0
0.0
0.0
0.0
0.0
0.0
0.0
0.0
0.0
0.0
0.0
0.0
0.0
0.0
0.0
0.0
0.0
0.0
0.0
0.0
0.0
0.0
0.0
0.0
0.0
0.0
0.0
0.0
0.0
0.0
0.0
0.0
0.0
0.0
0.0
0.0
0.0
0.0
0.0
0.0
0.0
0.0
0.0
0.0
0.0
0.0
0.0
0.0
0.0
0.0
0.0
0.0
0.0
0.0
0.0
0.0
0.0
0.0
0.0
0.0
0.0
0.0
0.0
0.0
0.0
0.0
0.0
0.0
0.0
0.0
0.0
0.0
0.0
0.0
0.0
0.0
0.0
0.0
0.0
0.0
0.0
0.0
0.0
0.0
0.0
0.0
0.0
0.0
0.0
0.0
0.0
0.0
0.0
0.0
0.0
0.0
0.0
0.0
0.0
0.0
0.0
0.0
0.0
0.0
0.0
0.0
0.0
0.0
0.0
0.0
0.0
0.0
0.0
0.0
0.0
0.0
0.0
0.0
0.0
0.0
0.0
0.0
0.0
0.0
0.0
0.0
0.0
0.0
0.0
0.0
0.0
0.0
0.0
0.0
0.0
0.0
0.0
0.0
0.0
0.0
0.0
0.0
0.0
0.0
0.0
0.0
0.0
0.0
0.0
0.0
0.0
0.0
0.0
0.0
0.0
0.0
0.0
0.0
0.0
0.0
0.0
0.0
0.0
0.0
0.0
0.0
0.0
0.0
0.0
0.0
0.0
0.0
0.0
0.0
0.0
0.0
0.0
0.0
0.0
0.0
0.0
0.0
0.0
0.0
0.0
0.0
0.0
0.0
0.0
0.0
0.0
0.0
0.0
0.0
0.0
0.0
0.0
0.0
0.0
0.0
0.0
0.0
0.0
0.0
0.0
0.0
0.0
0.0
0.0
0.0
0.0
0.0
0.0
0.0
0.0
0.0
0.0
0.0
0.0
0.0
0.0
0.0
0.0
0.0
0.0
0.0
0.0
0.0
0.0
0.0
0.0
0.0
0.0
0.0
0.0
0.0
0.0
0.0
0.0
0.0
0.0
0.0
0.0
0.0
0.0
0.0
0.0
0.0
0.0
0.0
0.0
0.0
0.0
0.0
0.0
0.0
0.0
0.0
0.0
0.0
0.0
0.0
0.0
0.0
0.0
0.0
0.0
0.0
0.0
0.0
0.0
0.0
0.0
0.0
0.0
0.0
0.0
0.0
0.0
0.0
0.0
0.0
0.0
0.0
0.0
0.0
0.0
0.0
0.0
0.0
0.0
0.0
0.0
0.0
0.0
0.0
0.0
0.0
0.0
0.0
0.0
0.0
0.0
0.0
0.0
0.0
0.0
0.0
0.0
0.0
0.0
0.0
0.0
0.0
0.0
0.0
0.0
0.0
0.0
0.0
0.0
0.0
0.0
0.0
0.0
0.0
0.0
0.0
0.0
0.0
0.0
0.0
0.0
0.0
0.0
0.0
0.0
0.0
0.0
0.0
0.0
0.0
0.0
0.0
0.0
0.0
0.0
0.0
0.0
0.0
0.0
0.0
0.0
0.0
0.0
0.0
0.0
0.0
0.0
0.0
0.0
0.0
0.0
0.0
0.0
0.0
0.0
0.0
0.0
0.0
0.0
0.0
0.0
0.0
0.0
0.0
0.0
0.0
0.0
0.0
0.0
0.0
0.0
0.0
0.0
0.0
0.0
0.0
0.0
0.0
0.0
0.0
0.0
0.0
0.0
0.0
0.0
0.0
0.0
0.0
0.0
0.0
0.0
0.0
0.0
0.0
0.0
0.0
0.0
0.0
0.0
0.0
0.0
0.0
0.0
0.0
0.0
0.0
0.0
0.0
0.0
0.0
0.0
0.0
0.0
0.0
0.0
0.0
0.0
0.0
0.0
0.0
0.0
0.0
0.0
0.0
0.0
0.0
0.0
0.0
0.0
0.0
0.0
0.0
0.0
0.0
0.0
0.0
0.0
0.0
0.0
0.0
0.0
0.0
0.0
0.0
0.0
0.0
0.0
0.0
0.0
0.0
0.0
0.0
0.0
0.0
0.0
0.0
0.0
0.0
0.0
0.0
0.0
0.0
0.0
0.0
0.0
0.0
0.0
0.0
0.0
0.0
0.0
0.0
0.0
0.0
0.0
0.0
0.0
0.0
0.0
0.0
0.0
0.0
0.0
0.0
0.0
0.0
0.0
0.0
0.0
0.0
0.0
0.0
0.0
0.0
0.0
0.0
0.0
0.0
0.0
0.0
0.0
0.0
0.0
0.0
0.0
0.0
0.0
0.0
0.0
0.0
0.0
0.0
0.0
0.0
0.0
0.0
0.0
0.0
0.0
0.0
0.0
0.0
0.0
0.0
0.0
0.0
0.0
0.0
0.0
0.0
0.0
0.0
0.0
0.0
0.0
0.0
0.0
0.0
0.0
0.0
0.0
0.0
0.0
0.0
0.0
0.0
0.0
0.0
0.0
0.0
0.0
0.0
0.0
0.0
0.0
0.0
0.0
0.0
0.0
0.0
0.0
0.0
0.0
0.0
0.0
0.0
0.0
0.0
0.0
0.0
0.0
0.0
0.0
0.0
0.0
0.0
0.0
0.0
0.0
0.0
0.0
0.0
0.0
0.0
0.0
0.0
0.0
0.0
0.0
0.0
0.0
0.0
0.0
0.0
0.0
0.0
0.0
0.0
0.0
0.0
0.0
0.0
0.0
0.0
0.0
0.0
0.0
0.0
0.0
0.0
0.0
0.0
0.0
0.0
0.0
0.0
0.0
0.0
0.0
0.0
0.0
0.0
0.0
0.0
0.0
0.0
0.0
0.0
0.0
0.0
0.0
0.0
0.0
0.0
0.0
0.0
0.0
0.0
0.0
0.0
0.0
0.0
0.0
0.0
0.0
0.0
0.0
0.0
0.0
0.0
0.0
0.0
0.0
0.0
0.0
0.0
0.0
0.0
0.0
0.0
0.0
0.0
0.0
0.0
0.0
0.0
0.0
0.0
0.0
0.0
0.0
0.0
0.0
0.0
0.0
0.0
0.0
0.0
0.0
0.0
0.0
0.0
0.0
0.0
0.0
0.0
0.0
0.0
0.0
0.0
0.0
0.0
0.0
0.0
0.0
0.0
0.0
0.0
0.0
0.0
0.0
0.0
0.0
0.0
0.0
0.0
0.0
0.0
0.0
0.0
0.0
0.0
0.0
0.0
0.0
0.0
0.0
0.0
0.0
0.0
0.0
0.0
0.0
0.0
0.0
0.0
0.0
0.0
0.0
0.0
0.0
0.0
0.0
0.0
0.0
0.0
0.0
0.0
0.0
0.0
0.0
0.0
0.0
0.0
0.0
0.0
0.0
0.0
0.0
0.0
0.0
0.0
0.0
0.0
0.0
0.0
0.0
0.0
0.0
0.0
0.0
0.0
0.0
0.0
0.0
0.0
0.0
0.0
0.0
0.0
0.0
0.0
0.0
0.0
0.0
0.0
0.0
0.0
0.0
0.0
0.0
0.0
0.0
0.0
0.0
0.0
0.0
0.0
0.0
0.0
0.0
0.0
0.0
0.0
0.0
0.0
0.0
0.0
0.0
0.0
0.0
0.0
0.0
0.0
0.0
0.0
0.0
0.0
0.0
0.0
0.0
0.0
0.0
0.0
0.0
0.0
0.0
0.0
0.0
0.0
0.0
0.0
0.0
0.0
0.0
0.0
0.0
0.0
0.0
0.0
0.0
0.0
0.0
0.0
0.0
0.0
0.0
0.0
0.0
0.0
0.0
0.0
0.0
0.0
0.0
0.0
0.0
0.0
0.0
0.0
0.0
0.0
0.0
0.0
0.0
0.0
0.0
0.0
0.0
0.0
0.0
0.0
0.0
0.0
0.0
0.0
0.0
0.0
0.0
0.0
0.0
0.0
0.0
0.0
0.0
0.0
0.0
0.0
0.0
0.0
0.0
0.0
0.0
0.0
0.0
0.0
0.0
0.0
0.0
0.0
0.0
0.0
0.0
0.0
0.0
0.0
0.0
0.0
0.0
0.0
0.0
0.0
0.0
0.0
0.0
0.0
0.0
0.0
0.0
0.0
0.0
0.0
0.0
0.0
0.0
0.0
0.0
0.0
0.0
0.0
0.0
0.0
0.0
0.0
0.0
0.0
0.0
0.0
0.0
0.0
0.0
0.0
0.0
0.0
0.0
0.0
0.0
0.0
0.0
0.0
0.0
0.0
0.0
0.0
0.0
0.0
0.0
0.0
0.0
0.0
0.0
0.0
0.0
0.0
0.0
0.0
0.0
0.0
0.0
0.0
0.0
0.0
0.0
0.0
0.0
0.0
0.0
0.0
0.0
0.0
0.0
0.0
0.0
0.0
0.0
0.0
0.0
0.0
0.0
0.0
0.0
0.0
0.0
0.0
0.0
0.0
0.0
0.0
0.0
0.0
0.0
0.0
0.0
0.0
0.0
0.0
0.0
0.0
0.0
0.0
0.0
0.0
0.0
0.0
0.0
0.0
0.0
0.0
0.0
0.0
0.0
0.0
0.0
0.0
0.0
0.0
0.0
0.0
0.0
0.0
0.0
0.0
0.0
0.0
0.0
0.0
0.0
0.0
0.0
0.0
0.0
0.0
0.0
0.0
0.0
0.0
0.0
0.0
0.0
0.0
0.0
0.0
0.0
0.0
0.0
0.0
0.0
0.0
0.0
0.0
0.0
0.0
0.0
0.0
0.0
0.0
0.0
0.0
0.0
0.0
0.0
0.0
0.0
0.0
0.0
0.0
0.0
0.0
0.0
0.0
0.0
0.0
0.0
0.0
0.0
0.0
0.0
0.0
0.0
0.0
0.0
0.0
0.0
0.0
0.0
0.0
0.0
0.0
0.0
0.0
0.0
0.0
0.0
0.0
0.0
0.0
0.0
0.0
0.0
0.0
0.0
0.0
0.0
0.0
0.0
0.0
0.0
0.0
0.0
0.0
0.0
0.0
0.0
0.0
0.0
0.0
0.0
0.0
0.0
0.0
0.0
0.0
0.0
0.0
0.0
0.0
0.0
0.0
0.0
0.0
0.0
0.0
0.0
0.0
0.0
0.0
0.0
0.0
0.0
0.0
0.0
0.0
0.0
0.0
0.0
0.0
0.0
0.0
0.0
0.0
0.0
0.0
0.0
0.0
0.0
0.0
0.0
0.0
0.0
0.0
0.0
0.0
0.0
0.0
0.0
0.0
0.0
0.0
0.0
0.0
0.0
0.0
0.0
0.0
0.0
0.0
0.0
0.0
0.0
0.0
0.0
0.0
0.0
0.0
0.0
0.0
0.0
0.0
0.0
0.0
0.0
0.0
0.0
0.0
0.0
0.0
0.0
0.0
0.0
0.0
0.0
0.0
0.0
0.0
0.0
0.0
0.0
0.0
0.0
0.0
0.0
0.0
0.0
0.0
0.0
0.0
0.0
0.0
0.0
0.0
0.0
0.0
0.0
0.0
0.0
0.0
0.0
0.0
0.0
0.0
0.0
0.0
0.0
0.0
0.0
0.0
0.0
0.0
0.0
0.0
0.0
0.0
0.0
0.0
0.0
0.0
0.0
0.0
0.0
0.0
0.0
0.0
0.0
0.0
0.0
0.0
0.0
0.0
0.0
0.0
0.0
0.0
0.0
0.0
0.0
0.0
0.0
0.0
0.0
0.0
0.0
0.0
0.0
0.0
0.0
0.0
0.0
0.0
0.0
0.0
0.0
0.0
0.0
0.0
0.0
0.0
0.0
0.0
0.0
0.0
0.0
0.0
0.0
0.0
0.0
0.0
0.0
0.0
0.0
0.0
0.0
0.0
0.0
0.0
0.0
0.0
0.0
0.0
0.0
0.0
0.0
0.0
0.0
0.0
0.0
0.0
0.0
0.0
0.0
0.0
0.0
0.0
0.0
0.0
0.0
0.0
0.0
0.0
0.0
0.0
0.0
0.0
0.0
0.0
0.0
0.0
0.0
0.0
0.0
0.0
0.0
0.0
0.0
0.0
0.0
0.0
0.0
0.0
0.0
0.0
0.0
0.0
0.0
0.0
0.0
0.0
0.0
0.0
0.0
0.0
0.0
0.0
0.0
0.0
0.0
0.0
0.0
0.0
0.0
0.0
0.0
0.0
0.0
0.0
0.0
0.0
0.0
0.0
0.0
0.0
0.0
0.0
0.0
0.0
0.0
0.0
0.0
0.0
0.0
0.0
0.0
0.0
0.0
0.0
0.0
0.0
0.0
0.0
0.0
0.0
0.0
0.0
0.0
0.0
0.0
0.0
0.0
0.0
0.0
0.0
0.0
0.0
0.0
0.0
0.0
0.0
0.0
0.0
0.0
0.0
0.0
0.0
0.0
0.0
0.0
0.0
0.0
0.0
0.0
0.0
0.0
0.0
0.0
0.0
0.0
0.0
0.0
0.0
0.0
0.0
0.0
0.0
0.0
0.0
0.0
0.0
0.0
0.0
0.0
0.0
0.0
0.0
0.0
0.0
0.0
0.0
0.0
0.0
0.0
0.0
0.0
0.0
0.0
0.0
0.0
0.0
0.0
0.0
0.0
0.0
0.0
0.0
0.0
0.0
0.0
0.0
0.0
0.0
0.0
0.0
0.0
0.0
0.0
0.0
0.0
0.0
0.0
0.0
0.0
0.0
0.0
0.0
0.0
0.0
0.0
0.0
0.0
0.0
0.0
0.0
0.0
0.0
0.0
0.0
0.0
0.0
0.0
0.0
0.0
0.0
0.0
0.0
0.0
0.0
0.0
0.0
0.0
0.0
0.0
0.0
0.0
0.0
0.0
0.0
0.0
0.0
0.0
0.0
0.0
0.0
0.0
0.0
0.0
0.0
0.0
0.0
0.0
0.0
0.0
0.0
0.0
0.0
0.0
0.0
0.0
0.0
0.0
0.0
0.0
0.0
0.0
0.0
0.0
0.0
0.0
0.0
0.0
0.0
0.0
0.0
0.0
0.0
0.0
0.0
0.0
0.0
0.0
0.0
0.0
0.0
0.0
0.0
0.0
0.0
0.0
0.0
0.0
0.0
0.0
0.0
0.0
0.0
0.0
0.0
0.0
0.0
0.0
0.0
0.0
0.0
0.0
0.0
0.0
0.0
0.0
0.0
0.0
0.0
0.0
0.0
0.0
0.0
0.0
0.0
0.0
0.0
0.0
0.0
0.0
0.0
0.0
0.0
0.0
0.0
0.0
0.0
0.0
0.0
0.0
0.0
0.0
0.0
0.0
0.0
0.0
0.0
0.0
0.0
0.0
0.0
0.0
0.0
0.0
0.0
0.0
0.0
0.0
0.0
0.0
0.0
0.0
0.0
0.0
0.0
0.0
0.0
0.0
0.0
0.0
0.0
0.0
0.0
0.0
0.0
0.0
0.0
0.0
0.0
0.0
0.0
0.0
0.0
0.0
0.0
0.0
0.0
0.0
0.0
0.0
0.0
0.0
0.0
0.0
0.0
0.0
0.0
0.0
0.0
0.0
0.0
0.0
0.0
0.0
0.0
0.0
0.0
0.0
0.0
0.0
0.0
0.0
0.0
0.0
0.0
0.0
0.0
0.0
0.0
0.0
0.0
0.0
0.0
0.0
0.0
0.0
0.0
0.0
0.0
0.0
0.0
0.0
0.0
0.0
0.0
0.0
0.0
0.0
0.0
0.0
0.0
0.0
0.0
0.0
0.0
0.0
0.0
0.0
0.0
0.0
0.0
0.0
0.0
0.0
0.0
0.0
0.0
0.0
0.0
0.0
0.0
0.0
0.0
0.0
0.0
0.0
0.0
0.0
0.0
0.0
0.0
0.0
0.0
0.0
0.0
0.0
0.0
0.0
0.0
0.0
0.0
0.0
0.0
0.0
0.0
0.0
0.0
0.0
0.0
0.0
0.0
0.0
0.0
0.0
0.0
0.0
0.0
0.0
0.0
0.0
0.0
0.0
0.0
0.0
0.0
0.0
0.0
0.0
0.0
0.0
0.0
0.0
0.0
0.0
0.0
0.0
0.0
0.0
0.0
0.0
0.0
0.0
0.0
0.0
0.0
0.0
0.0
0.0
0.0
0.0
0.0
0.0
0.0
0.0
0.0
0.0
0.0
0.0
0.0
0.0
0.0
0.0
0.0
0.0
0.0
0.0
0.0
0.0
0.0
0.0
0.0
0.0
0.0
0.0
0.0
0.0
0.0
0.0
0.0
0.0
0.0
0.0
0.0
0.0
0.0
0.0
0.0
0.0
0.0
0.0
0.0
0.0
0.0
0.0
0.0
0.0
0.0
0.0
0.0
0.0
0.0
0.0
0.0
0.0
0.0
0.0
0.0
0.0
0.0
0.0
0.0
0.0
0.0
0.0
0.0
0.0
0.0
0.0
0.0
0.0
0.0
0.0
0.0
0.0
0.0
0.0
0.0
0.0
0.0
0.0
0.0
0.0
0.0
0.0
0.0
0.0
0.0
0.0
0.0
0.0
0.0
0.0
0.0
0.0
0.0
0.0
0.0
0.0
0.0
0.0
0.0
0.0
0.0
0.0
0.0
0.0
0.0
0.0
0.0
0.0
0.0
0.0
0.0
0.0
0.0
0.0
0.0
0.0
0.0
0.0
0.0
0.0
0.0
0.0
0.0
0.0
0.0
0.0
0.0
0.0
0.0
0.0
0.0
0.0
0.0
0.0
0.0
0.0
0.0
0.0
0.0
0.0
0.0
0.0
0.0
0.0
0.0
0.0
0.0
0.0
0.0
0.0
0.0
0.0
0.0
0.0
0.0
0.0
0.0
0.0
0.0
0.0
0.0
0.0
0.0
0.0
0.0
0.0
0.0
0.0
0.0
0.0
0.0
0.0
0.0
0.0
0.0
0.0
0.0
0.0
0.0
0.0
0.0
0.0
0.0
0.0
0.0
0.0
0.0
0.0
0.0
0.0
0.0
0.0
0.0
0.0
0.0
0.0
0.0
0.0
0.0
0.0
0.0
0.0
0.0
0.0
0.0
0.0
0.0
0.0
0.0
0.0
0.0
0.0
0.0
0.0
0.0
0.0
0.0
0.0
0.0
0.0
0.0
0.0
0.0
0.0
0.0
0.0
0.0
0.0
0.0
0.0
0.0
0.0
0.0
0.0
0.0
0.0
0.0
0.0
0.0
0.0
0.0
0.0
0.0
0.0
0.0
0.0
0.0
0.0
0.0
0.0
0.0
0.0
0.0
0.0
0.0
0.0
0.0
0.0
0.0
0.0
0.0
0.0
0.0
0.0
0.0
0.0
0.0
0.0
0.0
0.0
0.0
0.0
0.0
0.0
0.0
0.0
0.0
0.0
0.0
0.0
0.0
0.0
0.0
0.0
0.0
0.0
0.0
0.0
0.0
0.0
0.0
0.0
0.0
0.0
0.0
0.0
0.0
0.0
0.0
0.0
0.0
0.0
0.0
0.0
0.0
0.0
0.0
0.0
0.0
0.0
0.0
0.0
0.0
0.0
0.0
0.0
0.0
0.0
0.0
0.0
0.0
0.0
0.0
0.0
0.0
0.0
0.0
0.0
0.0
0.0
0.0
0.0
0.0
0.0
0.0
0.0
0.0
0.0
0.0
0.0
0.0
0.0
0.0
0.0
0.0
0.0
0.0
0.0
0.0
0.0
0.0
0.0
0.0
0.0
0.0
0.0
0.0
0.0
0.0
0.0
0.0
0.0
0.0
0.0
0.0
0.0
0.0
0.0
0.0
0.0
0.0
0.0
0.0
0.0
0.0
0.0
0.0
0.0
0.0
0.0
0.0
0.0
0.0
0.0
0.0
0.0
0.0
0.0
0.0
0.0
0.0
0.0
0.0
0.0
0.0
0.0
0.0
0.0
0.0
0.0
0.0
0.0
0.0
0.0
0.0
0.0
0.0
0.0
0.0
0.0
0.0
0.0
0.0
0.0
0.0
0.0
0.0
0.0
0.0
0.0
0.0
0.0
0.0
0.0
0.0
0.0
0.0
0.0
0.0
0.0
0.0
0.0
0.0
0.0
0.0
0.0
0.0
0.0
0.0
0.0
0.0
0.0
0.0
0.0
0.0
0.0
0.0
0.0
0.0
0.0
0.0
0.0
0.0
0.0
0.0
0.0
0.0
0.0
0.0
0.0
0.0
0.0
0.0
0.0
0.0
0.0
0.0
0.0
0.0
0.0
0.0
0.0
0.0
0.0
0.0
0.0
0.0
0.0
0.0
0.0
0.0
0.0
0.0
0.0
0.0
0.0
0.0
0.0
0.0
0.0
0.0
0.0
0.0
0.0
0.0
0.0
0.0
0.0
0.0
0.0
0.0
0.0
0.0
0.0
0.0
0.0
0.0
0.0
0.0
0.0
0.0
0.0
0.0
0.0
0.0
0.0
0.0
0.0
0.0
0.0
0.0
0.0
0.0
0.0
0.0
0.0
0.0
0.0
0.0
0.0
0.0
0.0
0.0
0.0
0.0
0.0
0.0
0.0
0.0
0.0
0.0
0.0
0.0
0.0
0.0
0.0
0.0
0.0
0.0
0.0
0.0
0.0
0.0
0.0
0.0
0.0
0.0
0.0
0.0
0.0
0.0
0.0
0.0
0.0
0.0
0.0
0.0
0.0
0.0
0.0
0.0
0.0
0.0
0.0
0.0
0.0
0.0
0.0
0.0
0.0
0.0
0.0
0.0
0.0
0.0
0.0
0.0
0.0
0.0
0.0
0.0
0.0
0.0
0.0
0.0
0.0
0.0
0.0
0.0
0.0
0.0
0.0
0.0
0.0
0.0
0.0
0.0
0.0
0.0
0.0
0.0
0.0
0.0
0.0
0.0
0.0
0.0
0.0
0.0
0.0
0.0
0.0
0.0
0.0
0.0
0.0
0.0
0.0
0.0
0.0
0.0
0.0
0.0
0.0
0.0
0.0
0.0
0.0
0.0
0.0
0.0
0.0
0.0
0.0
0.0
0.0
0.0
0.0
0.0
0.0
0.0
0.0
0.0
0.0
0.0
0.0
0.0
0.0
0.0
0.0
0.0
0.0
0.0
0.0
0.0
0.0
0.0
0.0
0.0
0.0
0.0
0.0
0.0
0.0
0.0
0.0
0.0
0.0
0.0
0.0
0.0
0.0
0.0
0.0
0.0
0.0
0.0
0.0
0.0
0.0
0.0
0.0
0.0
0.0
0.0
0.0
0.0
0.0
0.0
0.0
0.0
0.0
0.0
0.0
0.0
0.0
0.0
0.0
0.0
0.0
0.0
0.0
0.0
0.0
0.0
0.0
0.0
0.0
0.0
0.0
0.0
0.0
0.0
0.0
0.0
0.0
0.0
0.0
0.0
0.0
0.0
0.0
0.0
0.0
0.0
0.0
0.0
0.0
0.0
0.0
0.0
0.0
0.0
0.0
0.0
0.0
0.0
0.0
0.0
0.0
0.0
