64111.41999025415
60273.7256418576
60113.695004430825
56009.13893526697
55977.47481580684
54311.32028116231
52853.93214204319
52340.82433513823
50327.07594409855
50327.07594409855
48932.74674514339
48729.16968022477
47084.832902578215
42533.15697257932
41578.269459223375
40451.86900778707
36493.76842617608
33497.4624195862
33030.41991901222
32833.790816234134
25612.890713136407
25328.954058852534
25296.569518501412
25160.945939257792
24286.019267231128
24286.019267231128
22524.27967656492
20517.557830706926
17668.360022872166
17367.382060722117
16993.700812145697
15433.251965527703
15432.68341991258
15041.182397070093
14844.586059439023
12669.873744429922
10961.10551106284
10961.10551106284
9785.70520437156
9785.70520437156
9716.852949003944
9184.030656112263
9175.86176201201
7252.762433543941
7241.629355405079
5905.377982927031
5375.149458567307
5357.005299567887
5003.6702126869895
4040.1608575902396
4040.1608575902396
4040.1608575902396
3332.092060200326
3242.2018321784967
3072.390683455885
3069.420999473724
2790.739029161727
2742.1242222699834
2228.0606893300974
1793.5526397014658
1785.2684014295378
1783.899440172815
1753.8719920437172
1751.7290266172542
1731.2547323711826
1590.204405835369
1576.5278518172956
1006.2186149278426
946.3419784095261
946.3419784095261
946.3419784095261
933.2385297103955
701.0930500863393
696.8478669881476
696.8478669881476
692.7909677112506
692.7909677112506
692.7909677112506
688.5152742330191
532.5728565192977
398.7983287249516
398.7983287249516
398.7983287249516
387.25562130260136
386.9100467575269
386.87899621854956
284.90826014321465
249.28451923867098
247.23569943901086
247.23569943901086
247.23569943901086
227.66151581036988
224.96681058949986
224.96681058949986
224.96681058949986
209.35185533591337
209.35185533591337
175.05826294783304
169.68302609327722
154.0961521494334
154.0961521494334
148.1962802709826
148.1962802709826
139.85010710701533
132.43615437191778
132.43615437191778
129.07565666277833
104.70784938398839
104.2804339257739
100.47416793280625
87.86446433667709
87.82858300723528
84.61747414918001
76.76288076775366
76.51769741191649
43.2169167968923
43.2169167968923
43.13189550435618
41.82703431309792
37.310597573994
37.310597573994
37.06577314981217
37.06577314981217
33.531399084850534
31.696416362182084
30.17699174518104
30.11978033687788
14.023836298981584
13.330036953645989
13.274739344720563
13.274739344720563
13.274739344720563
13.23664405541979
13.23664405541979
12.38313831510329
11.948341381416693
11.920091454870006
11.364386432661501
11.201191395251925
5.183995055431069
5.180357695485732
4.227736840049629
4.207708095669798
4.207708095669798
3.3389226920287265
3.1653480630819044
3.1653480630819044
3.16078580408774
3.16078580408774
3.16078580408774
1.36343060972207
1.3013860179141428
1.3013860179141428
1.3013860179141428
1.3013860179141428
1.0887499372322758
1.088090588859257
1.0765236392898545
1.0765236392898545
1.0765236392898545
1.0765236392898545
0.8536772795995187
0.8536772795995187
0.7171725903991422
0.711495892466792
0.711063501817859
0.6861092329806211
0.5152595005364151
0.5151622131381354
0.5000155437739248
0.4844018442157655
0.41235440634874887
0.405814091559399
0.3633304385582547
0.3632711021655972
0.3632711021655972
0.3063369872958845
0.2490976782777085
0.23526941258946016
0.23525281970086317
0.23525281970086317
0.23525281970086317
0.23326074193551186
0.23326074193551186
0.22073397773183503
0.1934493452700169
0.1934493452700169
0.19236952539717445
0.1922331932161589
0.15715857980684647
0.15203427806578554
0.15177726607652056
0.10162555896979932
0.10162555896979932
0.05409327710767246
0.05409327710767246
0.046112053628253095
0.044955858261838934
0.02689395044050089
0.02689395044050089
0.02689395044050089
0.02689395044050089
0.02639504018918674
0.02639504018918674
0.025287962572040832
0.025287962572040832
0.025287962572040832
0.025285407681669207
0.02523474260306036
0.024234833929944258
0.023943536402270198
0.02374015808907296
0.02370048780454748
0.0222256789140812
0.014188850026728707
0.013997919294296552
0.012665379091769504
0.012665379091769504
0.012665379091769504
0.010329630584316237
0.010329630584316237
0.010310006015573548
0.010132377789847085
0.01001963767961447
0.009717694868413581
0.009704440975046419
0.0093221407827308
0.008572685104203169
0.008437371316587594
0.003485565975685576
0.003485565975685576
0.003207934662701045
0.002992822978793435
0.0028456134132813227
0.0028456134132813227
0.002824135923144909
0.002788835922727514
0.0026052393684991917
0.002025080832481293
0.0020231420730008683
0.0012968064494996638
0.0012269714682457342
0.0011949161017180308
0.0011925961445153669
0.0011925961445153669
0.0011907252173762662
0.0011907252173762662
0.0011503902467708345
0.0010537527828686753
0.0007989789129543173
0.0007989789129543173
0.0006237277699254068
0.0005563358006899396
0.0005563358006899396
0.0005563358006899396
0.0005438601713576343
0.0002932858846548915
0.0002911399150363688
0.0002911399150363688
0.0002911399150363688
0.00029068509554888846
0.00029068509554888846
0.0002738684087983851
0.000273833260012568
0.00026323031511049606
0.0002529537835898703
0.0002529537835898703
0.00021195310018454303
0.0002119231724828097
0.0001928655140584802
0.0001928655140584802
0.00018154686540889752
0.00018154686540889752
0.00017294933991423246
0.00017294933991423246
0.00016595791927678867
0.00016581548111629753
0.0001639032428559492
0.00013898003811710848
0.00013862536794127103
0.0001140586521783776
9.078419341870884e-05
9.078419341870884e-05
9.078419341870884e-05
7.732880139560994e-05
6.469072508455008e-05
5.12672335709886e-05
4.685542496295901e-05
4.507407557060548e-05
3.846058361577853e-05
3.846058361577853e-05
3.83530149435268e-05
2.847594621092287e-05
2.847594621092287e-05
2.6567811144853615e-05
2.5996881791279385e-05
1.059938068976716e-05
1.0240695079875933e-05
1.0240695079875933e-05
9.957373491550651e-06
9.73073812072653e-06
9.73073812072653e-06
9.70254881047453e-06
9.605332987248783e-06
9.605332987248783e-06
9.605332987248783e-06
9.237397626181953e-06
9.237397626181953e-06
9.237275200234312e-06
7.475639840003354e-06
7.475639840003354e-06
7.475639840003354e-06
6.933515155233317e-06
6.899524773752089e-06
6.882121003417763e-06
6.083026595090573e-06
6.083026595090573e-06
3.2539237890944057e-06
3.2539237890944057e-06
3.240739167942413e-06
3.240739167942413e-06
3.136918352007295e-06
3.136918352007295e-06
3.1105706913629926e-06
2.761412390185994e-06
2.7447739795429453e-06
2.2736606586978236e-06
1.8891208349420783e-06
1.8884907982065217e-06
1.8862417877121916e-06
1.8862417877121916e-06
1.7910207516892452e-06
1.621213331593887e-06
1.621213331593887e-06
1.423229826905937e-06
1.423229826905937e-06
9.964971773053538e-07
9.964971773053538e-07
6.503407266571244e-07
6.503407266571244e-07
6.500279439181856e-07
6.500279439181856e-07
6.489868812601373e-07
6.489868812601373e-07
3.68215370380751e-07
3.552433172977507e-07
3.552433172977507e-07
3.448193023828889e-07
3.448193023828889e-07
2.640283274378109e-07
2.640283274378109e-07
2.640283274378109e-07
2.6352336621410515e-07
2.5300629444378265e-07
2.5300629444378265e-07
2.2173527003456127e-07
2.2173527003456127e-07
2.2173527003456127e-07
2.2139129337597625e-07
2.2139129337597625e-07
1.532637186268115e-07
1.516608082147064e-07
1.4545696155131958e-07
1.4493409836174382e-07
6.73321752933419e-08
6.658362838223334e-08
6.589566735579036e-08
6.589566735579036e-08
6.412390448100778e-08
5.206690303020246e-08
5.206690303020246e-08
5.206690303020246e-08
4.8096544154237815e-08
3.988287249616698e-08
3.775312116993893e-08
3.768179686326277e-08
3.144233356980184e-08
3.143736247761712e-08
3.1422417702356695e-08
3.0395792484345274e-08
2.7566956918339066e-08
2.7566956918339066e-08
2.0460873625434622e-08
1.9680953765274277e-08
1.5939125085279196e-08
1.0462366140715824e-08
1.0462366140715824e-08
1.0367026900325648e-08
9.104274443650537e-09
8.509997072159561e-09
8.482321911951615e-09
8.265868963519094e-09
7.471962757140702e-09
7.46797484257318e-09
6.197311717994757e-09
5.954827916490127e-09
4.742449965479221e-09
4.742449965479221e-09
4.742449965479221e-09
4.012021268268577e-09
4.012021268268577e-09
3.3792810223202147e-09
3.3792810223202147e-09
3.1085652365864118e-09
3.1024957564710677e-09
2.8665220917328985e-09
2.8662197229277128e-09
2.7971865744938565e-09
2.7704305743925447e-09
2.556507002180901e-09
1.1724762998867608e-09
1.0821225173277705e-09
1.0810073145041756e-09
1.0809337526515432e-09
9.982947823236896e-10
9.83154364772233e-10
8.524755708871717e-10
8.524755708871717e-10
5.833366521520391e-10
5.376930059111504e-10
4.256559798310492e-10
4.252364539379792e-10
4.252364539379792e-10
2.8890697427523175e-10
2.865559627555093e-10
2.8346825137121577e-10
2.5931647498386016e-10
2.5931647498386016e-10
2.5520334994635753e-10
2.496826641974867e-10
2.3147467406085004e-10
2.3147467406085004e-10
2.214806149892444e-10
2.2146038602458449e-10
2.1705611490544386e-10
2.1305468846905281e-10
2.1305468846905281e-10
2.1305468846905281e-10
2.127430923332343e-10
1.9239388547852852e-10
1.2984975690681521e-10
1.2984975690681521e-10
1.1612463744391012e-10
1.1606091087036698e-10
1.1522253866472153e-10
1.0409016089678499e-10
1.0337490253125309e-10
9.792057164068444e-11
8.240122001504958e-11
8.240122001504958e-11
7.137728791962758e-11
7.137728791962758e-11
7.137363760921123e-11
5.081200689383682e-11
4.652135768235755e-11
4.1638842052949745e-11
4.1638842052949745e-11
1.784351810742188e-11
1.5105063928929912e-11
1.5105063928929912e-11
1.4699490809607407e-11
1.4657001784247336e-11
1.4645660027174668e-11
1.4562213214393153e-11
1.4562213214393153e-11
1.4562213214393153e-11
9.04526556172359e-12
8.313709864311872e-12
6.875205192231534e-12
6.875205192231534e-12
6.875205192231534e-12
6.778210400372578e-12
6.557839101997239e-12
6.557839101997239e-12
6.432643305471271e-12
6.4324561175762786e-12
6.4324561175762786e-12
6.4324561175762786e-12
6.431292233741265e-12
6.390028792413073e-12
6.312736743493814e-12
3.889844244504622e-12
3.7848729698596516e-12
1.8813800884887404e-12
1.8773946020421835e-12
1.8773946020421835e-12
1.8743287597759507e-12
1.7929884257138433e-12
1.7894066247435589e-12
1.7164473792075615e-12
1.7164473792075615e-12
1.7164473792075615e-12
1.7164473792075615e-12
1.7164473792075615e-12
1.6021464115108519e-12
1.6021464115108519e-12
1.2307703781160908e-12
1.134032379049426e-12
1.134032379049426e-12
1.134032379049426e-12
1.134032379049426e-12
1.134032379049426e-12
1.134032379049426e-12
1.134032379049426e-12
8.486850319587155e-13
8.46766861190199e-13
5.068319531589384e-13
5.068319531589384e-13
5.068319531589384e-13
4.67195012904598e-13
3.259154360356257e-13
2.6936176727701124e-13
2.6936176727701124e-13
2.1705970419852058e-13
2.150321721565385e-13
2.1348002746421172e-13
2.0703607581284798e-13
2.0703607581284798e-13
1.9609845200102831e-13
1.828893688710702e-13
1.3570434358270212e-13
1.2575904144786226e-13
1.2508695354529826e-13
1.2508695354529826e-13
1.2508695354529826e-13
4.255080388434722e-14
4.255080388434722e-14
4.2273706558338755e-14
4.2273706558338755e-14
4.2273706558338755e-14
4.2273706558338755e-14
4.1336414839340846e-14
4.1336414839340846e-14
4.0761083677350956e-14
4.066013865284392e-14
4.066013865284392e-14
4.0285927232363687e-14
4.0285927232363687e-14
3.7221338417673826e-14
2.5622200637277695e-14
2.5622200637277695e-14
2.5622200637277695e-14
2.5622200637277695e-14
2.5560987212474285e-14
1.2487144224366137e-14
1.04775488064187e-14
7.77370854354658e-15
7.77370854354658e-15
7.77370854354658e-15
7.77370854354658e-15
7.497144336337577e-15
5.820210409905456e-15
5.820210409905456e-15
5.820210409905456e-15
5.820210409905456e-15
5.820210409905456e-15
5.820210409905456e-15
5.820210409905456e-15
5.30183103422085e-15
5.30183103422085e-15
5.110536556670982e-15
5.110536556670982e-15
4.397460819695722e-15
4.214662792831782e-15
4.214662792831782e-15
4.214662792831782e-15
4.214662792831782e-15
3.2176637650590364e-15
3.2176637650590364e-15
3.2176637650590364e-15
1.9842066956071525e-15
1.9842066956071525e-15
1.9842066956071525e-15
1.9842066956071525e-15
1.7196770918489151e-15
1.7196770918489151e-15
1.7196770918489151e-15
1.7196770918489151e-15
1.6622194088699778e-15
1.6622194088699778e-15
1.580898653428562e-15
1.580898653428562e-15
1.580898653428562e-15
1.580898653428562e-15
1.580898653428562e-15
1.580898653428562e-15
1.580898653428562e-15
1.5248544184400221e-15
1.2954306966867608e-15
1.2954306966867608e-15
1.2954306966867608e-15
9.870310164460905e-16
9.870310164460905e-16
9.870310164460905e-16
9.870310164460905e-16
9.870310164460905e-16
9.870310164460905e-16
9.870310164460905e-16
9.870310164460905e-16
9.870310164460905e-16
9.870310164460905e-16
9.870310164460905e-16
9.870310164460905e-16
9.870310164460905e-16
9.870310164460905e-16
9.681711657204502e-16
9.681711657204502e-16
8.664544840679857e-16
8.664544840679857e-16
8.664544840679857e-16
8.664544840679857e-16
8.664544840679857e-16
8.664544840679857e-16
8.664544840679857e-16
8.664544840679857e-16
8.664544840679857e-16
8.664544840679857e-16
8.664544840679857e-16
8.664544840679857e-16
8.664544840679857e-16
8.664544840679857e-16
8.664544840679857e-16
8.664544840679857e-16
8.664544840679857e-16
8.664544840679857e-16
8.664544840679857e-16
8.664544840679857e-16
8.664544840679857e-16
8.664544840679857e-16
8.664544840679857e-16
6.919114571263749e-16
6.919114571263749e-16
6.919114571263749e-16
6.919114571263749e-16
6.919114571263749e-16
6.919114571263749e-16
6.919114571263749e-16
6.919114571263749e-16
6.919114571263749e-16
6.919114571263749e-16
6.919114571263749e-16
6.919114571263749e-16
6.919114571263749e-16
6.919114571263749e-16
6.919114571263749e-16
6.919114571263749e-16
6.919114571263749e-16
6.919114571263749e-16
6.919114571263749e-16
6.919114571263749e-16
6.919114571263749e-16
6.919114571263749e-16
6.919114571263749e-16
6.919114571263749e-16
6.919114571263749e-16
6.919114571263749e-16
6.919114571263749e-16
6.919114571263749e-16
6.919114571263749e-16
6.919114571263749e-16
6.919114571263749e-16
6.919114571263749e-16
6.919114571263749e-16
6.919114571263749e-16
6.919114571263749e-16
6.919114571263749e-16
6.919114571263749e-16
6.919114571263749e-16
6.919114571263749e-16
6.919114571263749e-16
6.919114571263749e-16
6.919114571263749e-16
6.919114571263749e-16
6.919114571263749e-16
6.919114571263749e-16
6.919114571263749e-16
6.919114571263749e-16
6.919114571263749e-16
6.919114571263749e-16
6.919114571263749e-16
6.919114571263749e-16
6.919114571263749e-16
6.919114571263749e-16
6.919114571263749e-16
6.919114571263749e-16
6.919114571263749e-16
6.919114571263749e-16
6.919114571263749e-16
6.919114571263749e-16
6.919114571263749e-16
6.919114571263749e-16
6.919114571263749e-16
6.919114571263749e-16
6.919114571263749e-16
6.919114571263749e-16
6.919114571263749e-16
6.919114571263749e-16
6.919114571263749e-16
6.919114571263749e-16
6.919114571263749e-16
6.919114571263749e-16
6.919114571263749e-16
6.919114571263749e-16
6.919114571263749e-16
6.919114571263749e-16
6.919114571263749e-16
6.919114571263749e-16
6.919114571263749e-16
6.919114571263749e-16
6.919114571263749e-16
6.919114571263749e-16
6.919114571263749e-16
6.919114571263749e-16
6.919114571263749e-16
6.919114571263749e-16
6.919114571263749e-16
6.919114571263749e-16
6.919114571263749e-16
6.919114571263749e-16
6.919114571263749e-16
6.919114571263749e-16
6.919114571263749e-16
6.919114571263749e-16
6.919114571263749e-16
6.919114571263749e-16
6.919114571263749e-16
6.919114571263749e-16
6.919114571263749e-16
6.919114571263749e-16
6.919114571263749e-16
6.919114571263749e-16
6.919114571263749e-16
6.919114571263749e-16
6.919114571263749e-16
6.919114571263749e-16
6.919114571263749e-16
6.919114571263749e-16
6.919114571263749e-16
6.919114571263749e-16
6.919114571263749e-16
6.919114571263749e-16
6.919114571263749e-16
6.919114571263749e-16
6.919114571263749e-16
6.919114571263749e-16
6.919114571263749e-16
6.919114571263749e-16
6.919114571263749e-16
6.919114571263749e-16
6.919114571263749e-16
6.919114571263749e-16
6.919114571263749e-16
6.919114571263749e-16
6.919114571263749e-16
6.919114571263749e-16
6.919114571263749e-16
6.919114571263749e-16
6.919114571263749e-16
6.919114571263749e-16
6.919114571263749e-16
6.919114571263749e-16
6.919114571263749e-16
6.919114571263749e-16
6.919114571263749e-16
6.919114571263749e-16
6.919114571263749e-16
6.919114571263749e-16
6.919114571263749e-16
6.919114571263749e-16
6.919114571263749e-16
6.919114571263749e-16
6.919114571263749e-16
6.919114571263749e-16
6.919114571263749e-16
6.919114571263749e-16
6.919114571263749e-16
6.919114571263749e-16
6.919114571263749e-16
6.919114571263749e-16
6.919114571263749e-16
6.919114571263749e-16
6.919114571263749e-16
6.919114571263749e-16
6.919114571263749e-16
6.919114571263749e-16
6.919114571263749e-16
6.919114571263749e-16
6.919114571263749e-16
6.919114571263749e-16
6.919114571263749e-16
6.919114571263749e-16
6.919114571263749e-16
6.919114571263749e-16
6.919114571263749e-16
6.919114571263749e-16
6.919114571263749e-16
6.919114571263749e-16
6.919114571263749e-16
6.919114571263749e-16
6.919114571263749e-16
6.919114571263749e-16
6.919114571263749e-16
6.919114571263749e-16
6.919114571263749e-16
6.919114571263749e-16
6.919114571263749e-16
6.919114571263749e-16
6.919114571263749e-16
6.919114571263749e-16
6.919114571263749e-16
6.919114571263749e-16
6.919114571263749e-16
6.919114571263749e-16
6.919114571263749e-16
6.919114571263749e-16
6.919114571263749e-16
6.919114571263749e-16
6.919114571263749e-16
6.919114571263749e-16
6.919114571263749e-16
6.919114571263749e-16
6.919114571263749e-16
6.919114571263749e-16
6.919114571263749e-16
6.919114571263749e-16
6.919114571263749e-16
6.919114571263749e-16
6.919114571263749e-16
6.919114571263749e-16
6.919114571263749e-16
6.919114571263749e-16
6.919114571263749e-16
6.919114571263749e-16
6.919114571263749e-16
6.919114571263749e-16
6.919114571263749e-16
6.919114571263749e-16
6.919114571263749e-16
6.919114571263749e-16
6.919114571263749e-16
6.919114571263749e-16
6.919114571263749e-16
6.919114571263749e-16
6.919114571263749e-16
6.919114571263749e-16
6.919114571263749e-16
6.919114571263749e-16
6.919114571263749e-16
6.919114571263749e-16
6.919114571263749e-16
6.919114571263749e-16
6.919114571263749e-16
6.919114571263749e-16
6.919114571263749e-16
6.919114571263749e-16
6.919114571263749e-16
6.919114571263749e-16
6.919114571263749e-16
6.919114571263749e-16
6.919114571263749e-16
6.919114571263749e-16
6.919114571263749e-16
6.919114571263749e-16
6.919114571263749e-16
6.919114571263749e-16
6.919114571263749e-16
6.919114571263749e-16
6.919114571263749e-16
6.919114571263749e-16
6.919114571263749e-16
6.919114571263749e-16
6.919114571263749e-16
6.919114571263749e-16
6.919114571263749e-16
6.919114571263749e-16
6.919114571263749e-16
6.919114571263749e-16
6.919114571263749e-16
6.919114571263749e-16
6.919114571263749e-16
6.919114571263749e-16
6.919114571263749e-16
6.919114571263749e-16
6.919114571263749e-16
6.919114571263749e-16
6.919114571263749e-16
6.919114571263749e-16
6.919114571263749e-16
6.919114571263749e-16
6.919114571263749e-16
6.919114571263749e-16
6.919114571263749e-16
6.919114571263749e-16
6.919114571263749e-16
6.919114571263749e-16
6.919114571263749e-16
6.919114571263749e-16
6.919114571263749e-16
6.919114571263749e-16
6.919114571263749e-16
6.919114571263749e-16
6.919114571263749e-16
6.919114571263749e-16
6.919114571263749e-16
6.919114571263749e-16
6.919114571263749e-16
6.919114571263749e-16
6.919114571263749e-16
6.919114571263749e-16
6.919114571263749e-16
6.919114571263749e-16
6.919114571263749e-16
6.919114571263749e-16
6.919114571263749e-16
6.919114571263749e-16
6.919114571263749e-16
6.919114571263749e-16
6.919114571263749e-16
6.919114571263749e-16
6.919114571263749e-16
6.919114571263749e-16
6.919114571263749e-16
6.919114571263749e-16
6.919114571263749e-16
6.919114571263749e-16
6.919114571263749e-16
6.919114571263749e-16
6.919114571263749e-16
6.919114571263749e-16
6.919114571263749e-16
6.919114571263749e-16
6.919114571263749e-16
6.919114571263749e-16
6.919114571263749e-16
6.919114571263749e-16
6.919114571263749e-16
6.919114571263749e-16
6.919114571263749e-16
6.919114571263749e-16
6.919114571263749e-16
6.919114571263749e-16
6.919114571263749e-16
6.919114571263749e-16
6.919114571263749e-16
6.919114571263749e-16
6.919114571263749e-16
6.919114571263749e-16
6.919114571263749e-16
6.919114571263749e-16
6.919114571263749e-16
6.919114571263749e-16
6.919114571263749e-16
6.919114571263749e-16
6.919114571263749e-16
6.919114571263749e-16
6.919114571263749e-16
6.919114571263749e-16
6.919114571263749e-16
6.919114571263749e-16
6.919114571263749e-16
6.919114571263749e-16
6.919114571263749e-16
6.919114571263749e-16
6.919114571263749e-16
6.919114571263749e-16
6.919114571263749e-16
6.919114571263749e-16
6.919114571263749e-16
6.919114571263749e-16
6.919114571263749e-16
6.919114571263749e-16
6.919114571263749e-16
6.919114571263749e-16
6.919114571263749e-16
6.919114571263749e-16
6.919114571263749e-16
6.919114571263749e-16
6.919114571263749e-16
6.919114571263749e-16
6.919114571263749e-16
6.919114571263749e-16
6.919114571263749e-16
6.919114571263749e-16
6.919114571263749e-16
6.919114571263749e-16
6.919114571263749e-16
6.919114571263749e-16
6.919114571263749e-16
6.919114571263749e-16
6.919114571263749e-16
6.919114571263749e-16
6.919114571263749e-16
6.919114571263749e-16
6.919114571263749e-16
6.919114571263749e-16
6.919114571263749e-16
6.919114571263749e-16
6.919114571263749e-16
6.919114571263749e-16
6.919114571263749e-16
