2207231.5138212815
2107080.537370093
2104326.977366141
1600483.1565278212
1600483.1565278212
1589107.4765292301
1544736.2769608528
1541099.8971619655
1541099.8971619655
1535130.1699683338
1491908.7687626234
1328463.5276445877
1251756.5787604814
1251756.5787604814
1229964.3539173063
1229964.3539173063
1036997.7667304092
1036997.7667304092
995161.4884722929
930580.0042693225
922626.1251430059
744533.1758705898
501657.2298398921
501657.2298398921
501657.2298398921
501657.2298398921
501657.2298398921
499893.16818953684
499893.16818953684
377569.72760436917
376400.339258016
364684.8393297545
309204.5539026784
269491.3971888013
192295.95144994342
190018.68486011476
189389.5661335993
189389.5661335993
154745.8152102145
154745.8152102145
110214.36790067898
66352.49583349722
65043.88429981805
64898.73988662155
62503.95777659169
62503.95777659169
43325.83982512233
43304.84709468363
29705.85796871092
29061.96442851321
24071.671086451694
24071.671086451694
24064.1672426328
24045.670367351515
14844.202154263496
14844.202154263496
14190.637259890134
6085.63296724425
5768.992885372915
5768.992885372915
5768.992885372915
5592.349234197711
5346.134225456691
5346.134225456691
4798.076290252806
4043.9820121221605
4043.9820121221605
4031.1995539263958
3911.4358665273257
3884.4424565448935
3810.0594673265855
3810.0594673265855
3810.0594673265855
3796.157121929331
3291.4714760608895
3291.4714760608895
3286.3214578827597
3073.7854255223842
3011.3727479751115
2997.5057996318983
2153.6673274533546
1823.6046775798281
1780.448304158651
1778.1586484459824
1767.605953516443
1767.605953516443
1762.6170006645868
1600.4222565410423
1504.2702149411912
1380.4109963800113
1336.2334714000347
1335.9404189898303
1335.9404189898303
1335.9404189898303
1335.9404189898303
1085.963490397012
989.9585440077411
954.2565908857928
843.575338781123
838.0595563330428
738.629897705744
727.5866162533201
727.5866162533201
727.5866162533201
727.5866162533201
703.0412378354652
703.0412378354652
703.0412378354652
665.6200709935066
657.7320962933372
644.6795064518308
644.6795064518308
644.6795064518308
640.1761302914314
630.2520435756386
630.2520435756386
630.2520435756386
606.4368659810791
602.5403911284307
602.0013949564724
602.0013949564724
601.9614816987015
569.2354341887777
565.3326284085712
565.3326284085712
536.6988847563689
536.3311305427413
536.3311305427413
534.7568017163827
534.7568017163827
534.7568017163827
534.7568017163827
534.6185498697888
534.6049740398157
534.6049740398157
484.78572530141906
484.78572530141906
484.78572530141906
391.9537577473726
385.61718065130503
385.61718065130503
305.06025837689106
297.7957211364138
292.5371065470408
248.14412195213785
248.14412195213785
242.6757388255987
242.6757388255987
242.6757388255987
204.06143077327786
196.16338612625623
193.02957131461514
193.02957131461514
193.02957131461514
187.6832055838367
187.6832055838367
184.99043123309494
184.99043123309494
184.99043123309494
182.28072769671095
182.28072769671095
181.16352272876674
181.16352272876674
181.16352272876674
181.16352272876674
149.1179481690239
149.1179481690239
144.93287374347514
137.56838872522434
137.56838872522434
137.56838872522434
137.56838872522434
137.56838872522434
137.56838872522434
137.56838872522434
137.56838872522434
135.98421510533652
135.98421510533652
135.98421510533652
133.3713494102144
127.23148699544022
125.13455703876777
124.9267000122728
124.9267000122728
124.9267000122728
124.9267000122728
124.9267000122728
124.9267000122728
124.9267000122728
123.57196199443149
123.57196199443149
123.57196199443149
123.57196199443149
118.54390777671708
118.527135782716
118.527135782716
118.527135782716
118.527135782716
118.527135782716
118.1541153412155
118.1541153412155
118.1541153412155
118.1541153412155
118.1541153412155
118.1541153412155
114.34800369459724
98.4017143943589
96.38214576715899
96.38214576715899
95.80802957807654
95.80802957807654
94.13633140063378
94.13507146269679
94.13507146269679
94.13507146269679
92.65865071821722
92.65865071821722
92.65865071821722
92.65865071821722
90.46043208619301
90.01729312929204
90.01729312929204
90.01729312929204
89.78086083895752
89.78086083895752
89.78086083895752
89.084439132262
85.8366355133811
85.8366355133811
84.98092736611844
84.98092736611844
84.81408825324135
84.81408825324135
84.81408825324135
84.81408825324135
80.37038232228315
80.37038232228315
78.45560743861728
78.45560743861728
71.25203663277955
71.25203663277955
69.7168050971486
68.63344838451158
68.63344838451158
68.58798140284459
68.36789332968105
68.36562737890678
68.36562737890678
65.50893044305936
64.76544829200209
63.95713915152229
63.870016198995444
43.94311547157818
43.94311547157818
43.94311547157818
43.94311547157818
43.94311547157818
43.94311547157818
43.94311547157818
43.94311547157818
42.618035217443165
41.562421478891956
41.562421478891956
40.71473193294833
40.229741011018554
40.229741011018554
40.229741011018554
40.15953545498837
40.15953545498837
39.82310169751183
39.82310169751183
39.55153439305406
39.55153439305406
39.55153439305406
39.55153439305406
38.63406732283844
38.63406732283844
38.63406732283844
38.42171334548461
35.36514666823106
34.85832593406268
34.85832593406268
34.22348257178081
34.22348257178081
34.22348257178081
34.22348257178081
34.22348257178081
34.22348257178081
34.169442197228854
34.169442197228854
34.169442197228854
33.863837845560376
33.79335559016679
31.334599089041355
31.334599089041355
31.334599089041355
30.75622952472335
30.75622952472335
30.75622952472335
30.75622952472335
30.460889915995992
30.460889915995992
30.460889915995992
30.375455241989
30.375455241989
29.76854049069681
29.76854049069681
28.87313812830506
28.87313812830506
28.837159010484285
28.837159010484285
28.75903913948395
28.75903913948395
26.996174695385168
26.996174695385168
26.996174695385168
26.280615992560744
26.280615992560744
24.56228656189148
24.56228656189148
24.56228656189148
24.55701619614489
24.55701619614489
24.218378153774513
23.93700432951953
23.93700432951953
23.93700432951953
23.07370928753515
23.07370928753515
23.07370928753515
19.718081277289677
19.718081277289677
19.4527853323048
19.4527853323048
19.4527853323048
19.4527853323048
19.4527853323048
19.308169894366948
19.044747977021892
19.044747977021892
19.044747977021892
19.044747977021892
19.044747977021892
19.044747977021892
18.54011645014692
18.54011645014692
17.83425860620857
17.834143594820674
17.824549112807354
17.824549112807354
17.824549112807354
17.824549112807354
17.824549112807354
17.824549112807354
17.824549112807354
17.819905209139534
17.819905209139534
17.00638029771103
17.00638029771103
17.00638029771103
17.00638029771103
17.00638029771103
17.00638029771103
14.663989084139287
14.663989084139287
14.642123491647164
14.351245249847127
14.35085168283151
14.35085168283151
14.34361407680527
14.34361407680527
14.34361407680527
14.34361407680527
14.34361407680527
14.34361407680527
13.853381249437215
13.839019221053775
13.765049272325133
13.765049272325133
13.765049272325133
13.755477279453796
13.755477279453796
13.729633325989518
13.729633325989518
13.729633325989518
13.729633325989518
13.724226549292942
13.724226549292942
13.724226549292942
13.724226549292942
13.724226549292942
13.724226549292942
13.446945191750595
13.046580229975655
12.818017987818424
12.818017987818424
12.81755696047
12.81755696047
12.81755696047
12.81755696047
12.81755696047
12.81755696047
12.027732343681206
12.027732343681206
11.696289553900163
11.696289553900163
11.696289553900163
11.68349156804189
11.536496128910704
11.324175140322335
11.324175140322335
11.324175140322335
11.322813614969977
11.322813614969977
11.322813614969977
11.322813614969977
11.322813614969977
11.322813614969977
11.099777020299216
11.099777020299216
11.099777020299216
11.099777020299216
10.77756497935339
10.77756497935339
10.77756497935339
9.374317560173967
9.374317560173967
9.374317560173967
9.374317560173967
9.342141325981256
9.326849755243042
9.326849755243042
9.32602763400859
9.32602763400859
9.32602763400859
9.304769921408031
8.962484530641923
8.962484530641923
8.962484530641923
8.962484530641923
8.962484530641923
8.962484530641923
8.95545476346151
8.46310797530256
8.46310797530256
8.46310797530256
8.303211025122234
8.274776167861258
8.274776167861258
8.250324160817776
8.250324160817776
8.250324160817776
8.250324160817776
8.000002989027077
7.954664795999982
7.954664795999982
7.954664795999982
7.634306750414624
7.634306750414624
7.63401075349345
7.63401075349345
7.63401075349345
7.633391977620185
7.629528676592203
7.622911860827384
7.622911860827384
7.622173860428225
7.612126938420815
7.612126938420815
7.612126938420815
7.612126938420815
7.612126938420815
7.612126938420815
7.612126938420815
7.5959847518609145
7.5959847518609145
7.392081133373718
7.378681552060742
7.378681552060742
7.378681552060742
7.378681552060742
7.378681552060742
7.137055026278816
6.436383423769502
6.436383423769502
6.434943858649294
6.434943858649294
6.434943858649294
6.434943858649294
6.430385544291619
6.430385544291619
6.430385544291619
6.430385544291619
6.402941762053832
5.7938332909398955
5.791504863094289
5.59576583487425
5.591145763584727
5.540233236316805
5.540233236316805
5.540233236316805
5.540233236316805
5.519694218820116
5.519694218820116
5.519694218820116
5.519694218820116
5.519694218820116
5.250812505397201
5.250812505397201
5.250812505397201
5.250812505397201
5.250812505397201
5.250812505397201
5.250812505397201
5.250812505397201
5.250812505397201
5.250812505397201
5.250812505397201
5.250812505397201
5.250812505397201
5.250803765470389
5.247990026603183
5.247990026603183
5.247990026603183
5.247990026603183
5.247990026603183
5.247990026603183
5.247990026603183
5.247990026603183
5.229040751276084
5.229040751276084
5.214117957987094
5.214117957987094
5.156385189563252
5.156385189563252
5.156385189563252
5.156385189563252
5.156385189563252
4.626752805328815
4.61685795352007
4.61685795352007
4.61685795352007
4.61685795352007
4.61685795352007
4.598559046002531
4.598398485677031
4.598398485677031
4.598398485677031
4.597771703023547
3.2315540639971396
3.2242827021792144
3.1992084152027656
3.019112346231518
3.019112346231518
3.019112346231518
3.019112346231518
3.019112346231518
3.019112346231518
3.019112346231518
3.019112346231518
2.989761361581115
2.989761361581115
2.989761361581115
2.989761361581115
2.989761361581115
2.989761361581115
2.962241662138678
2.9593949069587646
2.9593949069587646
2.958800153247177
2.958800153247177
2.958785231685556
2.957464141669229
2.957464141669229
2.956967335133794
2.9563617416624135
2.9563617416624135
2.9211427956963876
2.9211427956963876
2.8794284243357815
2.8794284243357815
2.8735783320048984
2.8735783320048984
2.8735783320048984
2.8735783320048984
2.8735783320048984
2.8715954522783043
2.8715954522783043
2.8715954522783043
2.840884020775647
2.840884020775647
2.674330355086748
2.6700267251488885
2.6700267251488885
2.6700267251488885
2.6504857974617604
2.6504857974617604
2.650373692509098
2.6460718415610582
2.6460718415610582
2.6460718415610582
2.632704711287942
2.632704711287942
2.616751934240823
2.616751934240823
2.6124953216399787
2.6011588644430326
2.6011588644430326
2.6011588644430326
2.6011588644430326
2.6011588644430326
2.6011588644430326
2.5976531543186683
2.5818195606680927
2.5818195606680927
2.5784056238025164
2.578032092572407
2.578032092572407
2.578032092572407
2.56211796970568
2.56211796970568
2.56211796970568
2.56211796970568
2.56211796970568
2.56211796970568
2.5576757094800904
2.556898991478261
2.556898991478261
2.547165843763146
2.547165843763146
2.526562819119034
2.526562819119034
2.526562819119034
2.438134456550898
2.438134456550898
2.438134456550898
2.436173869641547
2.436173869641547
2.436173869641547
2.436173869641547
2.436173869641547
2.436173869641547
2.436173869641547
2.436173869641547
2.436173869641547
2.436173869641547
2.298076714478071
2.298076714478071
2.289179289254148
2.289179289254148
2.289179289254148
2.2096323616389375
2.2096323616389375
2.2096323616389375
2.2096323616389375
2.2096323616389375
2.2095388232952216
2.1973647253612123
2.1973647253612123
2.1973647253612123
2.1973647253612123
2.1904141088020648
2.1897466375615693
2.1897466375615693
2.1897466375615693
2.0585555376227864
2.0340753207673727
2.0340753207673727
2.0340753207673727
2.0340753207673727
2.0326085209605367
2.030876405880213
2.026431005481844
2.025423750503692
2.025423750503692
2.025423750503692
2.025423750503692
2.0244383078573156
2.0244383078573156
2.0244383078573156
2.0244383078573156
2.0129361615292565
2.0129361615292565
2.0128881095735744
2.0109884689134896
2.0109884689134896
2.0109884689134896
1.9333375419083332
1.9325843894590524
1.9313438433367411
1.9313438433367411
1.9309600180055524
1.9004871845507063
1.893765304978234
1.8264903422209935
1.8250386179641378
1.8250386179641378
1.8250386179641378
1.8237218018527006
1.8237218018527006
1.8237218018527006
1.8237218018527006
1.8237218018527006
1.8237218018527006
1.822233293154349
1.822233293154349
1.822233293154349
1.822233293154349
1.8213518587197348
1.787569475088594
1.787569475088594
1.7724590235968294
1.7496029272342652
1.7432459282768744
1.7414126839441968
1.7068223911800926
1.7068223911800926
1.7068223911800926
1.7068223911800926
1.7068223911800926
1.7058902043244264
1.7058902043244264
1.7031094125431143
1.7031094125431143
1.7031094125431143
1.7031094125431143
1.7030060521700459
1.7030060521700459
1.7030060521700459
1.7030060521700459
1.7030060521700459
1.7030060521700459
1.7030060521700459
1.702778182391639
1.702778182391639
1.7027641808574334
1.7027641808574334
1.700841236078378
1.700841236078378
1.7007356122990185
1.7007356122990185
1.7007356122990185
1.7007356122990185
1.7007356122990185
1.7007356122990185
1.7007356122990185
1.7007356122990185
1.7007356122990185
1.7007356122990185
1.6900327696210202
1.6886988428988932
1.5741335155345193
1.5741335155345193
1.5741335155345193
1.5741335155345193
1.5741335155345193
1.5692152138038686
1.5692152138038686
1.5692152138038686
1.5692152138038686
1.5692152138038686
1.5692152138038686
1.5692152138038686
1.5692152138038686
1.5692152138038686
1.5692152138038686
1.5657689308102491
1.5553301802231707
1.5553301802231707
1.5553301802231707
1.5553301802231707
1.554590373633282
1.554590373633282
1.5487696011241905
1.5487696011241905
1.5487696011241905
1.5486496041597824
1.5486496041597824
1.5486496041597824
1.5485793965444468
1.5485688062088063
1.5485688062088063
1.5458236827869702
1.544592627525772
1.5444915337351546
1.5436896974123702
1.5436896974123702
1.530046742043088
1.5300164555900606
1.5300164555900606
1.5300164555900606
1.5300164555900606
1.5298135633577468
1.5298135633577468
1.3733945535456153
1.3732140401357085
1.3732070737874866
1.3732070737874866
1.3724505454794405
1.3724505454794405
1.3724505454794405
1.368626500455954
1.368626500455954
1.368626500455954
1.368626500455954
1.3683199048325525
1.3683199048325525
1.3162915921967269
1.3162915921967269
1.3162814549014876
1.3162814549014876
1.3162814549014876
1.314615065858944
1.314615065858944
1.314615065858944
1.314615065858944
1.314615065858944
1.314615065858944
1.2966882913032443
1.2966882913032443
1.2838514075654242
1.283800190853229
1.283800190853229
1.283800190853229
1.283800190853229
1.283800190853229
1.283800190853229
1.2795370507131805
1.279044571753622
1.2790289501507548
1.2787849422721325
1.2752405165223077
1.2752405165223077
1.2751457369309938
1.2751457369309938
1.2751457369309938
1.2751457369309938
1.2751457369309938
1.2751457369309938
1.2751457369309938
1.2751457369309938
1.2751457369309938
1.2751457369309938
1.2751457369309938
1.2751457369309938
1.2746473099599587
1.2746473099599587
1.2635746381614301
1.2635746381614301
1.2635746381614301
1.2635746381614301
1.2635746381614301
1.2635746381614301
1.2635746381614301
1.261350053121039
1.261350053121039
1.2548580059599632
1.2548580059599632
1.2548580059599632
1.2548580059599632
1.2548580059599632
1.2548580059599632
1.2548580059599632
1.2548580059599632
1.2545565141143862
1.2545565141143862
1.2545340177261566
1.2404778708196234
1.2401878654528922
1.2401878654528922
1.2401878654528922
1.2399470865308886
1.2399470865308886
1.2363303264457064
1.2363303264457064
1.2363303264457064
1.2363303264457064
1.2352738196487112
1.2351202252994926
1.2346551401955388
1.2341065339162172
1.2340174296400321
1.2275223871230896
1.2275223871230896
1.2268881202606408
1.2268881202606408
1.2268881202606408
1.2233512507021465
1.2233512507021465
1.2233512507021465
1.2233343134483734
1.2233343134483734
1.2232500125960124
1.2232500125960124
1.2232087526753452
1.2232087526753452
1.2232087526753452
1.2232087526753452
1.2232087526753452
1.2232087526753452
1.2232087526753452
1.2232087526753452
1.2231834608049512
1.2231834608049512
1.2231834608049512
1.2231834608049512
1.2231834608049512
1.2221760870292684
1.2210652743132737
1.2210652743132737
1.2210652743132737
1.2202463173789289
1.2202463173789289
1.218686523515626
1.218686523515626
1.21867767570664
1.2155847446091632
1.215557552146439
1.215557552146439
1.2155322455976396
1.2155322455976396
1.2041688799033934
1.2041608542724886
1.2041608542724886
1.2041608542724886
1.2041608542724886
1.2041608542724886
1.2041608542724886
1.2041608542724886
1.2041608542724886
1.2033402580480526
1.2006707304113768
1.2006707304113768
1.2006707304113768
1.1823814294178843
1.1823814294178843
1.1823814294178843
1.1812447700865765
1.1812447700865765
1.1812447700865765
1.1812447700865765
1.1812447700865765
1.1812447700865765
1.1810352790241077
1.1810352790241077
1.1810352790241077
1.1810352790241077
1.1805264672003637
1.1791444508407194
1.178430901519129
1.178430901519129
1.176648516513344
1.1744191557423762
1.1744191557423762
1.1744191557423762
1.1692714855774642
1.1673573658703713
1.167350227111155
1.167350227111155
1.167350227111155
1.167029467528962
1.167029467528962
1.167029467528962
1.167029467528962
1.1637889158347812
1.1637889158347812
1.1626291853654007
1.1626291853654007
1.1626291853654007
1.1626291853654007
1.1626291853654007
1.1626291853654007
1.1626291853654007
1.1625205787488606
1.1606850601177643
1.1606850601177643
1.160677698874495
1.160485813964349
1.160485813964349
1.158734679740392
1.158734679740392
1.158734679740392
1.157801858491457
1.157801858491457
1.1577436799014758
1.157711414858352
1.157711414858352
1.157711414858352
1.157711414858352
1.157711414858352
1.1576633735431754
1.1576633735431754
1.1576633735431754
1.1576564685454414
1.1576564685454414
1.1553011739236707
1.1527572753809254
1.1527572753809254
1.1527572753809254
1.1527572753809254
