2857551.666494251
2857551.666494251
2790711.740249808
2549721.535934055
2454489.161067779
2454489.161067779
2454489.161067779
1827101.146263294
1827101.146263294
1570318.2700247136
1570318.2700247136
1570318.2700247136
1569006.7477632116
1566956.2540125663
1427060.4182780974
1280132.9695730845
1052107.149711898
1023204.8155590461
1023204.8155590461
1023204.8155590461
1022073.6940922874
867521.6601493763
674380.9275282652
590551.5856111293
577059.6032785579
575362.3599220911
502526.5911665337
457690.5740259699
457690.5740259699
451134.81023062114
446989.366764292
426989.46866761404
426989.46866761404
419881.3340790522
340467.769019027
245562.11381691415
245562.11381691415
176073.94419075915
174675.2955775148
172997.64747320852
160003.30821938498
152556.16924957267
101283.60612951274
101250.72231887058
60961.632932780696
31085.91225076693
30750.725682441574
30750.725682441574
30750.725682441574
30496.426158619695
30496.426158619695
30496.426158619695
29045.042463622536
9845.284953603894
9836.885984488328
9836.885984488328
9609.737813887468
9528.477927341633
9528.477927341633
9528.477927341633
9420.284020080735
9420.284020080735
8862.87680123291
6100.251866215063
6100.251866215063
6100.251866215063
6100.251866215063
4604.134480095641
4602.421765937515
4602.421765937515
4602.421765937515
4602.421765937515
4595.835882912263
4391.194852817937
4062.2653630502264
3849.6963751329063
3849.6963751329063
3849.6963751329063
3701.4867687705396
3283.177843923272
2835.4007481304225
2835.4007481304225
2711.727865295667
2617.0676231577327
2467.096977185274
2200.863863404304
1828.3582594764605
1802.844268240319
1802.844268240319
1387.5425298396349
1296.413308933194
1085.9538090153342
1085.9538090153342
983.5137074231797
983.5137074231797
802.6653340354812
800.3628313611915
800.3628313611915
790.9576176052628
790.9576176052628
691.5730002220962
691.5730002220962
691.4165053785042
679.7730506826443
679.7730506826443
679.7730506826443
678.4006705165734
678.4006705165734
677.2511071012987
550.9298069787484
536.0145330796333
536.0145330796333
536.0145330796333
536.0145330796333
530.3595231412572
530.3595231412572
530.3595231412572
529.3654080349417
529.3575901097951
529.3575901097951
524.6429887901224
498.2524813666343
498.2524813666343
498.2524813666343
448.8127759567938
448.60948359280604
448.60948359280604
448.60948359280604
443.52219082589863
389.69276723074944
389.69276723074944
389.56081588026103
389.56081588026103
363.89010366643964
361.47865327279186
349.9106887141342
346.08217736710736
329.6317157277479
327.19683169655667
302.5617492328165
302.5617492328165
297.12700589257486
290.2678736383895
287.1383012240905
286.41373892998934
286.41373892998934
286.41373892998934
286.41373892998934
265.07283603664916
265.07283603664916
265.07283603664916
265.07283603664916
265.07283603664916
264.4185562384869
264.4153039419714
260.6500271256951
260.6500271256951
260.6500271256951
256.2818390290924
256.2818390290924
242.82902029835216
237.57289726257693
237.57289726257693
234.90148884698638
203.78999850209303
203.78999850209303
198.69402891205795
189.63912061270304
185.1672070338264
182.94630148188708
182.94630148188708
178.02452806648387
178.02452806648387
164.33823812933434
164.33823812933434
164.33823812933434
164.33823812933434
162.06815987882842
154.89072261669776
154.26875846427242
152.61743344108461
149.739101156235
149.739101156235
149.69021102847162
149.69021102847162
149.69021102847162
132.76990346841893
132.76990346841893
132.76990346841893
125.46491046957621
125.46491046957621
125.46491046957621
125.06959792769506
124.00374943290075
121.75054490920975
121.75054490920975
121.75054490920975
118.82374137000686
116.89820706361421
116.40693764535108
103.1345501257777
103.1345501257777
103.1345501257777
103.1345501257777
99.30734508475987
99.30734508475987
99.03859069236347
88.09055271926736
88.09055271926736
87.83629300749763
74.300386835615
74.12719390923114
74.12719390923114
74.12719390923114
74.12719390923114
72.32358735292982
72.32358735292982
72.17416677882967
72.17416677882967
71.44785484164677
71.44785484164677
70.50498478511135
70.50498478511135
70.50498478511135
70.45418214033083
70.45418214033083
70.45418214033083
70.45418214033083
70.45418214033083
69.91531724687165
69.85252484832642
69.85252484832642
61.478592778794564
61.24088543582077
61.24088543582077
50.76442785039978
49.75633697192793
49.575632901834275
49.575632901834275
49.575632901834275
49.575632901834275
49.241132888781266
49.241132888781266
49.241132888781266
49.241132888781266
48.98007550510096
45.49768496677007
45.49768496677007
44.907245359161166
44.907245359161166
44.907245359161166
44.907245359161166
44.907245359161166
44.36885786002751
44.004019694319624
43.313134297552956
41.59042189371257
40.70125311572821
40.70125311572821
40.70125311572821
39.011276412658
39.011276412658
39.011276412658
39.011276412658
39.011276412658
39.011276412658
39.011276412658
37.81893123008219
37.46465612993018
37.46465612993018
37.46465612993018
37.46465612993018
37.46465612993018
37.46465612993018
37.46465612993018
37.46465612993018
37.46465612993018
37.14602738981949
37.05423449535357
35.89419768831633
35.89419768831633
35.89419768831633
35.89419768831633
35.89419768831633
35.89419768831633
35.89419768831633
35.561443079672614
35.561443079672614
35.561443079672614
35.561443079672614
35.35783227108834
35.35783227108834
35.35783227108834
35.35783227108834
35.35783227108834
35.35783227108834
34.987457780841375
34.987457780841375
34.987457780841375
34.986547623412655
34.986547623412655
34.986547623412655
34.75941866393278
34.75941866393278
34.46690044955838
34.46690044955838
34.25387614852004
34.044035979576044
34.044035979576044
31.680115472509993
31.680115472509993
31.680115472509993
28.700822263444284
26.78056084919101
26.78056084919101
25.820801820754653
23.842296569102718
23.632303393262784
23.632303393262784
23.632303393262784
23.632303393262784
23.632303393262784
23.632303393262784
23.586504304935442
23.586504304935442
23.586504304935442
23.586504304935442
23.586504304935442
23.52970186752642
22.906311822669558
22.37529697079026
15.919549771151527
15.919549771151527
15.8683070060347
15.8683070060347
15.86694331129313
15.829177829681926
15.207779181458791
15.207779181458791
15.207779181458791
15.1671308513644
14.931194540915618
14.931194540915618
14.780951707099328
14.742026587439382
14.3109984414115
14.3109984414115
14.074304616672952
13.87027282531392
13.760143563003277
13.53202415442873
13.53202415442873
13.485896846123147
13.36074608208778
13.36074608208778
13.331763669120493
13.236199928252356
13.236199928252356
13.232972232514522
13.232105251752822
13.228828378720854
13.228828378720854
13.155203041570077
13.148491432839581
13.119351200582248
12.452892225980356
12.452892225980356
11.891166830139296
11.7628440313876
11.749999779575825
11.749999779575825
11.749999779575825
9.862893068215655
9.47674011171956
9.47674011171956
9.47674011171956
9.47674011171956
9.47674011171956
9.464472994711574
9.464472994711574
9.284852747647001
9.278852218698765
9.278852218698765
9.206179115027536
9.206179115027536
9.151726663772642
8.833961983052456
8.833961983052456
8.833961983052456
8.815909308028237
8.815909308028237
8.812997265890555
8.812997265890555
8.812997265890555
8.812294283150504
8.812294283150504
8.812294283150504
8.811064202739189
8.811064202739189
8.811064202739189
8.034863230130286
8.030191829720305
7.991653405222327
7.948601090488676
7.948601090488676
7.939649328733586
7.908684594729107
7.884857712092282
7.879470642296938
7.879470642296938
7.872235441252571
7.872235441252571
7.872235441252571
7.869711095231941
7.853357598007979
7.8392648623931205
7.836346172211619
7.836321253203375
7.613228812794219
7.613228812794219
7.613228812794219
7.613228812794219
7.613228812794219
7.613228812794219
7.58659870060072
7.58659870060072
6.968617242338009
6.892519762040753
6.892519762040753
6.824443299209177
6.824443299209177
6.478385005865891
6.478385005865891
6.478385005865891
6.478385005865891
6.424780527081818
6.424780527081818
6.187367526955374
6.187367526955374
6.175685983771984
6.175685983771984
6.130926405940189
6.100932932692875
6.100932932692875
6.100932932692875
6.100932932692875
6.100932932692875
6.100932932692875
6.100932932692875
5.686511143545568
5.686511143545568
5.656273950759056
5.656273950759056
5.656273950759056
5.656273950759056
5.636648429472299
5.636648429472299
5.636648429472299
5.601461265132404
5.436135467720179
5.436135467720179
5.436135467720179
5.436135467720179
5.405620861618359
5.405620861618359
5.382158357081502
5.382158357081502
5.380316247817815
5.36412847706133
5.36412847706133
5.321964878002058
5.285602199046583
5.27619188509795
5.271200766412877
5.270297951619414
5.257752547314037
5.24491008014636
5.235049356809465
5.235049356809465
5.235049356809465
5.235049356809465
5.231032659024721
5.224540871747586
5.222728207055471
5.178647465327553
5.178647465327553
5.178647465327553
4.89882082844791
4.895826922729504
4.672798382025197
4.672798382025197
4.672777885599457
4.672777885599457
4.6718930885998144
4.6123424495516705
4.601391308822224
4.55917895528074
4.394365673320769
4.332658041868314
4.332328752858016
4.332328752858016
4.332328752858016
4.332328752858016
4.32239844924619
4.280799298124326
4.269461541486325
4.16880380051573
4.168792207276267
4.168792207276267
4.010745376172675
4.010041895806135
4.010041895806135
3.999289696505877
3.999289696505877
3.7802134976408874
3.705847856842154
3.505523334821543
3.4868148214697916
3.4829997599841134
3.4829997599841134
3.4829997599841134
3.4746875790713334
3.438152948877436
3.4362041739103297
3.3878892776929463
3.3318652833195865
3.282251474415618
3.282251474415618
3.2767979900455164
3.0526063824778973
3.0526063824778973
3.0523486633694157
3.0523486633694157
3.0523486633694157
3.0516042561481083
3.0516042561481083
3.0516042561481083
3.0516042561481083
2.9776009157795253
2.9776009157795253
2.9703998646247234
2.966889090882823
2.9462542082239787
2.945980984437653
2.945980984437653
2.945980984437653
2.9387374638388937
2.9278825882680355
2.767766428848153
2.7559350234082762
2.7559350234082762
2.7457758619286037
2.6870328839200597
2.6870328839200597
2.6870328839200597
2.6870328839200597
2.6870328839200597
2.6870328839200597
2.6870328839200597
2.6855344914884203
2.6844025985584326
2.6844025985584326
2.6844025985584326
2.6630098994911187
2.6630098994911187
2.4796380604334436
2.4791270994498613
2.4791270994498613
2.4791270994498613
2.4791270994498613
2.4791270994498613
2.4791270994498613
2.4791270994498613
2.4791270994498613
2.466185438531092
2.466185438531092
2.462021822123345
2.462021822123345
2.46181616518942
2.461681398797343
2.461681398797343
2.461681398797343
2.3617108813721077
2.3616934622276826
2.3610930477625387
2.3610930477625387
2.3610930477625387
2.356221111659981
2.356221111659981
2.356221111659981
2.3483534140983564
2.3483534140983564
2.3483534140983564
2.3438138720297417
2.3438138720297417
2.33970451019213
2.33970451019213
2.33970451019213
2.336355066384146
2.336355066384146
2.262264503372588
2.254974048722053
2.254974048722053
2.2408470783150083
2.2408470783150083
2.232754632498684
2.232754632498684
2.232754632498684
2.231068928761099
2.231068928761099
2.231068928761099
2.231068928761099
2.2300731569458563
2.2300731569458563
2.2300731569458563
2.2300661189822923
2.2300661189822923
2.1568824263450486
2.1568824263450486
2.1525783745625744
2.145953573811563
2.145953573811563
2.145928674196624
2.145928674196624
2.141605348899097
2.141605348899097
2.141605348899097
2.1404598540502335
2.139525358181665
2.139525358181665
2.139525358181665
2.1169947755483
2.111327968009928
2.111327968009928
2.0807211366717424
2.0807211366717424
2.056218462479621
2.056218462479621
1.9772048057306066
1.9772048057306066
1.9772048057306066
1.9772048057306066
1.964938427394653
1.964938427394653
1.9258926972377983
1.9258926972377983
1.9254567222463288
1.9254567222463288
1.9164929951214125
1.8483468969878
1.8465879603310125
1.8465879603310125
1.8429335834508664
1.8429335834508664
1.8428170605025935
1.8397578276144344
1.8397578276144344
1.8274408634984745
1.803640065541843
1.803640065541843
1.803640065541843
1.6893615988988373
1.688327778661413
1.688327778661413
1.6472163062330905
1.6472163062330905
1.6300663354488718
1.6300663354488718
1.6300663354488718
1.6300663354488718
1.6300663354488718
1.6300663354488718
1.6300663354488718
1.6300663354488718
1.6300663354488718
1.6082306700333928
1.5517674376921808
1.5517674376921808
1.5517674376921808
1.5515861432352565
1.5515861432352565
1.5515626724551186
1.5251676192002046
1.5248805690912903
1.5248805690912903
1.5248805690912903
1.5037744465292988
1.5037744465292988
1.4479595583560698
1.440359003479209
1.440359003479209
1.440359003479209
1.440359003479209
1.4189668950067518
1.4189668950067518
1.3269922723445202
1.3269922723445202
1.3259319836161536
1.3259319836161536
1.3259319836161536
1.3259319836161536
1.3003615249685863
1.2886314358462054
1.2885984012168015
1.2802264755229131
1.2802264755229131
1.2802264755229131
1.2802264755229131
1.2802264755229131
1.2713633469304768
1.2713633469304768
1.2713633469304768
1.2503622573443514
1.2235116120851772
1.2151005602210383
1.2148464210507868
1.214050888685717
1.2073531222796463
1.2006015889918014
1.2006015889918014
1.2006015889918014
1.1712376960351074
1.1712376960351074
1.1712376960351074
1.1712376960351074
1.1712376960351074
1.1712376960351074
1.1712376960351074
1.1432833001436917
1.1363879823466283
1.1363879823466283
1.1363879823466283
1.1363879823466283
1.1363879823466283
1.1355053605921703
1.1355053605921703
1.1355053605921703
1.1334907214179375
1.1255577741128395
1.1255577741128395
1.1255577741128395
1.1255577741128395
1.1255577741128395
1.1255577741128395
1.1255577741128395
1.1255577741128395
1.124706860718152
1.124706860718152
1.124706860718152
1.1242877943521095
1.1108036497758123
1.1108036497758123
1.1105490616091962
1.1105490616091962
1.106443143247394
1.106443143247394
1.1016397390501693
1.0834863847445584
1.0834863847445584
1.0834863847445584
1.0774087674406099
1.0771755139227224
1.0771755139227224
1.0720077743626573
1.068373907193161
1.068373907193161
1.0652269677110031
1.0652269677110031
1.060705840058142
1.060705840058142
1.0591650640411332
1.0591650640411332
1.0554388517845565
1.0549875414974081
1.0015619187710385
1.0015619187710385
1.0015619187710385
0.9897354181214826
0.9886846308984509
0.9886846308984509
0.9886846308984509
0.9886846308984509
0.9782299420938498
0.9754767258774268
0.9754767258774268
0.9754767258774268
0.9754767258774268
0.9688146966656188
0.9688146966656188
0.963734455925878
0.963734455925878
0.963734455925878
0.9568621652935945
0.9568621652935945
0.9550849885194848
0.9550849885194848
0.9550849885194848
0.9550600860931178
0.951697099402242
0.9494591003758783
0.9494591003758783
0.9494591003758783
0.9107883244329571
0.9102576869918477
0.9102576869918477
0.9092799952308457
0.899992411543558
0.8982583900508561
0.8982583900508561
0.8982583900508561
0.8982583900508561
0.8982583900508561
0.8932436244196686
0.8932436244196686
0.8932436244196686
0.8783097632349643
0.8730429432159228
0.8704266772198239
0.8694280837205919
0.8694280837205919
0.8615422416770537
0.8535082423610707
0.8485308726657983
0.8081064137306009
0.8047092440780896
0.7902495550004445
0.7901142809711508
0.7885191780444039
0.7861921302877255
0.7861921302877255
0.7861921302877255
0.7859828214369515
0.7859828214369515
0.7804836247503757
0.780015866437215
0.7733168829125845
0.7733168829125845
0.7733168829125845
0.7715135019271422
0.7708392019410248
0.7708392019410248
0.7692751433055458
0.7582802164962386
0.7578843684986667
0.7578843684986667
0.7578843684986667
0.7477771346502307
0.747365548165394
0.7473655375040014
0.7473655375040014
0.7264800537818626
0.7264800537818626
0.721468803372556
0.721468803372556
0.721468803372556
0.721468803372556
0.701621492041391
0.7015275970170187
0.7015275970170187
0.7009989605618803
0.6997011101278376
0.6997011101278376
0.6996223537445875
0.6996097964171183
0.693028772905458
0.693028772905458
0.693028772905458
0.693028772905458
0.693028772905458
0.6857943044682077
0.6857943044682077
0.6736633509166773
0.6721234090274247
0.6720788074485032
0.6715343602053366
0.6686973827482746
0.6686579405285809
0.668592038698729
0.668592038698729
0.668592038698729
0.6685691770518029
0.6685691770518029
0.668566119238573
0.668566119238573
0.6667605299488026
0.6667605299488026
0.6667330997933263
0.6667330997933263
0.6667330997933263
0.6667330997933263
0.6667330997933263
0.6622555143132911
0.6620870242862715
0.6620870242862715
0.6620870242862715
0.6609987785489025
0.657134012458566
0.599468187636981
0.5990320721092518
0.5990320721092518
0.598960868451394
0.5983325006021633
0.5910896482380107
0.5910033979770102
0.5910033979770102
0.5910033979770102
0.5910033979770102
0.5891420150235931
0.5670200189789317
0.5660029422284806
0.5660029422284806
0.5538018969085556
0.5538018969085556
0.5537570252574034
0.5537570252574034
0.5537570252574034
0.5537570252574034
0.5537570252574034
0.5509740754099133
0.5507417730851747
0.5500101195152387
0.5370456994319228
0.5370456994319228
0.5370456994319228
0.5363248414064222
0.5363248414064222
0.5346074751688045
0.5346074751688045
0.5346074751688045
0.5346074751688045
0.5346074751688045
0.5346074751688045
0.5346074751688045
0.5346074751688045
0.5326912929722069
0.5326912929722069
0.5153125395893599
0.5153125395893599
0.5151057941382079
0.5149710868080402
0.5149710868080402
0.5048048190375723
0.5048048190375723
0.5047914553792793
0.5043888712952372
0.5027140240132792
0.5027140240132792
0.5027140240132792
0.5017601187587438
0.45062462221919
0.45062462221919
0.45057908882491726
0.45057908882491726
0.45057908882491726
0.45057908882491726
0.45057908882491726
0.45057908882491726
0.386725588101469
0.38632152269132747
0.38632152269132747
0.38632152269132747
0.38632152269132747
0.38632152269132747
0.38632152269132747
0.38632152269132747
0.38632152269132747
0.3855294745774758
0.3855294745774758
0.3855294745774758
0.3855294745774758
0.3855229716059998
0.3855229716059998
0.38549361952258576
0.38549235436196344
0.38218897071587216
0.38218897071587216
0.38218897071587216
0.37156359902777186
0.37156359902777186
0.37120939626304744
0.36836409778857016
0.3658785148065773
0.3658785148065773
0.3658785148065773
0.36562754268079733
0.36562754268079733
0.3646011749496108
0.32159279559626297
0.32159279559626297
0.32159279559626297
0.32148159586344305
0.3212474272680582
0.32124713440875624
0.32124713440875624
0.3212282004937917
0.3186881621063864
0.3186881621063864
0.3186881621063864
0.3186881621063864
0.3186881621063864
