75199.71152769229
71959.77534712876
71743.80335660276
71203.62410555691
71203.62410555691
64571.609408135475
60984.70819773096
57174.4722766136
54199.965464980756
53714.19854465277
48809.93386183825
48809.93386183825
45641.19216292948
40978.18161688204
40670.63526314976
40659.58007195533
39641.48923167268
34027.873032383
34027.873032383
33989.096812952404
29763.053274172256
29604.482180442545
29604.482180442545
28394.039159594708
28394.039159594708
23091.995674753824
21607.151997776673
19964.54851098013
19771.009066141185
19338.967670283517
13769.938152638539
13769.10942468144
13769.10942468144
12712.869874036543
12695.239004977679
12342.346254618436
10637.444977102867
10093.073148893958
10093.073148893958
10013.204623891452
5697.703127105457
5685.166360011453
5633.995930711682
5383.64314629335
3232.1889456291597
3222.230292035158
3222.0877151485993
3222.0877151485993
3157.8915484283552
3157.8915484283552
3157.8915484283552
2952.2643467295475
2923.5996063436332
2558.677116528366
2558.677116528366
2539.666722389832
2288.3630988319037
2029.723950167279
1586.2473041519152
1575.5826723230148
1144.0733500177976
1092.5655186619072
1092.5655186619072
743.0608325394771
741.3776349633354
741.3776349633354
741.3776349633354
733.4203978631983
675.786350586575
623.651402993969
619.3130009212987
619.3130009212987
573.2253027155411
573.2253027155411
311.67656948038683
311.6530474235762
311.6530474235762
311.6530474235762
304.9506644572163
304.9506644572163
287.98666076601995
287.98666076601995
287.98666076601995
287.98666076601995
155.90123162062304
149.73870908521923
142.91185623356625
142.82020969492305
123.12930511489155
122.46435995614759
116.71578447009146
115.58344071230842
111.80976559820898
98.39111505828696
96.56809806118089
96.50966003443459
83.53261293170775
83.53261293170775
83.53261293170775
81.09425860359347
71.91793596568996
51.26951143748795
51.26951143748795
49.53870368818067
46.92416477961778
46.66667605060379
39.457885984859466
31.100099202358496
28.536129298215588
28.536129298215588
28.536129298215588
26.793931649266934
22.75139862256557
22.677946625259157
21.885970615513173
21.679032205186726
21.096280933503483
13.755406788940483
13.755406788940483
10.348701681077205
4.960174979217383
4.7654014212770655
4.7654014212770655
4.7654014212770655
4.7654014212770655
4.7654014212770655
4.760806540656607
4.6017810775832455
3.0992409381096113
2.9873408796099072
2.9873408796099072
2.9417562761508322
2.452721746705132
2.452721746705132
2.028127288990827
2.027577168920663
2.027577168920663
2.0014705789701828
2.0014705789701828
1.9132072290861055
1.8291823688022417
1.2025175947552942
1.2025175947552942
1.1861879683406962
1.0667159506319859
0.7750448131464354
0.7737459620826732
0.7737459620826732
0.7727120459453367
0.7727120459453367
0.7727120459453367
0.7568900214954808
0.3928948208363596
0.39112057101031383
0.39112057101031383
0.39112057101031383
0.3543003639831703
0.35101972921748303
0.3479140865944083
0.3479140865944083
0.3479140865944083
0.3479140865944083
0.3361838978996005
0.31535264279267833
0.2747628464832448
0.2747628464832448
0.2735574356018569
0.2735574356018569
0.2735574356018569
0.273503736980273
0.2616254864890306
0.15815527903066773
0.15334116076264243
0.15334116076264243
0.15221127019896266
0.15215516546041483
0.1425649943281716
0.1425649943281716
0.13680638839630493
0.13680638839630493
0.1288211126448409
0.11781769550668293
0.0907045462001198
0.0907045462001198
0.06746577903650477
0.06746577903650477
0.06746577903650477
0.06122911679146103
0.06122911679146103
0.060395674841387914
0.06038450915639934
0.03313728111862611
0.03197435332940519
0.03173019009565012
0.031614901223411374
0.028843510604595234
0.019202278541816827
0.019202278541816827
0.018886132779049204
0.018613652135358733
0.01600411569593287
0.015382739022200604
0.01536814908045137
0.013513648386160967
0.010051045082963119
0.008904215759996127
0.00812286812844219
0.007923068129981045
0.005897936380897785
0.0038118817787503026
0.0038078586638703
0.0038078586638703
0.0038078586638703
0.0036522360872950047
0.0032078697711561224
0.003178214894750978
0.0029583769769479322
0.0025695131117146495
0.0023415565838673484
0.002339128020200757
0.002339128020200757
0.00219992828889437
0.0021999234530848733
0.0018487179854962167
0.0011008417961466265
0.0011008417961466265
0.001082414708287405
0.001058698490845571
0.001057670377769724
0.001057670377769724
0.001057670377769724
0.0010045757947214936
0.0009342312090420281
0.0007941895223444644
0.0007300740782179181
0.0007300740782179181
0.0007300740782179181
0.0007168536289584729
0.0005869368039653385
0.0005245156658582502
0.00047455210522049214
0.0004325518769777098
0.0004294798395571341
0.0003915463093350953
0.0003915463093350953
0.00036137096776921624
0.0003087622995672327
0.0002972053266454119
0.0002972053266454119
0.0002970756994696233
0.0002909725757122176
0.0002909725757122176
0.00022558056156287974
0.0002253986024534594
0.00012667699086961058
0.00012662658736100515
0.0001264948161317039
0.00012649223953620754
0.0001264445539307271
0.0001234703665853683
0.00011588109212089274
0.00011588109212089274
0.00011588109212089274
0.00011548151146174726
0.00011495056290632844
0.00010203043263009558
0.00010058376069639003
9.055009356096142e-05
8.95641453415696e-05
8.555067633791938e-05
8.555067633791938e-05
8.555067633791938e-05
8.555067633791938e-05
8.555067633791938e-05
6.722248661090722e-05
5.7265548679412934e-05
5.085334284242569e-05
4.312485250448344e-05
4.30278829276861e-05
2.8020007447252077e-05
2.801983214234533e-05
2.801983214234533e-05
2.788100947513693e-05
2.7521583605793117e-05
2.4194565004562775e-05
2.2933498332953945e-05
1.5975135465241264e-05
1.597054152812115e-05
1.511113507109142e-05
9.151523272386983e-06
9.139163761332877e-06
9.139163761332877e-06
9.139163761332877e-06
9.139163761332877e-06
8.979819080210846e-06
8.08857257812327e-06
8.081994317887242e-06
7.99344393655232e-06
6.05595307510605e-06
3.2925899090220607e-06
3.0883452228983183e-06
3.088044085952785e-06
1.675569738181845e-06
1.6559834067396155e-06
1.6559834067396155e-06
1.6559834067396155e-06
1.6478106978044683e-06
1.6304562375039391e-06
1.6288039845208268e-06
1.6286914222449058e-06
1.626204779105204e-06
1.0538988097460738e-06
1.0529854552953271e-06
1.0529475545252075e-06
1.0525787354894463e-06
6.81737339834966e-07
6.790477922584175e-07
6.479238288842745e-07
6.323628623988218e-07
4.5863349525461604e-07
4.0454134159060896e-07
3.6358530697534346e-07
2.526684539122442e-07
2.513985681217012e-07
2.5090091903297584e-07
2.5090091903297584e-07
2.5090091903297584e-07
1.993158472666032e-07
1.993158472666032e-07
1.993158472666032e-07
1.9925072756676862e-07
1.9526828883106528e-07
1.9526568504695675e-07
1.9526568504695675e-07
1.9526568504695675e-07
1.7140348591766443e-07
1.5772627714150283e-07
1.4069947263709003e-07
1.4069947263709003e-07
1.3991582815868832e-07
9.75013152310598e-08
9.75013152310598e-08
9.75013152310598e-08
7.198598012105999e-08
5.8987271403792386e-08
5.6717491936641865e-08
3.407465358648695e-08
3.3976840548281504e-08
3.3976840548281504e-08
3.3976840548281504e-08
2.6699258839473313e-08
2.665311069764464e-08
2.662713115719908e-08
2.662713115719908e-08
2.662713115719908e-08
2.662713115719908e-08
2.662713115719908e-08
2.6066079746043994e-08
2.594767694717031e-08
2.576105103397006e-08
2.576105103397006e-08
2.0022534876100948e-08
2.0022534876100948e-08
2.0022534876100948e-08
1.000143654119908e-08
9.928889435330515e-09
9.912134256557379e-09
9.912134256557379e-09
9.5631070266132e-09
9.5631070266132e-09
7.846398041544452e-09
7.588516864642175e-09
7.588516864642175e-09
6.198860198156117e-09
6.149622308843005e-09
6.055661402276475e-09
6.0008898648816285e-09
6.000002992658154e-09
5.566762400120079e-09
5.4865009644880075e-09
5.4804789446343e-09
5.480477126618739e-09
5.480477126618739e-09
5.46796824132093e-09
5.191417211918229e-09
2.8925668567281166e-09
2.813570052624964e-09
2.813570052624964e-09
2.1306544898843323e-09
2.117226133501993e-09
2.1156262544000687e-09
2.0165679183350956e-09
2.0073715208511767e-09
1.927685673468009e-09
1.9201508290901712e-09
1.9201508290901712e-09
1.9121770791996222e-09
1.8351618773541354e-09
1.586341925676058e-09
1.5672209534168993e-09
9.798314534419268e-10
9.686118905306868e-10
9.685482438433712e-10
9.685482438433712e-10
9.685482438433712e-10
7.001115951972874e-10
6.591472229034488e-10
6.510581945977487e-10
6.495527412320429e-10
6.479132444763637e-10
6.479132444763637e-10
6.418505544283949e-10
6.418505544283949e-10
6.412969161594701e-10
5.239617426993399e-10
5.239582406462296e-10
5.19218201792028e-10
4.137228276819874e-10
4.10620883830063e-10
4.105414601131362e-10
3.5561724857543173e-10
3.4519416903830223e-10
3.4519416903830223e-10
3.4519416903830223e-10
3.4519177917733144e-10
3.451901772935701e-10
3.200374919086699e-10
1.8153770254159982e-10
1.8127151767150023e-10
1.5515720648834033e-10
1.5515720648834033e-10
1.5280414212722064e-10
1.4577655848381968e-10
1.3705863121035878e-10
1.3308606967662762e-10
8.820973451207975e-11
8.820117133492047e-11
8.638161425224962e-11
8.352993935258637e-11
8.342435859075925e-11
5.739209154809825e-11
5.6859984787376993e-11
5.6759700997547954e-11
5.368709504994809e-11
5.3475152526523083e-11
5.3475152526523083e-11
3.818578812687496e-11
3.818578812687496e-11
3.8056519649983354e-11
3.684233849916199e-11
3.39696648548186e-11
1.886618600183801e-11
1.7955929026203254e-11
1.6468005939714652e-11
1.6099543421314657e-11
1.5725519658080246e-11
1.5725519658080246e-11
1.5725519658080246e-11
1.407113440287507e-11
1.4070143074613323e-11
1.4042310491160659e-11
1.3909056733226162e-11
9.900992110507798e-12
9.900992110507798e-12
9.864175127342064e-12
8.78926948067412e-12
8.788918646288376e-12
4.593590262593844e-12
3.1511664773482876e-12
3.1511664773482876e-12
3.151119031441815e-12
3.151119031441815e-12
2.033733866557609e-12
2.0335554186410436e-12
2.0316584397413046e-12
2.0316584397413046e-12
2.027666211956448e-12
2.027666211956448e-12
2.026927683090027e-12
1.2563586606850342e-12
1.2380168027794066e-12
1.2380168027794066e-12
1.2380168027794066e-12
1.2338165726119358e-12
1.2337823798147009e-12
6.168929238299348e-13
6.168929238299348e-13
6.168929238299348e-13
6.154158697376138e-13
6.154158697376138e-13
5.931643399532962e-13
5.14016772495819e-13
5.14016772495819e-13
3.388654203685945e-13
3.202936046184006e-13
3.202936046184006e-13
3.202936046184006e-13
3.202936046184006e-13
3.141648517647083e-13
3.141648517647083e-13
2.0387099188847823e-13
2.0304217853796134e-13
1.8430011884808353e-13
1.821895868880643e-13
1.821742347560016e-13
1.821742347560016e-13
1.6592146335728922e-13
1.369310729353428e-13
1.2807898635745528e-13
1.2794295982824734e-13
1.2794295982824734e-13
8.469908516145217e-14
8.469908516145217e-14
7.446904935021439e-14
5.5378479374229456e-14
5.353394893921863e-14
5.2435952585775984e-14
5.2435952585775984e-14
5.2435952585775984e-14
5.2435952585775984e-14
5.165170803400578e-14
4.900445843914674e-14
2.6936897543692093e-14
2.454255930563776e-14
1.9865689275700946e-14
1.9865689275700946e-14
1.9865689275700946e-14
1.9865689275700946e-14
1.9865689275700946e-14
1.9350316914867725e-14
1.8296845518859697e-14
1.8296845518859697e-14
1.8296845518859697e-14
1.798300282657904e-14
1.08026833542992e-14
1.0757359301248799e-14
1.0757359301248799e-14
1.0757359301248799e-14
9.976796857775223e-15
5.158618757268305e-15
5.158618757268305e-15
5.158618757268305e-15
3.9472824826719224e-15
3.8822812543730885e-15
3.8822812543730885e-15
3.8822812543730885e-15
3.8822812543730885e-15
3.6164898394610295e-15
3.6164898394610295e-15
3.6164898394610295e-15
3.6164898394610295e-15
3.6164898394610295e-15
2.898399441381036e-15
2.898399441381036e-15
2.514073612513066e-15
2.514073612513066e-15
2.514073612513066e-15
2.514073612513066e-15
2.514073612513066e-15
2.514073612513066e-15
1.6617823704000644e-15
1.6617823704000644e-15
1.6617823704000644e-15
1.6617823704000644e-15
1.6617823704000644e-15
1.4178159081800192e-15
1.4178159081800192e-15
1.4178159081800192e-15
1.1434494520745604e-15
1.1434494520745604e-15
1.1434494520745604e-15
1.1434494520745604e-15
7.727800896820328e-16
7.24464462529761e-16
7.24464462529761e-16
7.24464462529761e-16
7.24464462529761e-16
7.24464462529761e-16
7.24464462529761e-16
7.24464462529761e-16
7.24464462529761e-16
7.24464462529761e-16
7.24464462529761e-16
7.24464462529761e-16
7.24464462529761e-16
7.24464462529761e-16
7.24464462529761e-16
7.24464462529761e-16
7.24464462529761e-16
7.24464462529761e-16
7.24464462529761e-16
7.24464462529761e-16
7.24464462529761e-16
7.24464462529761e-16
7.24464462529761e-16
7.24464462529761e-16
7.24464462529761e-16
7.24464462529761e-16
7.24464462529761e-16
7.24464462529761e-16
7.24464462529761e-16
7.24464462529761e-16
7.24464462529761e-16
7.24464462529761e-16
7.24464462529761e-16
7.24464462529761e-16
7.24464462529761e-16
7.24464462529761e-16
7.24464462529761e-16
7.24464462529761e-16
7.24464462529761e-16
7.24464462529761e-16
7.24464462529761e-16
7.24464462529761e-16
7.24464462529761e-16
7.24464462529761e-16
7.24464462529761e-16
7.24464462529761e-16
7.24464462529761e-16
7.24464462529761e-16
7.24464462529761e-16
7.24464462529761e-16
7.24464462529761e-16
7.24464462529761e-16
7.24464462529761e-16
7.24464462529761e-16
7.24464462529761e-16
7.24464462529761e-16
7.24464462529761e-16
7.24464462529761e-16
7.24464462529761e-16
7.24464462529761e-16
7.24464462529761e-16
7.24464462529761e-16
7.24464462529761e-16
7.24464462529761e-16
7.24464462529761e-16
7.24464462529761e-16
7.24464462529761e-16
7.24464462529761e-16
7.24464462529761e-16
7.24464462529761e-16
7.24464462529761e-16
7.24464462529761e-16
7.24464462529761e-16
7.24464462529761e-16
7.24464462529761e-16
7.24464462529761e-16
7.24464462529761e-16
7.24464462529761e-16
7.24464462529761e-16
7.24464462529761e-16
7.24464462529761e-16
7.24464462529761e-16
7.24464462529761e-16
7.24464462529761e-16
7.24464462529761e-16
7.24464462529761e-16
7.24464462529761e-16
7.24464462529761e-16
7.24464462529761e-16
7.24464462529761e-16
7.24464462529761e-16
7.24464462529761e-16
7.24464462529761e-16
7.24464462529761e-16
7.24464462529761e-16
7.24464462529761e-16
7.24464462529761e-16
7.24464462529761e-16
7.24464462529761e-16
7.24464462529761e-16
7.24464462529761e-16
7.24464462529761e-16
7.24464462529761e-16
7.24464462529761e-16
7.24464462529761e-16
7.24464462529761e-16
7.24464462529761e-16
7.24464462529761e-16
7.24464462529761e-16
7.24464462529761e-16
7.24464462529761e-16
7.24464462529761e-16
7.24464462529761e-16
7.24464462529761e-16
7.24464462529761e-16
7.24464462529761e-16
7.24464462529761e-16
7.24464462529761e-16
7.24464462529761e-16
7.24464462529761e-16
7.24464462529761e-16
7.24464462529761e-16
7.24464462529761e-16
7.24464462529761e-16
7.24464462529761e-16
7.24464462529761e-16
7.24464462529761e-16
7.24464462529761e-16
7.24464462529761e-16
7.24464462529761e-16
7.24464462529761e-16
7.24464462529761e-16
7.24464462529761e-16
7.24464462529761e-16
7.24464462529761e-16
7.24464462529761e-16
7.24464462529761e-16
7.24464462529761e-16
7.24464462529761e-16
7.24464462529761e-16
7.24464462529761e-16
7.24464462529761e-16
7.24464462529761e-16
7.24464462529761e-16
7.24464462529761e-16
7.24464462529761e-16
7.24464462529761e-16
7.24464462529761e-16
7.24464462529761e-16
7.24464462529761e-16
7.24464462529761e-16
7.24464462529761e-16
7.24464462529761e-16
7.24464462529761e-16
7.24464462529761e-16
7.24464462529761e-16
7.24464462529761e-16
7.24464462529761e-16
7.24464462529761e-16
7.24464462529761e-16
7.24464462529761e-16
7.24464462529761e-16
7.24464462529761e-16
7.24464462529761e-16
7.24464462529761e-16
7.24464462529761e-16
7.24464462529761e-16
7.24464462529761e-16
7.24464462529761e-16
7.24464462529761e-16
7.24464462529761e-16
7.24464462529761e-16
7.24464462529761e-16
7.24464462529761e-16
7.24464462529761e-16
7.24464462529761e-16
7.24464462529761e-16
7.24464462529761e-16
7.24464462529761e-16
7.24464462529761e-16
7.24464462529761e-16
7.24464462529761e-16
7.24464462529761e-16
7.24464462529761e-16
7.24464462529761e-16
7.24464462529761e-16
7.24464462529761e-16
7.24464462529761e-16
7.24464462529761e-16
7.24464462529761e-16
7.24464462529761e-16
7.24464462529761e-16
7.24464462529761e-16
7.24464462529761e-16
7.24464462529761e-16
7.24464462529761e-16
7.24464462529761e-16
7.24464462529761e-16
7.24464462529761e-16
7.24464462529761e-16
7.24464462529761e-16
7.24464462529761e-16
7.24464462529761e-16
7.24464462529761e-16
7.24464462529761e-16
7.24464462529761e-16
7.24464462529761e-16
7.24464462529761e-16
7.24464462529761e-16
7.24464462529761e-16
7.24464462529761e-16
7.24464462529761e-16
7.24464462529761e-16
7.24464462529761e-16
7.24464462529761e-16
7.24464462529761e-16
7.24464462529761e-16
7.24464462529761e-16
7.24464462529761e-16
7.24464462529761e-16
7.24464462529761e-16
7.24464462529761e-16
7.24464462529761e-16
7.24464462529761e-16
7.24464462529761e-16
7.24464462529761e-16
7.24464462529761e-16
7.24464462529761e-16
7.24464462529761e-16
7.24464462529761e-16
7.24464462529761e-16
7.24464462529761e-16
7.24464462529761e-16
7.24464462529761e-16
7.24464462529761e-16
7.24464462529761e-16
7.24464462529761e-16
7.24464462529761e-16
7.24464462529761e-16
7.24464462529761e-16
7.24464462529761e-16
7.24464462529761e-16
7.24464462529761e-16
7.24464462529761e-16
7.24464462529761e-16
7.24464462529761e-16
7.24464462529761e-16
7.24464462529761e-16
7.24464462529761e-16
7.24464462529761e-16
7.24464462529761e-16
7.24464462529761e-16
7.24464462529761e-16
7.24464462529761e-16
7.24464462529761e-16
7.24464462529761e-16
7.24464462529761e-16
7.24464462529761e-16
7.24464462529761e-16
7.24464462529761e-16
7.24464462529761e-16
7.24464462529761e-16
7.24464462529761e-16
7.24464462529761e-16
7.24464462529761e-16
7.24464462529761e-16
7.24464462529761e-16
7.24464462529761e-16
7.24464462529761e-16
7.24464462529761e-16
7.24464462529761e-16
7.24464462529761e-16
7.24464462529761e-16
7.24464462529761e-16
7.24464462529761e-16
7.24464462529761e-16
7.24464462529761e-16
7.24464462529761e-16
7.24464462529761e-16
7.24464462529761e-16
7.24464462529761e-16
7.24464462529761e-16
7.24464462529761e-16
7.24464462529761e-16
7.24464462529761e-16
7.24464462529761e-16
7.24464462529761e-16
7.24464462529761e-16
7.24464462529761e-16
7.24464462529761e-16
7.24464462529761e-16
7.24464462529761e-16
7.24464462529761e-16
7.24464462529761e-16
7.24464462529761e-16
7.24464462529761e-16
7.24464462529761e-16
7.24464462529761e-16
7.24464462529761e-16
7.24464462529761e-16
7.24464462529761e-16
7.24464462529761e-16
7.24464462529761e-16
7.24464462529761e-16
7.24464462529761e-16
7.24464462529761e-16
7.24464462529761e-16
7.24464462529761e-16
7.24464462529761e-16
7.24464462529761e-16
7.24464462529761e-16
7.24464462529761e-16
7.24464462529761e-16
7.24464462529761e-16
7.24464462529761e-16
7.24464462529761e-16
7.24464462529761e-16
7.24464462529761e-16
7.24464462529761e-16
7.24464462529761e-16
7.24464462529761e-16
7.24464462529761e-16
7.24464462529761e-16
7.24464462529761e-16
7.24464462529761e-16
7.24464462529761e-16
7.24464462529761e-16
7.24464462529761e-16
7.24464462529761e-16
7.24464462529761e-16
7.24464462529761e-16
7.24464462529761e-16
7.24464462529761e-16
7.24464462529761e-16
7.24464462529761e-16
7.24464462529761e-16
7.24464462529761e-16
7.24464462529761e-16
7.24464462529761e-16
7.24464462529761e-16
7.24464462529761e-16
7.24464462529761e-16
7.24464462529761e-16
7.24464462529761e-16
7.24464462529761e-16
7.24464462529761e-16
7.24464462529761e-16
7.24464462529761e-16
7.24464462529761e-16
7.24464462529761e-16
7.24464462529761e-16
7.24464462529761e-16
7.24464462529761e-16
7.24464462529761e-16
7.24464462529761e-16
7.24464462529761e-16
7.24464462529761e-16
7.24464462529761e-16
7.24464462529761e-16
7.24464462529761e-16
7.24464462529761e-16
7.24464462529761e-16
7.24464462529761e-16
7.24464462529761e-16
7.24464462529761e-16
7.24464462529761e-16
7.24464462529761e-16
7.24464462529761e-16
7.24464462529761e-16
7.24464462529761e-16
7.24464462529761e-16
7.24464462529761e-16
7.24464462529761e-16
7.24464462529761e-16
7.24464462529761e-16
7.24464462529761e-16
7.24464462529761e-16
7.24464462529761e-16
7.24464462529761e-16
7.24464462529761e-16
7.24464462529761e-16
7.24464462529761e-16
7.24464462529761e-16
7.24464462529761e-16
7.24464462529761e-16
7.24464462529761e-16
7.24464462529761e-16
7.24464462529761e-16
7.24464462529761e-16
7.24464462529761e-16
7.24464462529761e-16
7.24464462529761e-16
7.24464462529761e-16
7.24464462529761e-16
7.24464462529761e-16
7.24464462529761e-16
7.24464462529761e-16
7.24464462529761e-16
7.24464462529761e-16
7.24464462529761e-16
7.24464462529761e-16
7.24464462529761e-16
7.24464462529761e-16
7.24464462529761e-16
7.24464462529761e-16
7.24464462529761e-16
7.24464462529761e-16
7.24464462529761e-16
7.24464462529761e-16
7.24464462529761e-16
7.24464462529761e-16
7.24464462529761e-16
7.24464462529761e-16
7.24464462529761e-16
7.24464462529761e-16
7.24464462529761e-16
7.24464462529761e-16
7.24464462529761e-16
7.24464462529761e-16
7.24464462529761e-16
7.24464462529761e-16
7.24464462529761e-16
7.24464462529761e-16
7.24464462529761e-16
7.24464462529761e-16
7.24464462529761e-16
7.24464462529761e-16
7.24464462529761e-16
