2023205.9923167
2023205.9923167
1758423.1312122801
1747812.095762693
1620820.2435506955
1618338.7588142776
1609579.9705056674
1545283.4221309857
1541527.9180332385
1451593.5151544346
1368079.0639980112
1368079.0639980112
1323689.027604936
1145735.0098864764
920524.2103848201
781826.4096034475
760960.8106134901
760960.8106134901
749533.1665925066
712364.9964224973
712364.9964224973
708747.9348219257
683749.4387493314
628872.2100706507
581266.642671531
581266.642671531
549985.1627654971
549985.1627654971
506901.0622829614
506901.0622829614
412893.24825569487
412046.8280121812
279939.5944350375
269257.35467411316
263071.77374875
216917.0943190632
212900.10340044223
179073.81428608918
179073.81428608918
179073.81428608918
178548.86682224745
172261.18756107194
172261.18756107194
171280.21686780517
165156.84502153323
136287.8104383506
104287.25266816822
95596.83641250749
93286.30653307008
93286.30653307008
93286.30653307008
70355.03007280045
70355.03007280045
70050.72851195114
69999.15592789023
51967.116952234726
36661.04202642187
36484.3874562611
36435.65332869965
35965.55254871262
35895.16530169679
35686.53998734759
35686.53998734759
34951.837874235636
32845.38517966677
32417.523784534405
27742.723100398256
24687.34591032586
24159.17698073671
24159.17698073671
21285.677990826334
21217.38074870533
17167.45295874264
14025.760283904816
14025.760283904816
13991.857688497637
13991.857688497637
13817.844378549904
10194.881184412772
10194.881184412772
5107.504652771824
4684.648343447423
4684.648343447423
4669.853540474652
4669.853540474652
4658.448005828979
4655.142410854872
2677.9645366344353
2502.6420557823467
2473.7526662298874
2445.0856603001416
2430.543895187512
2295.5506342385943
2275.163783459274
2091.255097523305
1986.0131093096716
1961.5497082501224
1961.5497082501224
1961.5497082501224
1954.9321658031413
1954.9321658031413
1311.6325767001933
1294.677778331867
1267.5315722035234
1264.190115950465
1023.515673392574
1023.515673392574
1023.515673392574
891.9422499184403
873.7008344741429
822.7534707270964
746.8172797762334
746.8172797762334
631.0760317655488
622.514695792152
602.7777297683758
602.7777297683758
581.0103092469092
446.435865053229
414.7291204728784
387.6907124856324
387.6907124856324
387.6907124856324
387.6907124856324
333.76424292476656
332.96497295292164
332.96497295292164
332.96497295292164
308.1310208763024
308.1310208763024
304.6066730665463
268.32658115925807
251.23723223703877
251.23723223703877
236.4772481082946
236.4772481082946
236.4772481082946
225.42235984135635
225.42235984135635
209.9835336354834
207.46216162756156
207.46216162756156
207.46216162756156
194.88114800500847
194.88114800500847
189.96350188072586
189.96350188072586
189.96350188072586
187.5114222855523
187.5114222855523
187.5114222855523
175.25435549987995
175.25435549987995
175.25435549987995
152.30889743149012
152.30889743149012
152.30889743149012
146.67694815897946
146.67694815897946
146.67694815897946
142.13834815669503
126.70673590007294
126.70673590007294
125.93137250194408
117.77383421654525
117.77383421654525
117.77383421654525
113.08845366976553
110.40406481075058
110.40406481075058
110.40406481075058
107.3725910151341
107.3725910151341
107.3725910151341
106.96219123339694
102.48417215337699
102.48417215337699
102.48417215337699
102.48417215337699
99.7641629649122
99.75541387413284
99.75541387413284
96.8407651611212
83.11613378448573
83.11613378448573
83.11613378448573
83.11613378448573
83.11613378448573
82.5097072647174
77.77108905102102
77.77108905102102
77.77108905102102
77.61259204992913
77.61259204992913
77.61259204992913
77.21552180387556
71.50821317959162
68.26889403487337
68.26889403487337
68.26889403487337
60.616474386788866
60.616474386788866
59.40267673501566
59.40267673501566
59.29506208434978
59.29506208434978
59.29506208434978
59.29506208434978
55.70567472795969
55.315615357555856
55.315615357555856
49.58219410962971
49.48162912271255
49.48162912271255
48.7893744459073
48.7893744459073
48.235124886684275
48.235124886684275
47.61441924305353
45.29104442853594
41.200532138865015
41.19686225946856
37.094968089508654
37.094968089508654
36.895772649551986
36.583960538759186
35.630965903778815
35.34256662587177
35.34256662587177
34.84576350466938
34.657047058617366
34.657047058617366
34.53937332774933
33.692613662521126
33.692613662521126
31.78134805602133
31.78134805602133
31.78134805602133
28.367112357153076
28.177040545118416
28.177040545118416
25.594124430921283
25.594124430921283
25.594124430921283
25.101348028828568
25.101348028828568
24.263435028338847
24.24623157395041
21.326990262865138
21.326990262865138
21.326990262865138
21.282314438138712
21.282314438138712
21.255960550504597
20.237228522484486
20.237228522484486
20.237228522484486
20.237228522484486
20.237228522484486
20.237228522484486
20.237228522484486
20.228402078000784
19.436565920139174
18.038426555294166
18.038426555294166
16.625932998945984
15.822532994068695
15.819033617635455
15.819033617635455
15.819033617635455
15.819033617635455
15.819033617635455
15.819033617635455
12.763684459264596
12.077304780164127
10.912703584173869
10.705834982578551
10.598537296712436
10.59851187466046
10.471285326076497
10.471285326076497
10.471285326076497
10.336257912538144
10.288515994392753
9.030427014212762
9.011656835843894
9.011656835843894
8.533511261785009
8.533511261785009
7.497685520150185
7.497656196109347
7.495825716393995
7.495825716393995
7.495825716393995
7.058934974082035
7.058934974082035
7.058402077704272
7.045835551604
7.026298934714305
7.019952728141675
6.819953420500781
6.817462809387109
6.697580786068613
5.974348847802105
5.974348847802105
5.974348847802105
5.692213697037289
5.677361125015864
5.67339202288349
4.611486758620856
4.611284540669772
4.496188971310687
4.496188971310687
4.496188971310687
4.496188971310687
4.053398841195133
4.053398841195133
4.053352838913327
4.053352838913327
3.8416088915756177
3.8416088915756177
3.8416088915756177
3.8416088915756177
3.8416088915756177
3.8416005612702406
3.8416005612702406
3.84097108021291
2.8851709891673636
2.8851709891673636
2.3047415201730814
2.3047415201730814
2.3010865291077494
2.3004539726578628
2.3004539726578628
2.3004539726578628
2.3004539726578628
2.0574975832371365
1.091918563250374
1.091918563250374
1.091918563250374
1.091897511662978
1.0906742943453196
1.0906742943453196
1.0906283293740557
0.7401924679697913
0.7400409340551732
0.7400313285947391
0.700880747918859
0.700880747918859
0.700880747918859
0.42770736213282134
0.42770736213282134
0.3812712298101246
0.38102641948785276
0.37643674081215295
0.37643674081215295
0.37643674081215295
0.2892913871680207
0.2805028194145507
0.2706338509748889
0.25912353022965817
0.2588898280524745
0.2588731544174152
0.25693678673133036
0.2384508542520507
0.1841029733222399
0.1841029733222399
0.1832122792995392
0.16394276916355466
0.16345452205428046
0.16212257531458363
0.16208695856880695
0.1589672059261602
0.07231855885231653
0.07231855885231653
0.0723167234094717
0.07231403433524974
0.07081479542034685
0.06415543779360178
0.06254684392905574
0.06254684392905574
0.06254684392905574
0.06254684392905574
0.0256989482438712
0.0256989482438712
0.025683877127960386
0.02373872672581001
0.02301227890421842
0.02301181237868377
0.02299218553156379
0.02299218553156379
0.022679262695817215
0.022650270742929024
0.022648205125904042
0.02262365130127364
0.02088066813058731
0.020650066446762594
0.020650066446762594
0.015572723662501176
0.013024995694536301
0.013024995694536301
0.013024995694536301
0.01225718517923724
0.005635396757895705
0.005516051210861406
0.005344499014825033
0.004039739972995449
0.004039739972995449
0.004039739972995449
0.004039739972995449
0.004035546325042105
0.004014419508166611
0.004014419508166611
0.003997620893755993
0.003971602042724953
0.003970909074780593
0.003970898015040802
0.0025305506048312054
0.002530540870736786
0.002530540870736786
0.0025230960187627716
0.0014032718792122978
0.0013963468466045015
0.0012814055582452966
0.0012517552174244884
0.0012503177707685609
0.0011698661932086907
0.0011698661932086907
0.0011698661932086907
0.0011092660923281983
0.0011092053594552453
0.0011092053594552453
0.0006382378435318969
0.0006374673779419027
0.0006373724315835716
0.0006373594266051441
0.0005527984786795059
0.00035377767471800325
0.0003537764063139548
0.0003415184517621128
0.0003415184517621128
0.00034052093263881034
0.0003405026452014681
0.0003400176263426147
0.0003273240902785801
0.0003273240902785801
0.00031426040362703134
0.00031426040362703134
0.00028475509350300854
0.00023929868143568456
0.00023929868143568456
0.00021928969709961166
0.00021928969709961166
0.00021928969709961166
0.00021928969709961166
0.00010257122352186343
9.664780003504347e-05
9.664780003504347e-05
8.448335847788258e-05
8.427239106367779e-05
8.382305486520636e-05
8.366996939912497e-05
8.366996939912497e-05
8.366996939912497e-05
8.366955711380797e-05
6.995511631657791e-05
6.995511631657791e-05
6.715814163271716e-05
5.857779234474947e-05
5.818542206270649e-05
1.4370695453180815e-05
1.4355607845573104e-05
1.319287804335545e-05
1.3054026510417316e-05
1.2951140149652929e-05
1.2951140149652929e-05
1.284191631611975e-05
1.2840189469898178e-05
1.2797285876331443e-05
1.2783337012933771e-05
7.68060982636598e-06
7.68060982636598e-06
7.560725236999133e-06
7.545307823875191e-06
7.514865444591123e-06
7.196560034117283e-06
7.100099708168273e-06
7.100099708168273e-06
7.100099708168273e-06
6.863914734367427e-06
6.863914734367427e-06
6.863914734367427e-06
6.862339603230794e-06
6.820942644480965e-06
2.115606775987544e-06
2.115606775987544e-06
2.1153726379452564e-06
2.1119388975421316e-06
2.1059491359665117e-06
2.099452842685423e-06
2.0941364482496283e-06
2.0931865378770453e-06
2.0931865378770453e-06
2.0931865378770453e-06
2.092791760333057e-06
2.091077419663634e-06
2.0896208638987446e-06
2.0895184320579574e-06
2.0294402247600374e-06
2.0294402247600374e-06
2.0294402247600374e-06
2.0294402247600374e-06
2.0294402247600374e-06
2.028792664532375e-06
2.0241973857082485e-06
2.0241973857082485e-06
1.0238643426419003e-06
1.0238643426419003e-06
1.0238643426419003e-06
1.0238643426419003e-06
1.0238529171147093e-06
1.0233802072434628e-06
1.0233802072434628e-06
8.135735924952314e-07
8.135735924952314e-07
6.445534381782636e-07
6.445534381782636e-07
6.445534381782636e-07
6.445534381782636e-07
6.444815312534047e-07
6.444815312534047e-07
5.364717026168364e-07
5.14459713940596e-07
5.144588044458942e-07
5.112011649544002e-07
5.112011649544002e-07
2.911113483605732e-07
2.1919731807429343e-07
2.1890190282647382e-07
2.1890190282647382e-07
2.136338252967107e-07
2.1361915969464462e-07
1.1154617141073686e-07
1.1120039289380657e-07
1.0736960120993899e-07
1.0630458291416289e-07
1.0623614343785448e-07
1.062104502125294e-07
1.062104502125294e-07
1.0074165857076878e-07
1.0074165857076878e-07
9.966458947019419e-08
9.934126410371391e-08
9.918801424646517e-08
9.918801424646517e-08
9.74710019363556e-08
9.74710019363556e-08
9.74710019363556e-08
9.747026297191042e-08
9.747026297191042e-08
8.87264945959032e-08
8.870148349160445e-08
8.797900363788358e-08
8.797900363788358e-08
8.797900363788358e-08
8.797582040642737e-08
6.774939720344264e-08
1.1576844372029882e-08
1.1556494428077713e-08
1.1556494428077713e-08
1.1556494428077713e-08
1.1528413779160473e-08
1.1390056897653267e-08
1.1381530384824146e-08
1.1381530384824146e-08
1.1381530384824146e-08
1.1381530384824146e-08
1.1366012131475145e-08
1.1303939118079143e-08
3.845627816190245e-09
3.836362338915933e-09
3.799357273237547e-09
3.482568899926264e-09
3.4755203159875236e-09
3.4755203159875236e-09
3.4432332540745847e-09
3.4432332540745847e-09
3.39434791385429e-09
3.256616309954552e-09
3.256616309954552e-09
3.256616309954552e-09
3.252125679864548e-09
3.22762616633554e-09
3.22762616633554e-09
3.22762616633554e-09
3.2268872018903494e-09
2.477577254467178e-09
2.477577254467178e-09
2.4455744096485432e-09
2.0538095668598544e-09
1.8530386114434805e-09
1.8468426787876524e-09
1.8468426787876524e-09
1.8454215933161322e-09
1.844284724938916e-09
1.8439436644257512e-09
1.354862888547359e-09
1.354862888547359e-09
1.3526459952117875e-09
1.3526459952117875e-09
1.3413341548584867e-09
1.3394014786172193e-09
2.1049118004157208e-10
2.1049118004157208e-10
1.97189820028143e-10
1.97189820028143e-10
1.958255779754836e-10
1.958255779754836e-10
1.957687345566228e-10
1.957687345566228e-10
1.9548451746231876e-10
1.908233571157325e-10
1.8809487301041372e-10
1.8809487301041372e-10
1.878674993349705e-10
1.878674993349705e-10
1.1937117960769683e-10
1.1937117960769683e-10
1.1937117960769683e-10
1.1937117960769683e-10
1.1937117960769683e-10
1.0817302609211765e-10
1.0817302609211765e-10
9.78843672783114e-11
4.212097337585874e-11
4.206412995699793e-11
4.001776687800884e-11
4.001776687800884e-11
1.77351466845721e-11
1.77351466845721e-11
1.77351466845721e-11
1.77351466845721e-11
1.5802470443304628e-11
1.5802470443304628e-11
1.5802470443304628e-11
1.5802470443304628e-11
1.5802470443304628e-11
1.5688783605583012e-11
1.5688783605583012e-11
1.5575096767861396e-11
1.5575096767861396e-11
9.947598300641403e-12
9.379164112033322e-12
9.379164112033322e-12
9.379164112033322e-12
9.379164112033322e-12
7.673861546209082e-12
7.673861546209082e-12
7.673861546209082e-12
7.673861546209082e-12
7.219114195322618e-12
4.490630090003833e-12
3.410605131648481e-12
3.296918293926865e-12
3.183231456205249e-12
3.183231456205249e-12
3.183231456205249e-12
3.183231456205249e-12
3.183231456205249e-12
3.126388037344441e-12
3.126388037344441e-12
3.126388037344441e-12
3.069544618483633e-12
2.5579538487363607e-12
2.5579538487363607e-12
2.5579538487363607e-12
2.5579538487363607e-12
1.4779288903810084e-12
1.4779288903810084e-12
1.4779288903810084e-12
1.4779288903810084e-12
1.4779288903810084e-12
1.3642420526593924e-12
1.3642420526593924e-12
1.3642420526593924e-12
7.958078640513122e-13
7.389644451905042e-13
7.389644451905042e-13
7.389644451905042e-13
7.389644451905042e-13
7.389644451905042e-13
6.252776074688882e-13
6.252776074688882e-13
6.252776074688882e-13
3.410605131648481e-13
3.410605131648481e-13
3.410605131648481e-13
3.410605131648481e-13
3.410605131648481e-13
3.410605131648481e-13
2.8421709430404007e-13
2.8421709430404007e-13
2.8421709430404007e-13
2.8421709430404007e-13
2.8421709430404007e-13
2.8421709430404007e-13
2.8421709430404007e-13
2.8421709430404007e-13
2.8421709430404007e-13
1.7053025658242404e-13
1.7053025658242404e-13
1.7053025658242404e-13
1.1368683772161603e-13
1.1368683772161603e-13
1.1368683772161603e-13
1.1368683772161603e-13
1.1368683772161603e-13
1.1368683772161603e-13
1.1368683772161603e-13
1.1368683772161603e-13
1.1368683772161603e-13
1.1368683772161603e-13
1.1368683772161603e-13
1.1368683772161603e-13
1.1368683772161603e-13
1.1368683772161603e-13
1.1368683772161603e-13
1.1368683772161603e-13
1.1368683772161603e-13
5.684341886080802e-14
5.684341886080802e-14
5.684341886080802e-14
5.684341886080802e-14
5.684341886080802e-14
5.684341886080802e-14
5.684341886080802e-14
5.684341886080802e-14
5.684341886080802e-14
5.684341886080802e-14
5.684341886080802e-14
5.684341886080802e-14
5.684341886080802e-14
5.684341886080802e-14
5.684341886080802e-14
5.684341886080802e-14
5.684341886080802e-14
5.684341886080802e-14
5.684341886080802e-14
5.684341886080802e-14
5.684341886080802e-14
5.684341886080802e-14
5.684341886080802e-14
5.684341886080802e-14
5.684341886080802e-14
5.684341886080802e-14
5.684341886080802e-14
5.684341886080802e-14
5.684341886080802e-14
5.684341886080802e-14
5.684341886080802e-14
5.684341886080802e-14
5.684341886080802e-14
5.684341886080802e-14
5.684341886080802e-14
5.684341886080802e-14
5.684341886080802e-14
5.684341886080802e-14
5.684341886080802e-14
5.684341886080802e-14
5.684341886080802e-14
5.684341886080802e-14
5.684341886080802e-14
5.684341886080802e-14
5.684341886080802e-14
5.684341886080802e-14
5.684341886080802e-14
5.684341886080802e-14
5.684341886080802e-14
5.684341886080802e-14
5.684341886080802e-14
5.684341886080802e-14
5.684341886080802e-14
5.684341886080802e-14
5.684341886080802e-14
5.684341886080802e-14
5.684341886080802e-14
5.684341886080802e-14
5.684341886080802e-14
5.684341886080802e-14
5.684341886080802e-14
5.684341886080802e-14
5.684341886080802e-14
5.684341886080802e-14
5.684341886080802e-14
5.684341886080802e-14
5.684341886080802e-14
5.684341886080802e-14
5.684341886080802e-14
5.684341886080802e-14
5.684341886080802e-14
5.684341886080802e-14
5.684341886080802e-14
5.684341886080802e-14
5.684341886080802e-14
5.684341886080802e-14
5.684341886080802e-14
5.684341886080802e-14
5.684341886080802e-14
5.684341886080802e-14
5.684341886080802e-14
5.684341886080802e-14
5.684341886080802e-14
5.684341886080802e-14
5.684341886080802e-14
5.684341886080802e-14
5.684341886080802e-14
5.684341886080802e-14
5.684341886080802e-14
5.684341886080802e-14
5.684341886080802e-14
5.684341886080802e-14
5.684341886080802e-14
5.684341886080802e-14
5.684341886080802e-14
5.684341886080802e-14
5.684341886080802e-14
5.684341886080802e-14
5.684341886080802e-14
5.684341886080802e-14
5.684341886080802e-14
5.684341886080802e-14
5.684341886080802e-14
5.684341886080802e-14
5.684341886080802e-14
5.684341886080802e-14
5.684341886080802e-14
5.684341886080802e-14
5.684341886080802e-14
5.684341886080802e-14
5.684341886080802e-14
5.684341886080802e-14
5.684341886080802e-14
5.684341886080802e-14
5.684341886080802e-14
5.684341886080802e-14
5.684341886080802e-14
5.684341886080802e-14
5.684341886080802e-14
5.684341886080802e-14
5.684341886080802e-14
5.684341886080802e-14
5.684341886080802e-14
5.684341886080802e-14
5.684341886080802e-14
5.684341886080802e-14
5.684341886080802e-14
5.684341886080802e-14
5.684341886080802e-14
5.684341886080802e-14
5.684341886080802e-14
5.684341886080802e-14
5.684341886080802e-14
5.684341886080802e-14
5.684341886080802e-14
5.684341886080802e-14
5.684341886080802e-14
5.684341886080802e-14
5.684341886080802e-14
5.684341886080802e-14
5.684341886080802e-14
5.684341886080802e-14
5.684341886080802e-14
5.684341886080802e-14
5.684341886080802e-14
5.684341886080802e-14
5.684341886080802e-14
5.684341886080802e-14
5.684341886080802e-14
5.684341886080802e-14
5.684341886080802e-14
5.684341886080802e-14
5.684341886080802e-14
5.684341886080802e-14
5.684341886080802e-14
5.684341886080802e-14
5.684341886080802e-14
5.684341886080802e-14
5.684341886080802e-14
5.684341886080802e-14
5.684341886080802e-14
5.684341886080802e-14
5.684341886080802e-14
5.684341886080802e-14
5.684341886080802e-14
5.684341886080802e-14
5.684341886080802e-14
5.684341886080802e-14
5.684341886080802e-14
5.684341886080802e-14
5.684341886080802e-14
5.684341886080802e-14
5.684341886080802e-14
5.684341886080802e-14
5.684341886080802e-14
5.684341886080802e-14
5.684341886080802e-14
5.684341886080802e-14
5.684341886080802e-14
5.684341886080802e-14
5.684341886080802e-14
5.684341886080802e-14
5.684341886080802e-14
5.684341886080802e-14
5.684341886080802e-14
5.684341886080802e-14
5.684341886080802e-14
5.684341886080802e-14
5.684341886080802e-14
5.684341886080802e-14
5.684341886080802e-14
5.684341886080802e-14
5.684341886080802e-14
5.684341886080802e-14
5.684341886080802e-14
5.684341886080802e-14
5.684341886080802e-14
5.684341886080802e-14
5.684341886080802e-14
5.684341886080802e-14
5.684341886080802e-14
5.684341886080802e-14
5.684341886080802e-14
5.684341886080802e-14
5.684341886080802e-14
5.684341886080802e-14
5.684341886080802e-14
5.684341886080802e-14
5.684341886080802e-14
5.684341886080802e-14
5.684341886080802e-14
5.684341886080802e-14
5.684341886080802e-14
5.684341886080802e-14
5.684341886080802e-14
5.684341886080802e-14
5.684341886080802e-14
5.684341886080802e-14
5.684341886080802e-14
5.684341886080802e-14
5.684341886080802e-14
5.684341886080802e-14
5.684341886080802e-14
5.684341886080802e-14
5.684341886080802e-14
5.684341886080802e-14
5.684341886080802e-14
5.684341886080802e-14
5.684341886080802e-14
5.684341886080802e-14
5.684341886080802e-14
5.684341886080802e-14
5.684341886080802e-14
5.684341886080802e-14
5.684341886080802e-14
5.684341886080802e-14
5.684341886080802e-14
5.684341886080802e-14
5.684341886080802e-14
5.684341886080802e-14
5.684341886080802e-14
5.684341886080802e-14
5.684341886080802e-14
5.684341886080802e-14
5.684341886080802e-14
5.684341886080802e-14
5.684341886080802e-14
5.684341886080802e-14
5.684341886080802e-14
5.684341886080802e-14
5.684341886080802e-14
5.684341886080802e-14
5.684341886080802e-14
5.684341886080802e-14
5.684341886080802e-14
5.684341886080802e-14
5.684341886080802e-14
5.684341886080802e-14
5.684341886080802e-14
5.684341886080802e-14
5.684341886080802e-14
5.684341886080802e-14
5.684341886080802e-14
5.684341886080802e-14
5.684341886080802e-14
5.684341886080802e-14
5.684341886080802e-14
5.684341886080802e-14
5.684341886080802e-14
5.684341886080802e-14
5.684341886080802e-14
5.684341886080802e-14
5.684341886080802e-14
5.684341886080802e-14
5.684341886080802e-14
5.684341886080802e-14
5.684341886080802e-14
5.684341886080802e-14
5.684341886080802e-14
5.684341886080802e-14
5.684341886080802e-14
5.684341886080802e-14
5.684341886080802e-14
5.684341886080802e-14
5.684341886080802e-14
5.684341886080802e-14
5.684341886080802e-14
5.684341886080802e-14
5.684341886080802e-14
5.684341886080802e-14
5.684341886080802e-14
5.684341886080802e-14
5.684341886080802e-14
5.684341886080802e-14
5.684341886080802e-14
5.684341886080802e-14
5.684341886080802e-14
5.684341886080802e-14
5.684341886080802e-14
5.684341886080802e-14
5.684341886080802e-14
5.684341886080802e-14
5.684341886080802e-14
5.684341886080802e-14
5.684341886080802e-14
5.684341886080802e-14
5.684341886080802e-14
5.684341886080802e-14
5.684341886080802e-14
5.684341886080802e-14
5.684341886080802e-14
5.684341886080802e-14
5.684341886080802e-14
5.684341886080802e-14
5.684341886080802e-14
5.684341886080802e-14
5.684341886080802e-14
5.684341886080802e-14
5.684341886080802e-14
5.684341886080802e-14
5.684341886080802e-14
5.684341886080802e-14
5.684341886080802e-14
5.684341886080802e-14
5.684341886080802e-14
5.684341886080802e-14
5.684341886080802e-14
5.684341886080802e-14
5.684341886080802e-14
5.684341886080802e-14
5.684341886080802e-14
5.684341886080802e-14
5.684341886080802e-14
5.684341886080802e-14
5.684341886080802e-14
5.684341886080802e-14
5.684341886080802e-14
5.684341886080802e-14
5.684341886080802e-14
5.684341886080802e-14
5.684341886080802e-14
5.684341886080802e-14
5.684341886080802e-14
5.684341886080802e-14
5.684341886080802e-14
5.684341886080802e-14
5.684341886080802e-14
5.684341886080802e-14
5.684341886080802e-14
5.684341886080802e-14
5.684341886080802e-14
5.684341886080802e-14
5.684341886080802e-14
5.684341886080802e-14
5.684341886080802e-14
5.684341886080802e-14
5.684341886080802e-14
5.684341886080802e-14
5.684341886080802e-14
5.684341886080802e-14
5.684341886080802e-14
5.684341886080802e-14
5.684341886080802e-14
5.684341886080802e-14
5.684341886080802e-14
5.684341886080802e-14
5.684341886080802e-14
5.684341886080802e-14
5.684341886080802e-14
5.684341886080802e-14
5.684341886080802e-14
5.684341886080802e-14
5.684341886080802e-14
5.684341886080802e-14
5.684341886080802e-14
5.684341886080802e-14
5.684341886080802e-14
5.684341886080802e-14
5.684341886080802e-14
5.684341886080802e-14
5.684341886080802e-14
5.684341886080802e-14
5.684341886080802e-14
5.684341886080802e-14
5.684341886080802e-14
5.684341886080802e-14
5.684341886080802e-14
5.684341886080802e-14
5.684341886080802e-14
5.684341886080802e-14
5.684341886080802e-14
5.684341886080802e-14
5.684341886080802e-14
5.684341886080802e-14
5.684341886080802e-14
5.684341886080802e-14
5.684341886080802e-14
5.684341886080802e-14
5.684341886080802e-14
5.684341886080802e-14
5.684341886080802e-14
5.684341886080802e-14
5.684341886080802e-14
5.684341886080802e-14
5.684341886080802e-14
5.684341886080802e-14
5.684341886080802e-14
5.684341886080802e-14
5.684341886080802e-14
5.684341886080802e-14
5.684341886080802e-14
5.684341886080802e-14
5.684341886080802e-14
5.684341886080802e-14
5.684341886080802e-14
5.684341886080802e-14
5.684341886080802e-14
5.684341886080802e-14
5.684341886080802e-14
5.684341886080802e-14
5.684341886080802e-14
5.684341886080802e-14
5.684341886080802e-14
5.684341886080802e-14
5.684341886080802e-14
5.684341886080802e-14
5.684341886080802e-14
5.684341886080802e-14
5.684341886080802e-14
5.684341886080802e-14
5.684341886080802e-14
5.684341886080802e-14
5.684341886080802e-14
5.684341886080802e-14
5.684341886080802e-14
5.684341886080802e-14
5.684341886080802e-14
5.684341886080802e-14
5.684341886080802e-14
5.684341886080802e-14
5.684341886080802e-14
5.684341886080802e-14
5.684341886080802e-14
5.684341886080802e-14
5.684341886080802e-14
5.684341886080802e-14
5.684341886080802e-14
5.684341886080802e-14
5.684341886080802e-14
5.684341886080802e-14
5.684341886080802e-14
5.684341886080802e-14
5.684341886080802e-14
5.684341886080802e-14
5.684341886080802e-14
5.684341886080802e-14
5.684341886080802e-14
5.684341886080802e-14
5.684341886080802e-14
5.684341886080802e-14
5.684341886080802e-14
5.684341886080802e-14
5.684341886080802e-14
5.684341886080802e-14
5.684341886080802e-14
5.684341886080802e-14
5.684341886080802e-14
5.684341886080802e-14
5.684341886080802e-14
5.684341886080802e-14
5.684341886080802e-14
5.684341886080802e-14
5.684341886080802e-14
5.684341886080802e-14
5.684341886080802e-14
5.684341886080802e-14
5.684341886080802e-14
5.684341886080802e-14
5.684341886080802e-14
5.684341886080802e-14
5.684341886080802e-14
5.684341886080802e-14
5.684341886080802e-14
5.684341886080802e-14
5.684341886080802e-14
5.684341886080802e-14
5.684341886080802e-14
5.684341886080802e-14
5.684341886080802e-14
5.684341886080802e-14
5.684341886080802e-14
5.684341886080802e-14
5.684341886080802e-14
5.684341886080802e-14
5.684341886080802e-14
5.684341886080802e-14
5.684341886080802e-14
5.684341886080802e-14
5.684341886080802e-14
5.684341886080802e-14
5.684341886080802e-14
5.684341886080802e-14
5.684341886080802e-14
5.684341886080802e-14
5.684341886080802e-14
5.684341886080802e-14
5.684341886080802e-14
5.684341886080802e-14
5.684341886080802e-14
5.684341886080802e-14
5.684341886080802e-14
5.684341886080802e-14
5.684341886080802e-14
5.684341886080802e-14
5.684341886080802e-14
5.684341886080802e-14
5.684341886080802e-14
5.684341886080802e-14
5.684341886080802e-14
5.684341886080802e-14
5.684341886080802e-14
5.684341886080802e-14
5.684341886080802e-14
5.684341886080802e-14
5.684341886080802e-14
5.684341886080802e-14
5.684341886080802e-14
5.684341886080802e-14
5.684341886080802e-14
5.684341886080802e-14
5.684341886080802e-14
5.684341886080802e-14
5.684341886080802e-14
5.684341886080802e-14
5.684341886080802e-14
5.684341886080802e-14
5.684341886080802e-14
5.684341886080802e-14
5.684341886080802e-14
5.684341886080802e-14
5.684341886080802e-14
5.684341886080802e-14
5.684341886080802e-14
5.684341886080802e-14
5.684341886080802e-14
5.684341886080802e-14
5.684341886080802e-14
5.684341886080802e-14
5.684341886080802e-14
5.684341886080802e-14
5.684341886080802e-14
5.684341886080802e-14
5.684341886080802e-14
5.684341886080802e-14
5.684341886080802e-14
5.684341886080802e-14
5.684341886080802e-14
5.684341886080802e-14
5.684341886080802e-14
5.684341886080802e-14
5.684341886080802e-14
5.684341886080802e-14
5.684341886080802e-14
5.684341886080802e-14
5.684341886080802e-14
5.684341886080802e-14
5.684341886080802e-14
5.684341886080802e-14
5.684341886080802e-14
5.684341886080802e-14
5.684341886080802e-14
5.684341886080802e-14
5.684341886080802e-14
5.684341886080802e-14
5.684341886080802e-14
5.684341886080802e-14
5.684341886080802e-14
5.684341886080802e-14
5.684341886080802e-14
5.684341886080802e-14
5.684341886080802e-14
5.684341886080802e-14
5.684341886080802e-14
5.684341886080802e-14
5.684341886080802e-14
5.684341886080802e-14
5.684341886080802e-14
5.684341886080802e-14
5.684341886080802e-14
5.684341886080802e-14
5.684341886080802e-14
5.684341886080802e-14
5.684341886080802e-14
5.684341886080802e-14
5.684341886080802e-14
5.684341886080802e-14
5.684341886080802e-14
5.684341886080802e-14
5.684341886080802e-14
5.684341886080802e-14
5.684341886080802e-14
5.684341886080802e-14
5.684341886080802e-14
5.684341886080802e-14
5.684341886080802e-14
5.684341886080802e-14
5.684341886080802e-14
5.684341886080802e-14
5.684341886080802e-14
5.684341886080802e-14
5.684341886080802e-14
5.684341886080802e-14
5.684341886080802e-14
5.684341886080802e-14
5.684341886080802e-14
5.684341886080802e-14
5.684341886080802e-14
5.684341886080802e-14
5.684341886080802e-14
5.684341886080802e-14
5.684341886080802e-14
5.684341886080802e-14
5.684341886080802e-14
5.684341886080802e-14
5.684341886080802e-14
5.684341886080802e-14
5.684341886080802e-14
5.684341886080802e-14
5.684341886080802e-14
5.684341886080802e-14
5.684341886080802e-14
5.684341886080802e-14
5.684341886080802e-14
5.684341886080802e-14
5.684341886080802e-14
5.684341886080802e-14
5.684341886080802e-14
5.684341886080802e-14
5.684341886080802e-14
5.684341886080802e-14
5.684341886080802e-14
5.684341886080802e-14
5.684341886080802e-14
5.684341886080802e-14
5.684341886080802e-14
5.684341886080802e-14
5.684341886080802e-14
5.684341886080802e-14
5.684341886080802e-14
5.684341886080802e-14
5.684341886080802e-14
5.684341886080802e-14
5.684341886080802e-14
5.684341886080802e-14
5.684341886080802e-14
5.684341886080802e-14
5.684341886080802e-14
5.684341886080802e-14
5.684341886080802e-14
5.684341886080802e-14
5.684341886080802e-14
5.684341886080802e-14
5.684341886080802e-14
5.684341886080802e-14
5.684341886080802e-14
5.684341886080802e-14
5.684341886080802e-14
5.684341886080802e-14
5.684341886080802e-14
5.684341886080802e-14
5.684341886080802e-14
5.684341886080802e-14
5.684341886080802e-14
5.684341886080802e-14
5.684341886080802e-14
5.684341886080802e-14
5.684341886080802e-14
5.684341886080802e-14
5.684341886080802e-14
5.684341886080802e-14
5.684341886080802e-14
5.684341886080802e-14
5.684341886080802e-14
5.684341886080802e-14
5.684341886080802e-14
5.684341886080802e-14
5.684341886080802e-14
5.684341886080802e-14
5.684341886080802e-14
5.684341886080802e-14
5.684341886080802e-14
5.684341886080802e-14
5.684341886080802e-14
5.684341886080802e-14
5.684341886080802e-14
5.684341886080802e-14
5.684341886080802e-14
5.684341886080802e-14
5.684341886080802e-14
5.684341886080802e-14
5.684341886080802e-14
5.684341886080802e-14
5.684341886080802e-14
5.684341886080802e-14
5.684341886080802e-14
5.684341886080802e-14
5.684341886080802e-14
5.684341886080802e-14
5.684341886080802e-14
5.684341886080802e-14
5.684341886080802e-14
5.684341886080802e-14
5.684341886080802e-14
5.684341886080802e-14
5.684341886080802e-14
5.684341886080802e-14
5.684341886080802e-14
5.684341886080802e-14
5.684341886080802e-14
5.684341886080802e-14
5.684341886080802e-14
5.684341886080802e-14
5.684341886080802e-14
5.684341886080802e-14
5.684341886080802e-14
5.684341886080802e-14
5.684341886080802e-14
5.684341886080802e-14
5.684341886080802e-14
5.684341886080802e-14
5.684341886080802e-14
5.684341886080802e-14
5.684341886080802e-14
5.684341886080802e-14
5.684341886080802e-14
5.684341886080802e-14
5.684341886080802e-14
5.684341886080802e-14
5.684341886080802e-14
5.684341886080802e-14
5.684341886080802e-14
5.684341886080802e-14
5.684341886080802e-14
5.684341886080802e-14
5.684341886080802e-14
5.684341886080802e-14
5.684341886080802e-14
5.684341886080802e-14
5.684341886080802e-14
5.684341886080802e-14
5.684341886080802e-14
5.684341886080802e-14
5.684341886080802e-14
5.684341886080802e-14
5.684341886080802e-14
5.684341886080802e-14
5.684341886080802e-14
5.684341886080802e-14
5.684341886080802e-14
5.684341886080802e-14
5.684341886080802e-14
5.684341886080802e-14
5.684341886080802e-14
5.684341886080802e-14
5.684341886080802e-14
5.684341886080802e-14
5.684341886080802e-14
5.684341886080802e-14
5.684341886080802e-14
5.684341886080802e-14
5.684341886080802e-14
5.684341886080802e-14
5.684341886080802e-14
5.684341886080802e-14
5.684341886080802e-14
5.684341886080802e-14
5.684341886080802e-14
5.684341886080802e-14
5.684341886080802e-14
5.684341886080802e-14
5.684341886080802e-14
5.684341886080802e-14
5.684341886080802e-14
5.684341886080802e-14
5.684341886080802e-14
5.684341886080802e-14
5.684341886080802e-14
5.684341886080802e-14
5.684341886080802e-14
5.684341886080802e-14
5.684341886080802e-14
5.684341886080802e-14
5.684341886080802e-14
5.684341886080802e-14
5.684341886080802e-14
5.684341886080802e-14
5.684341886080802e-14
5.684341886080802e-14
5.684341886080802e-14
5.684341886080802e-14
5.684341886080802e-14
5.684341886080802e-14
5.684341886080802e-14
5.684341886080802e-14
5.684341886080802e-14
5.684341886080802e-14
5.684341886080802e-14
5.684341886080802e-14
5.684341886080802e-14
5.684341886080802e-14
5.684341886080802e-14
5.684341886080802e-14
5.684341886080802e-14
5.684341886080802e-14
5.684341886080802e-14
5.684341886080802e-14
5.684341886080802e-14
5.684341886080802e-14
5.684341886080802e-14
5.684341886080802e-14
5.684341886080802e-14
5.684341886080802e-14
5.684341886080802e-14
5.684341886080802e-14
5.684341886080802e-14
5.684341886080802e-14
5.684341886080802e-14
5.684341886080802e-14
5.684341886080802e-14
5.684341886080802e-14
5.684341886080802e-14
5.684341886080802e-14
5.684341886080802e-14
5.684341886080802e-14
5.684341886080802e-14
5.684341886080802e-14
5.684341886080802e-14
5.684341886080802e-14
5.684341886080802e-14
5.684341886080802e-14
5.684341886080802e-14
5.684341886080802e-14
5.684341886080802e-14
5.684341886080802e-14
5.684341886080802e-14
5.684341886080802e-14
5.684341886080802e-14
5.684341886080802e-14
5.684341886080802e-14
5.684341886080802e-14
5.684341886080802e-14
5.684341886080802e-14
5.684341886080802e-14
5.684341886080802e-14
5.684341886080802e-14
5.684341886080802e-14
5.684341886080802e-14
5.684341886080802e-14
5.684341886080802e-14
5.684341886080802e-14
5.684341886080802e-14
5.684341886080802e-14
5.684341886080802e-14
5.684341886080802e-14
5.684341886080802e-14
5.684341886080802e-14
5.684341886080802e-14
5.684341886080802e-14
5.684341886080802e-14
5.684341886080802e-14
5.684341886080802e-14
5.684341886080802e-14
5.684341886080802e-14
5.684341886080802e-14
5.684341886080802e-14
5.684341886080802e-14
5.684341886080802e-14
5.684341886080802e-14
5.684341886080802e-14
5.684341886080802e-14
5.684341886080802e-14
5.684341886080802e-14
5.684341886080802e-14
5.684341886080802e-14
5.684341886080802e-14
5.684341886080802e-14
5.684341886080802e-14
5.684341886080802e-14
5.684341886080802e-14
5.684341886080802e-14
5.684341886080802e-14
5.684341886080802e-14
5.684341886080802e-14
5.684341886080802e-14
5.684341886080802e-14
5.684341886080802e-14
5.684341886080802e-14
5.684341886080802e-14
5.684341886080802e-14
5.684341886080802e-14
5.684341886080802e-14
5.684341886080802e-14
5.684341886080802e-14
5.684341886080802e-14
5.684341886080802e-14
5.684341886080802e-14
5.684341886080802e-14
5.684341886080802e-14
5.684341886080802e-14
5.684341886080802e-14
5.684341886080802e-14
5.684341886080802e-14
5.684341886080802e-14
5.684341886080802e-14
5.684341886080802e-14
5.684341886080802e-14
5.684341886080802e-14
5.684341886080802e-14
5.684341886080802e-14
5.684341886080802e-14
5.684341886080802e-14
5.684341886080802e-14
5.684341886080802e-14
5.684341886080802e-14
5.684341886080802e-14
5.684341886080802e-14
5.684341886080802e-14
5.684341886080802e-14
5.684341886080802e-14
5.684341886080802e-14
5.684341886080802e-14
5.684341886080802e-14
5.684341886080802e-14
5.684341886080802e-14
5.684341886080802e-14
5.684341886080802e-14
5.684341886080802e-14
5.684341886080802e-14
5.684341886080802e-14
5.684341886080802e-14
5.684341886080802e-14
5.684341886080802e-14
5.684341886080802e-14
5.684341886080802e-14
5.684341886080802e-14
5.684341886080802e-14
5.684341886080802e-14
5.684341886080802e-14
5.684341886080802e-14
5.684341886080802e-14
5.684341886080802e-14
5.684341886080802e-14
5.684341886080802e-14
5.684341886080802e-14
5.684341886080802e-14
5.684341886080802e-14
5.684341886080802e-14
5.684341886080802e-14
5.684341886080802e-14
5.684341886080802e-14
5.684341886080802e-14
5.684341886080802e-14
5.684341886080802e-14
5.684341886080802e-14
5.684341886080802e-14
5.684341886080802e-14
5.684341886080802e-14
5.684341886080802e-14
5.684341886080802e-14
5.684341886080802e-14
5.684341886080802e-14
5.684341886080802e-14
5.684341886080802e-14
5.684341886080802e-14
5.684341886080802e-14
5.684341886080802e-14
5.684341886080802e-14
5.684341886080802e-14
5.684341886080802e-14
5.684341886080802e-14
5.684341886080802e-14
5.684341886080802e-14
5.684341886080802e-14
5.684341886080802e-14
5.684341886080802e-14
5.684341886080802e-14
5.684341886080802e-14
5.684341886080802e-14
5.684341886080802e-14
5.684341886080802e-14
5.684341886080802e-14
5.684341886080802e-14
5.684341886080802e-14
5.684341886080802e-14
5.684341886080802e-14
5.684341886080802e-14
5.684341886080802e-14
5.684341886080802e-14
5.684341886080802e-14
5.684341886080802e-14
5.684341886080802e-14
5.684341886080802e-14
5.684341886080802e-14
5.684341886080802e-14
5.684341886080802e-14
5.684341886080802e-14
5.684341886080802e-14
5.684341886080802e-14
5.684341886080802e-14
5.684341886080802e-14
5.684341886080802e-14
5.684341886080802e-14
5.684341886080802e-14
5.684341886080802e-14
5.684341886080802e-14
5.684341886080802e-14
5.684341886080802e-14
5.684341886080802e-14
5.684341886080802e-14
5.684341886080802e-14
5.684341886080802e-14
5.684341886080802e-14
5.684341886080802e-14
5.684341886080802e-14
5.684341886080802e-14
5.684341886080802e-14
5.684341886080802e-14
5.684341886080802e-14
5.684341886080802e-14
5.684341886080802e-14
5.684341886080802e-14
5.684341886080802e-14
5.684341886080802e-14
5.684341886080802e-14
5.684341886080802e-14
5.684341886080802e-14
5.684341886080802e-14
5.684341886080802e-14
5.684341886080802e-14
5.684341886080802e-14
5.684341886080802e-14
5.684341886080802e-14
5.684341886080802e-14
5.684341886080802e-14
5.684341886080802e-14
5.684341886080802e-14
5.684341886080802e-14
5.684341886080802e-14
5.684341886080802e-14
5.684341886080802e-14
5.684341886080802e-14
5.684341886080802e-14
5.684341886080802e-14
5.684341886080802e-14
5.684341886080802e-14
5.684341886080802e-14
5.684341886080802e-14
5.684341886080802e-14
5.684341886080802e-14
5.684341886080802e-14
5.684341886080802e-14
5.684341886080802e-14
5.684341886080802e-14
5.684341886080802e-14
5.684341886080802e-14
5.684341886080802e-14
5.684341886080802e-14
5.684341886080802e-14
5.684341886080802e-14
5.684341886080802e-14
5.684341886080802e-14
5.684341886080802e-14
5.684341886080802e-14
5.684341886080802e-14
5.684341886080802e-14
5.684341886080802e-14
5.684341886080802e-14
5.684341886080802e-14
5.684341886080802e-14
5.684341886080802e-14
5.684341886080802e-14
5.684341886080802e-14
5.684341886080802e-14
5.684341886080802e-14
5.684341886080802e-14
5.684341886080802e-14
5.684341886080802e-14
5.684341886080802e-14
5.684341886080802e-14
5.684341886080802e-14
5.684341886080802e-14
5.684341886080802e-14
5.684341886080802e-14
5.684341886080802e-14
5.684341886080802e-14
5.684341886080802e-14
5.684341886080802e-14
5.684341886080802e-14
5.684341886080802e-14
5.684341886080802e-14
5.684341886080802e-14
5.684341886080802e-14
5.684341886080802e-14
5.684341886080802e-14
5.684341886080802e-14
5.684341886080802e-14
5.684341886080802e-14
5.684341886080802e-14
5.684341886080802e-14
5.684341886080802e-14
5.684341886080802e-14
5.684341886080802e-14
5.684341886080802e-14
5.684341886080802e-14
5.684341886080802e-14
5.684341886080802e-14
5.684341886080802e-14
5.684341886080802e-14
5.684341886080802e-14
5.684341886080802e-14
5.684341886080802e-14
5.684341886080802e-14
5.684341886080802e-14
5.684341886080802e-14
5.684341886080802e-14
5.684341886080802e-14
5.684341886080802e-14
5.684341886080802e-14
5.684341886080802e-14
5.684341886080802e-14
5.684341886080802e-14
5.684341886080802e-14
5.684341886080802e-14
5.684341886080802e-14
5.684341886080802e-14
5.684341886080802e-14
5.684341886080802e-14
5.684341886080802e-14
5.684341886080802e-14
5.684341886080802e-14
5.684341886080802e-14
5.684341886080802e-14
5.684341886080802e-14
5.684341886080802e-14
5.684341886080802e-14
5.684341886080802e-14
5.684341886080802e-14
5.684341886080802e-14
5.684341886080802e-14
5.684341886080802e-14
5.684341886080802e-14
5.684341886080802e-14
5.684341886080802e-14
5.684341886080802e-14
5.684341886080802e-14
5.684341886080802e-14
5.684341886080802e-14
5.684341886080802e-14
5.684341886080802e-14
5.684341886080802e-14
5.684341886080802e-14
5.684341886080802e-14
5.684341886080802e-14
5.684341886080802e-14
5.684341886080802e-14
5.684341886080802e-14
5.684341886080802e-14
5.684341886080802e-14
5.684341886080802e-14
5.684341886080802e-14
5.684341886080802e-14
5.684341886080802e-14
5.684341886080802e-14
5.684341886080802e-14
5.684341886080802e-14
5.684341886080802e-14
5.684341886080802e-14
5.684341886080802e-14
5.684341886080802e-14
5.684341886080802e-14
5.684341886080802e-14
5.684341886080802e-14
5.684341886080802e-14
5.684341886080802e-14
5.684341886080802e-14
5.684341886080802e-14
5.684341886080802e-14
5.684341886080802e-14
5.684341886080802e-14
5.684341886080802e-14
5.684341886080802e-14
5.684341886080802e-14
5.684341886080802e-14
5.684341886080802e-14
5.684341886080802e-14
5.684341886080802e-14
5.684341886080802e-14
5.684341886080802e-14
5.684341886080802e-14
5.684341886080802e-14
5.684341886080802e-14
5.684341886080802e-14
5.684341886080802e-14
5.684341886080802e-14
5.684341886080802e-14
5.684341886080802e-14
5.684341886080802e-14
5.684341886080802e-14
5.684341886080802e-14
5.684341886080802e-14
5.684341886080802e-14
5.684341886080802e-14
5.684341886080802e-14
5.684341886080802e-14
5.684341886080802e-14
5.684341886080802e-14
5.684341886080802e-14
5.684341886080802e-14
5.684341886080802e-14
5.684341886080802e-14
5.684341886080802e-14
5.684341886080802e-14
5.684341886080802e-14
5.684341886080802e-14
5.684341886080802e-14
5.684341886080802e-14
5.684341886080802e-14
5.684341886080802e-14
5.684341886080802e-14
5.684341886080802e-14
5.684341886080802e-14
5.684341886080802e-14
5.684341886080802e-14
5.684341886080802e-14
5.684341886080802e-14
5.684341886080802e-14
5.684341886080802e-14
5.684341886080802e-14
5.684341886080802e-14
5.684341886080802e-14
5.684341886080802e-14
5.684341886080802e-14
5.684341886080802e-14
5.684341886080802e-14
5.684341886080802e-14
5.684341886080802e-14
5.684341886080802e-14
5.684341886080802e-14
5.684341886080802e-14
5.684341886080802e-14
5.684341886080802e-14
5.684341886080802e-14
5.684341886080802e-14
5.684341886080802e-14
5.684341886080802e-14
5.684341886080802e-14
5.684341886080802e-14
5.684341886080802e-14
5.684341886080802e-14
5.684341886080802e-14
5.684341886080802e-14
5.684341886080802e-14
5.684341886080802e-14
5.684341886080802e-14
5.684341886080802e-14
5.684341886080802e-14
5.684341886080802e-14
5.684341886080802e-14
5.684341886080802e-14
5.684341886080802e-14
5.684341886080802e-14
5.684341886080802e-14
5.684341886080802e-14
5.684341886080802e-14
5.684341886080802e-14
5.684341886080802e-14
5.684341886080802e-14
5.684341886080802e-14
5.684341886080802e-14
5.684341886080802e-14
5.684341886080802e-14
5.684341886080802e-14
5.684341886080802e-14
5.684341886080802e-14
5.684341886080802e-14
5.684341886080802e-14
5.684341886080802e-14
5.684341886080802e-14
5.684341886080802e-14
5.684341886080802e-14
5.684341886080802e-14
5.684341886080802e-14
5.684341886080802e-14
5.684341886080802e-14
5.684341886080802e-14
5.684341886080802e-14
5.684341886080802e-14
5.684341886080802e-14
5.684341886080802e-14
5.684341886080802e-14
5.684341886080802e-14
5.684341886080802e-14
5.684341886080802e-14
5.684341886080802e-14
5.684341886080802e-14
5.684341886080802e-14
5.684341886080802e-14
5.684341886080802e-14
5.684341886080802e-14
5.684341886080802e-14
5.684341886080802e-14
5.684341886080802e-14
5.684341886080802e-14
5.684341886080802e-14
5.684341886080802e-14
5.684341886080802e-14
5.684341886080802e-14
5.684341886080802e-14
5.684341886080802e-14
5.684341886080802e-14
5.684341886080802e-14
5.684341886080802e-14
5.684341886080802e-14
5.684341886080802e-14
5.684341886080802e-14
5.684341886080802e-14
5.684341886080802e-14
5.684341886080802e-14
5.684341886080802e-14
5.684341886080802e-14
5.684341886080802e-14
5.684341886080802e-14
5.684341886080802e-14
5.684341886080802e-14
5.684341886080802e-14
5.684341886080802e-14
5.684341886080802e-14
5.684341886080802e-14
5.684341886080802e-14
5.684341886080802e-14
5.684341886080802e-14
5.684341886080802e-14
5.684341886080802e-14
5.684341886080802e-14
5.684341886080802e-14
5.684341886080802e-14
5.684341886080802e-14
5.684341886080802e-14
5.684341886080802e-14
5.684341886080802e-14
5.684341886080802e-14
5.684341886080802e-14
5.684341886080802e-14
5.684341886080802e-14
5.684341886080802e-14
5.684341886080802e-14
5.684341886080802e-14
5.684341886080802e-14
5.684341886080802e-14
5.684341886080802e-14
5.684341886080802e-14
5.684341886080802e-14
5.684341886080802e-14
5.684341886080802e-14
5.684341886080802e-14
5.684341886080802e-14
5.684341886080802e-14
5.684341886080802e-14
5.684341886080802e-14
5.684341886080802e-14
5.684341886080802e-14
5.684341886080802e-14
5.684341886080802e-14
5.684341886080802e-14
5.684341886080802e-14
5.684341886080802e-14
5.684341886080802e-14
5.684341886080802e-14
5.684341886080802e-14
5.684341886080802e-14
5.684341886080802e-14
5.684341886080802e-14
5.684341886080802e-14
5.684341886080802e-14
5.684341886080802e-14
5.684341886080802e-14
5.684341886080802e-14
5.684341886080802e-14
5.684341886080802e-14
5.684341886080802e-14
5.684341886080802e-14
5.684341886080802e-14
5.684341886080802e-14
5.684341886080802e-14
5.684341886080802e-14
5.684341886080802e-14
5.684341886080802e-14
5.684341886080802e-14
5.684341886080802e-14
5.684341886080802e-14
5.684341886080802e-14
5.684341886080802e-14
5.684341886080802e-14
5.684341886080802e-14
5.684341886080802e-14
5.684341886080802e-14
5.684341886080802e-14
5.684341886080802e-14
5.684341886080802e-14
5.684341886080802e-14
5.684341886080802e-14
5.684341886080802e-14
5.684341886080802e-14
5.684341886080802e-14
5.684341886080802e-14
5.684341886080802e-14
5.684341886080802e-14
5.684341886080802e-14
5.684341886080802e-14
5.684341886080802e-14
5.684341886080802e-14
5.684341886080802e-14
5.684341886080802e-14
5.684341886080802e-14
5.684341886080802e-14
5.684341886080802e-14
5.684341886080802e-14
5.684341886080802e-14
5.684341886080802e-14
5.684341886080802e-14
5.684341886080802e-14
5.684341886080802e-14
5.684341886080802e-14
5.684341886080802e-14
5.684341886080802e-14
5.684341886080802e-14
5.684341886080802e-14
5.684341886080802e-14
5.684341886080802e-14
5.684341886080802e-14
5.684341886080802e-14
5.684341886080802e-14
5.684341886080802e-14
5.684341886080802e-14
5.684341886080802e-14
5.684341886080802e-14
5.684341886080802e-14
5.684341886080802e-14
5.684341886080802e-14
5.684341886080802e-14
5.684341886080802e-14
5.684341886080802e-14
5.684341886080802e-14
5.684341886080802e-14
5.684341886080802e-14
5.684341886080802e-14
5.684341886080802e-14
5.684341886080802e-14
5.684341886080802e-14
5.684341886080802e-14
5.684341886080802e-14
5.684341886080802e-14
5.684341886080802e-14
5.684341886080802e-14
5.684341886080802e-14
5.684341886080802e-14
5.684341886080802e-14
5.684341886080802e-14
5.684341886080802e-14
5.684341886080802e-14
5.684341886080802e-14
5.684341886080802e-14
5.684341886080802e-14
5.684341886080802e-14
5.684341886080802e-14
5.684341886080802e-14
5.684341886080802e-14
5.684341886080802e-14
5.684341886080802e-14
5.684341886080802e-14
5.684341886080802e-14
5.684341886080802e-14
5.684341886080802e-14
5.684341886080802e-14
5.684341886080802e-14
5.684341886080802e-14
5.684341886080802e-14
5.684341886080802e-14
5.684341886080802e-14
5.684341886080802e-14
5.684341886080802e-14
5.684341886080802e-14
5.684341886080802e-14
5.684341886080802e-14
0.0
0.0
0.0
0.0
0.0
0.0
0.0
0.0
0.0
0.0
0.0
0.0
0.0
0.0
0.0
0.0
0.0
0.0
0.0
0.0
0.0
0.0
0.0
0.0
0.0
0.0
0.0
0.0
0.0
0.0
0.0
0.0
0.0
0.0
0.0
0.0
0.0
0.0
0.0
0.0
0.0
0.0
0.0
0.0
0.0
0.0
0.0
0.0
0.0
0.0
0.0
0.0
0.0
0.0
0.0
0.0
0.0
0.0
0.0
0.0
0.0
0.0
0.0
0.0
0.0
0.0
0.0
0.0
0.0
0.0
0.0
0.0
0.0
0.0
0.0
0.0
0.0
0.0
0.0
0.0
0.0
0.0
0.0
0.0
0.0
0.0
0.0
0.0
0.0
0.0
0.0
0.0
0.0
0.0
0.0
0.0
0.0
0.0
0.0
0.0
0.0
0.0
0.0
0.0
0.0
0.0
0.0
0.0
0.0
0.0
0.0
0.0
0.0
0.0
0.0
0.0
0.0
0.0
0.0
0.0
0.0
0.0
0.0
0.0
0.0
0.0
0.0
0.0
0.0
0.0
0.0
0.0
0.0
0.0
0.0
0.0
0.0
0.0
0.0
0.0
0.0
0.0
0.0
0.0
0.0
0.0
0.0
0.0
0.0
0.0
0.0
0.0
0.0
0.0
0.0
0.0
0.0
0.0
0.0
0.0
0.0
0.0
0.0
0.0
0.0
0.0
0.0
0.0
0.0
0.0
0.0
0.0
0.0
0.0
0.0
0.0
0.0
0.0
0.0
0.0
0.0
0.0
0.0
0.0
0.0
0.0
0.0
0.0
0.0
0.0
0.0
0.0
0.0
0.0
0.0
0.0
0.0
0.0
0.0
0.0
0.0
0.0
0.0
0.0
0.0
0.0
0.0
0.0
0.0
0.0
0.0
0.0
0.0
0.0
0.0
0.0
0.0
0.0
0.0
0.0
0.0
0.0
0.0
0.0
0.0
0.0
0.0
0.0
0.0
0.0
0.0
0.0
0.0
0.0
0.0
0.0
0.0
0.0
0.0
0.0
0.0
0.0
0.0
0.0
0.0
0.0
0.0
0.0
0.0
0.0
0.0
0.0
0.0
0.0
0.0
0.0
0.0
0.0
0.0
0.0
0.0
0.0
0.0
0.0
0.0
0.0
0.0
0.0
0.0
0.0
0.0
0.0
0.0
0.0
0.0
0.0
0.0
0.0
0.0
0.0
0.0
0.0
0.0
0.0
0.0
0.0
0.0
0.0
0.0
0.0
0.0
0.0
0.0
0.0
0.0
0.0
0.0
0.0
0.0
0.0
0.0
0.0
0.0
0.0
0.0
0.0
0.0
0.0
0.0
0.0
0.0
0.0
0.0
0.0
0.0
0.0
0.0
0.0
0.0
0.0
0.0
0.0
0.0
0.0
0.0
0.0
0.0
0.0
0.0
0.0
0.0
0.0
0.0
0.0
0.0
0.0
0.0
0.0
0.0
0.0
0.0
0.0
0.0
0.0
0.0
0.0
0.0
0.0
0.0
0.0
0.0
0.0
0.0
0.0
0.0
0.0
0.0
0.0
0.0
0.0
0.0
0.0
0.0
0.0
0.0
0.0
0.0
0.0
0.0
0.0
0.0
0.0
0.0
0.0
0.0
0.0
0.0
0.0
0.0
0.0
0.0
0.0
0.0
0.0
0.0
0.0
0.0
0.0
0.0
0.0
0.0
0.0
0.0
0.0
0.0
0.0
0.0
0.0
0.0
0.0
0.0
0.0
0.0
0.0
0.0
0.0
0.0
0.0
0.0
0.0
0.0
0.0
0.0
0.0
0.0
0.0
0.0
0.0
0.0
0.0
0.0
0.0
0.0
0.0
0.0
0.0
0.0
0.0
0.0
0.0
0.0
0.0
0.0
0.0
0.0
0.0
0.0
0.0
0.0
0.0
0.0
0.0
0.0
0.0
0.0
0.0
0.0
0.0
0.0
0.0
0.0
0.0
0.0
0.0
0.0
0.0
0.0
0.0
0.0
0.0
0.0
0.0
0.0
0.0
0.0
0.0
0.0
0.0
0.0
0.0
0.0
0.0
0.0
0.0
0.0
0.0
0.0
0.0
0.0
0.0
0.0
0.0
0.0
0.0
0.0
0.0
0.0
0.0
0.0
0.0
0.0
0.0
0.0
0.0
0.0
0.0
0.0
0.0
0.0
0.0
0.0
0.0
0.0
0.0
0.0
0.0
0.0
0.0
0.0
0.0
0.0
0.0
0.0
0.0
0.0
0.0
0.0
0.0
0.0
0.0
0.0
0.0
0.0
0.0
0.0
0.0
0.0
0.0
0.0
0.0
0.0
0.0
0.0
0.0
0.0
0.0
0.0
0.0
0.0
0.0
0.0
0.0
0.0
0.0
0.0
0.0
0.0
0.0
0.0
0.0
0.0
0.0
0.0
0.0
0.0
0.0
0.0
0.0
0.0
0.0
0.0
0.0
0.0
0.0
0.0
0.0
0.0
0.0
0.0
0.0
0.0
0.0
0.0
0.0
0.0
0.0
0.0
0.0
0.0
0.0
0.0
0.0
0.0
0.0
0.0
0.0
0.0
0.0
0.0
0.0
0.0
0.0
0.0
0.0
0.0
0.0
0.0
0.0
0.0
0.0
0.0
0.0
0.0
0.0
0.0
0.0
0.0
0.0
0.0
0.0
0.0
0.0
0.0
0.0
0.0
0.0
0.0
0.0
0.0
0.0
0.0
0.0
0.0
0.0
0.0
0.0
0.0
0.0
0.0
0.0
0.0
0.0
0.0
0.0
0.0
0.0
0.0
0.0
0.0
0.0
0.0
0.0
0.0
0.0
0.0
0.0
0.0
0.0
0.0
0.0
0.0
0.0
0.0
0.0
0.0
0.0
0.0
0.0
0.0
0.0
0.0
0.0
0.0
0.0
0.0
0.0
0.0
0.0
0.0
0.0
0.0
0.0
0.0
0.0
0.0
0.0
0.0
0.0
0.0
0.0
0.0
0.0
0.0
0.0
0.0
0.0
0.0
0.0
0.0
0.0
0.0
0.0
0.0
0.0
0.0
0.0
0.0
0.0
0.0
0.0
0.0
0.0
0.0
0.0
0.0
0.0
0.0
0.0
0.0
0.0
0.0
0.0
0.0
0.0
0.0
0.0
0.0
0.0
0.0
0.0
0.0
0.0
0.0
0.0
0.0
0.0
0.0
0.0
0.0
0.0
0.0
0.0
0.0
0.0
0.0
0.0
0.0
0.0
0.0
0.0
0.0
0.0
0.0
0.0
0.0
0.0
0.0
0.0
0.0
0.0
0.0
0.0
0.0
0.0
0.0
0.0
0.0
0.0
0.0
0.0
0.0
0.0
0.0
0.0
0.0
0.0
0.0
0.0
0.0
0.0
0.0
0.0
0.0
0.0
0.0
0.0
0.0
0.0
0.0
0.0
0.0
0.0
0.0
0.0
0.0
0.0
0.0
0.0
0.0
0.0
0.0
0.0
0.0
0.0
0.0
0.0
0.0
0.0
0.0
0.0
0.0
0.0
0.0
0.0
0.0
0.0
0.0
0.0
0.0
0.0
0.0
0.0
0.0
0.0
0.0
0.0
0.0
0.0
0.0
0.0
0.0
0.0
0.0
0.0
0.0
0.0
0.0
0.0
0.0
0.0
0.0
0.0
0.0
0.0
0.0
0.0
0.0
0.0
0.0
0.0
0.0
0.0
0.0
0.0
0.0
0.0
0.0
0.0
0.0
0.0
0.0
0.0
0.0
0.0
0.0
0.0
0.0
0.0
0.0
0.0
0.0
0.0
0.0
0.0
0.0
0.0
0.0
0.0
0.0
0.0
0.0
0.0
0.0
0.0
0.0
0.0
0.0
0.0
0.0
0.0
0.0
0.0
0.0
0.0
0.0
0.0
0.0
0.0
0.0
0.0
0.0
0.0
0.0
0.0
0.0
0.0
0.0
0.0
0.0
0.0
0.0
0.0
0.0
0.0
0.0
0.0
0.0
0.0
0.0
0.0
0.0
0.0
0.0
0.0
0.0
0.0
0.0
0.0
0.0
0.0
0.0
0.0
0.0
0.0
0.0
0.0
0.0
0.0
0.0
0.0
0.0
0.0
0.0
0.0
0.0
0.0
0.0
0.0
0.0
0.0
0.0
0.0
0.0
0.0
0.0
0.0
0.0
0.0
0.0
0.0
0.0
0.0
0.0
0.0
0.0
0.0
0.0
0.0
0.0
0.0
0.0
0.0
0.0
0.0
0.0
0.0
0.0
0.0
0.0
0.0
0.0
0.0
0.0
0.0
0.0
0.0
0.0
0.0
0.0
0.0
0.0
0.0
0.0
0.0
0.0
0.0
0.0
0.0
0.0
0.0
0.0
0.0
0.0
0.0
0.0
0.0
0.0
0.0
0.0
0.0
0.0
0.0
0.0
0.0
0.0
0.0
0.0
0.0
0.0
0.0
0.0
0.0
0.0
0.0
0.0
0.0
0.0
0.0
0.0
0.0
0.0
0.0
0.0
0.0
0.0
0.0
0.0
0.0
0.0
0.0
0.0
0.0
0.0
0.0
0.0
0.0
0.0
0.0
0.0
0.0
0.0
0.0
0.0
0.0
0.0
0.0
0.0
0.0
0.0
0.0
0.0
0.0
0.0
0.0
0.0
0.0
0.0
0.0
0.0
0.0
0.0
0.0
0.0
0.0
0.0
0.0
0.0
0.0
0.0
0.0
0.0
0.0
0.0
0.0
0.0
0.0
0.0
0.0
0.0
0.0
0.0
0.0
0.0
0.0
0.0
0.0
0.0
0.0
0.0
0.0
0.0
0.0
0.0
0.0
0.0
0.0
0.0
0.0
0.0
0.0
0.0
0.0
0.0
0.0
0.0
0.0
0.0
0.0
0.0
0.0
0.0
0.0
0.0
0.0
0.0
0.0
0.0
0.0
0.0
0.0
0.0
0.0
0.0
0.0
0.0
0.0
0.0
0.0
0.0
0.0
0.0
0.0
0.0
0.0
0.0
0.0
0.0
0.0
0.0
0.0
0.0
0.0
0.0
0.0
0.0
0.0
0.0
0.0
0.0
0.0
0.0
0.0
0.0
0.0
0.0
0.0
0.0
0.0
0.0
0.0
0.0
0.0
0.0
0.0
0.0
0.0
0.0
0.0
0.0
0.0
0.0
0.0
0.0
0.0
0.0
0.0
0.0
0.0
0.0
0.0
0.0
0.0
0.0
0.0
0.0
0.0
0.0
0.0
0.0
0.0
0.0
0.0
0.0
0.0
0.0
0.0
0.0
0.0
0.0
0.0
0.0
0.0
0.0
0.0
0.0
0.0
0.0
0.0
0.0
0.0
0.0
0.0
0.0
0.0
0.0
0.0
0.0
0.0
0.0
0.0
0.0
0.0
0.0
0.0
0.0
0.0
0.0
0.0
0.0
0.0
0.0
0.0
0.0
0.0
0.0
0.0
0.0
0.0
0.0
0.0
0.0
0.0
0.0
0.0
0.0
0.0
0.0
0.0
0.0
0.0
0.0
0.0
0.0
0.0
0.0
0.0
0.0
0.0
0.0
0.0
0.0
0.0
0.0
0.0
0.0
0.0
0.0
0.0
0.0
0.0
0.0
0.0
0.0
0.0
0.0
0.0
0.0
0.0
0.0
0.0
0.0
0.0
0.0
0.0
0.0
0.0
0.0
0.0
0.0
0.0
0.0
0.0
0.0
0.0
0.0
0.0
0.0
0.0
0.0
0.0
0.0
0.0
0.0
0.0
0.0
0.0
0.0
0.0
0.0
0.0
0.0
0.0
0.0
0.0
0.0
0.0
0.0
0.0
0.0
0.0
0.0
0.0
0.0
0.0
0.0
0.0
0.0
0.0
0.0
0.0
0.0
0.0
0.0
0.0
0.0
0.0
0.0
0.0
0.0
0.0
0.0
0.0
0.0
0.0
0.0
0.0
0.0
0.0
0.0
0.0
0.0
0.0
0.0
0.0
0.0
0.0
0.0
0.0
0.0
0.0
0.0
0.0
0.0
0.0
0.0
0.0
0.0
0.0
0.0
0.0
0.0
0.0
0.0
0.0
0.0
0.0
0.0
0.0
0.0
0.0
0.0
0.0
0.0
0.0
0.0
0.0
0.0
0.0
0.0
0.0
0.0
0.0
0.0
0.0
0.0
0.0
0.0
0.0
0.0
0.0
0.0
0.0
0.0
0.0
0.0
0.0
0.0
0.0
0.0
0.0
0.0
0.0
0.0
0.0
0.0
0.0
0.0
0.0
0.0
0.0
0.0
0.0
0.0
0.0
0.0
0.0
0.0
0.0
0.0
0.0
0.0
0.0
0.0
0.0
0.0
0.0
0.0
0.0
0.0
0.0
0.0
0.0
0.0
0.0
0.0
0.0
0.0
0.0
0.0
0.0
0.0
0.0
0.0
0.0
0.0
0.0
0.0
0.0
0.0
0.0
0.0
0.0
0.0
0.0
0.0
0.0
0.0
0.0
0.0
0.0
0.0
0.0
0.0
0.0
0.0
0.0
0.0
0.0
0.0
0.0
0.0
0.0
0.0
0.0
0.0
0.0
0.0
0.0
0.0
0.0
0.0
0.0
0.0
0.0
0.0
0.0
0.0
0.0
0.0
0.0
0.0
0.0
0.0
0.0
0.0
0.0
0.0
0.0
0.0
0.0
0.0
0.0
0.0
0.0
0.0
0.0
0.0
0.0
0.0
0.0
0.0
0.0
0.0
0.0
0.0
0.0
0.0
0.0
0.0
0.0
0.0
0.0
0.0
0.0
0.0
0.0
0.0
0.0
0.0
0.0
0.0
0.0
0.0
0.0
0.0
0.0
0.0
0.0
0.0
0.0
0.0
0.0
0.0
0.0
0.0
0.0
0.0
0.0
0.0
0.0
0.0
0.0
0.0
0.0
0.0
0.0
0.0
0.0
0.0
0.0
0.0
0.0
0.0
0.0
0.0
0.0
0.0
0.0
0.0
0.0
0.0
0.0
0.0
0.0
0.0
0.0
0.0
0.0
0.0
0.0
0.0
0.0
0.0
0.0
0.0
0.0
0.0
0.0
0.0
0.0
0.0
0.0
0.0
0.0
0.0
0.0
0.0
0.0
0.0
0.0
0.0
0.0
0.0
0.0
0.0
0.0
0.0
0.0
0.0
0.0
0.0
0.0
0.0
0.0
0.0
0.0
0.0
0.0
0.0
0.0
0.0
0.0
0.0
0.0
0.0
0.0
0.0
0.0
0.0
0.0
0.0
0.0
0.0
0.0
0.0
0.0
0.0
0.0
0.0
0.0
0.0
0.0
0.0
0.0
0.0
0.0
0.0
0.0
0.0
0.0
0.0
0.0
0.0
0.0
0.0
0.0
0.0
0.0
0.0
0.0
0.0
0.0
0.0
0.0
0.0
0.0
0.0
0.0
0.0
0.0
0.0
0.0
0.0
0.0
0.0
0.0
0.0
0.0
0.0
0.0
0.0
0.0
0.0
0.0
0.0
0.0
0.0
0.0
0.0
0.0
0.0
0.0
0.0
0.0
0.0
0.0
0.0
0.0
0.0
0.0
0.0
0.0
0.0
0.0
0.0
0.0
0.0
0.0
0.0
0.0
0.0
0.0
0.0
0.0
0.0
0.0
0.0
0.0
0.0
0.0
0.0
0.0
0.0
0.0
0.0
0.0
0.0
0.0
0.0
0.0
0.0
0.0
0.0
0.0
0.0
0.0
0.0
0.0
0.0
0.0
0.0
0.0
0.0
0.0
0.0
0.0
0.0
0.0
0.0
0.0
0.0
0.0
0.0
0.0
0.0
0.0
0.0
0.0
0.0
0.0
0.0
0.0
0.0
0.0
0.0
0.0
0.0
0.0
0.0
0.0
0.0
0.0
0.0
0.0
0.0
0.0
0.0
0.0
0.0
0.0
0.0
0.0
0.0
0.0
0.0
0.0
0.0
0.0
0.0
0.0
0.0
0.0
0.0
0.0
0.0
0.0
0.0
0.0
0.0
0.0
0.0
0.0
0.0
0.0
0.0
0.0
0.0
0.0
0.0
0.0
0.0
0.0
0.0
0.0
0.0
0.0
0.0
0.0
0.0
0.0
0.0
0.0
0.0
0.0
0.0
0.0
0.0
0.0
0.0
0.0
0.0
0.0
0.0
0.0
0.0
0.0
0.0
0.0
0.0
0.0
0.0
0.0
0.0
0.0
0.0
0.0
0.0
0.0
0.0
0.0
0.0
0.0
0.0
0.0
0.0
0.0
0.0
0.0
0.0
0.0
0.0
0.0
0.0
0.0
0.0
0.0
0.0
0.0
0.0
0.0
0.0
0.0
0.0
0.0
0.0
0.0
0.0
0.0
0.0
0.0
0.0
0.0
0.0
0.0
0.0
0.0
0.0
0.0
0.0
0.0
0.0
0.0
0.0
0.0
0.0
0.0
0.0
0.0
0.0
0.0
0.0
0.0
0.0
0.0
0.0
0.0
0.0
0.0
0.0
0.0
0.0
0.0
0.0
0.0
0.0
0.0
0.0
0.0
0.0
0.0
0.0
0.0
0.0
0.0
0.0
0.0
0.0
0.0
0.0
0.0
0.0
0.0
0.0
0.0
0.0
0.0
0.0
0.0
0.0
0.0
0.0
0.0
0.0
0.0
0.0
0.0
0.0
0.0
0.0
0.0
0.0
0.0
0.0
0.0
0.0
0.0
0.0
0.0
0.0
0.0
0.0
0.0
0.0
0.0
0.0
0.0
0.0
0.0
0.0
0.0
0.0
0.0
0.0
0.0
0.0
0.0
0.0
0.0
0.0
0.0
0.0
0.0
0.0
0.0
0.0
0.0
0.0
0.0
0.0
0.0
0.0
0.0
0.0
0.0
0.0
0.0
0.0
0.0
0.0
0.0
0.0
0.0
0.0
0.0
0.0
0.0
0.0
0.0
0.0
0.0
0.0
0.0
0.0
0.0
0.0
0.0
0.0
0.0
0.0
0.0
0.0
0.0
0.0
0.0
0.0
0.0
0.0
0.0
0.0
0.0
0.0
0.0
0.0
0.0
0.0
0.0
0.0
0.0
0.0
0.0
0.0
0.0
0.0
0.0
0.0
0.0
0.0
0.0
0.0
0.0
0.0
0.0
0.0
0.0
0.0
0.0
0.0
0.0
0.0
0.0
0.0
0.0
0.0
0.0
0.0
0.0
0.0
0.0
0.0
0.0
0.0
0.0
0.0
0.0
0.0
0.0
0.0
0.0
0.0
0.0
0.0
0.0
0.0
0.0
0.0
0.0
0.0
0.0
0.0
0.0
0.0
0.0
0.0
0.0
0.0
0.0
0.0
0.0
0.0
0.0
0.0
0.0
0.0
0.0
0.0
0.0
0.0
0.0
0.0
0.0
0.0
0.0
0.0
0.0
0.0
0.0
0.0
0.0
0.0
0.0
0.0
0.0
0.0
0.0
0.0
0.0
0.0
0.0
0.0
0.0
0.0
0.0
0.0
0.0
0.0
0.0
0.0
0.0
0.0
0.0
0.0
0.0
0.0
0.0
0.0
0.0
0.0
0.0
0.0
0.0
0.0
0.0
0.0
0.0
0.0
0.0
0.0
0.0
0.0
0.0
0.0
0.0
0.0
0.0
0.0
0.0
0.0
0.0
0.0
0.0
0.0
0.0
0.0
0.0
0.0
0.0
0.0
0.0
0.0
0.0
0.0
0.0
0.0
0.0
0.0
0.0
0.0
0.0
0.0
0.0
0.0
0.0
0.0
0.0
0.0
0.0
0.0
0.0
0.0
0.0
0.0
0.0
0.0
0.0
0.0
0.0
0.0
0.0
0.0
0.0
0.0
0.0
0.0
0.0
0.0
0.0
0.0
0.0
0.0
0.0
0.0
0.0
0.0
0.0
0.0
0.0
0.0
0.0
0.0
0.0
0.0
0.0
0.0
0.0
0.0
0.0
0.0
0.0
0.0
0.0
0.0
0.0
0.0
0.0
0.0
0.0
0.0
0.0
0.0
0.0
0.0
0.0
0.0
0.0
0.0
0.0
0.0
0.0
0.0
0.0
0.0
0.0
0.0
0.0
0.0
0.0
0.0
0.0
0.0
0.0
0.0
0.0
0.0
0.0
0.0
0.0
0.0
0.0
0.0
0.0
0.0
0.0
0.0
0.0
0.0
0.0
0.0
0.0
0.0
0.0
0.0
0.0
0.0
0.0
0.0
0.0
0.0
0.0
0.0
0.0
0.0
0.0
0.0
0.0
0.0
0.0
0.0
0.0
0.0
0.0
0.0
0.0
0.0
0.0
0.0
0.0
0.0
0.0
0.0
0.0
0.0
0.0
0.0
0.0
0.0
0.0
0.0
0.0
0.0
0.0
0.0
0.0
0.0
0.0
0.0
0.0
0.0
0.0
0.0
0.0
0.0
0.0
0.0
0.0
0.0
0.0
0.0
0.0
0.0
0.0
0.0
0.0
0.0
0.0
0.0
0.0
0.0
0.0
0.0
0.0
0.0
0.0
0.0
0.0
0.0
0.0
0.0
0.0
0.0
0.0
0.0
0.0
0.0
0.0
0.0
0.0
0.0
0.0
0.0
0.0
0.0
0.0
0.0
0.0
0.0
0.0
0.0
0.0
0.0
0.0
0.0
0.0
0.0
0.0
0.0
0.0
0.0
0.0
0.0
0.0
0.0
0.0
0.0
0.0
0.0
0.0
0.0
0.0
0.0
0.0
0.0
0.0
0.0
0.0
0.0
0.0
0.0
0.0
0.0
0.0
0.0
0.0
0.0
0.0
0.0
0.0
0.0
0.0
0.0
0.0
0.0
0.0
0.0
0.0
0.0
0.0
0.0
0.0
0.0
0.0
0.0
0.0
0.0
0.0
0.0
0.0
0.0
0.0
0.0
0.0
0.0
0.0
0.0
0.0
0.0
0.0
0.0
0.0
0.0
0.0
0.0
0.0
0.0
0.0
0.0
0.0
0.0
0.0
0.0
0.0
0.0
0.0
0.0
0.0
0.0
0.0
0.0
0.0
0.0
0.0
0.0
0.0
0.0
0.0
0.0
0.0
0.0
0.0
0.0
0.0
0.0
0.0
0.0
0.0
0.0
0.0
0.0
0.0
0.0
0.0
0.0
0.0
0.0
0.0
0.0
0.0
0.0
0.0
0.0
0.0
0.0
0.0
0.0
0.0
0.0
0.0
0.0
0.0
0.0
0.0
0.0
0.0
0.0
0.0
0.0
0.0
0.0
0.0
0.0
0.0
0.0
0.0
0.0
0.0
0.0
0.0
0.0
0.0
0.0
0.0
0.0
0.0
0.0
0.0
0.0
0.0
0.0
0.0
0.0
0.0
0.0
0.0
0.0
0.0
0.0
0.0
0.0
0.0
0.0
0.0
0.0
0.0
0.0
0.0
0.0
0.0
0.0
0.0
0.0
0.0
0.0
0.0
0.0
0.0
0.0
0.0
0.0
0.0
0.0
0.0
0.0
0.0
0.0
0.0
0.0
0.0
0.0
0.0
0.0
0.0
0.0
0.0
0.0
0.0
0.0
0.0
0.0
0.0
0.0
0.0
0.0
0.0
0.0
0.0
0.0
0.0
0.0
0.0
0.0
0.0
0.0
0.0
0.0
0.0
0.0
0.0
0.0
0.0
0.0
0.0
0.0
0.0
0.0
0.0
0.0
0.0
0.0
0.0
0.0
0.0
0.0
0.0
0.0
0.0
0.0
0.0
0.0
0.0
0.0
0.0
0.0
0.0
0.0
0.0
0.0
0.0
0.0
0.0
0.0
0.0
0.0
0.0
0.0
0.0
0.0
0.0
0.0
0.0
0.0
0.0
0.0
0.0
0.0
0.0
0.0
0.0
0.0
0.0
0.0
0.0
0.0
0.0
0.0
0.0
0.0
0.0
0.0
0.0
0.0
0.0
0.0
0.0
0.0
0.0
0.0
0.0
0.0
0.0
0.0
0.0
0.0
0.0
0.0
0.0
0.0
0.0
0.0
0.0
0.0
0.0
0.0
0.0
0.0
0.0
0.0
0.0
0.0
0.0
0.0
0.0
0.0
0.0
0.0
0.0
0.0
0.0
0.0
0.0
0.0
0.0
0.0
0.0
0.0
0.0
0.0
0.0
0.0
0.0
0.0
0.0
0.0
0.0
0.0
0.0
0.0
0.0
0.0
0.0
0.0
0.0
0.0
0.0
0.0
0.0
0.0
0.0
0.0
0.0
0.0
0.0
0.0
0.0
0.0
0.0
0.0
0.0
0.0
0.0
0.0
0.0
0.0
0.0
0.0
0.0
0.0
0.0
0.0
0.0
0.0
0.0
0.0
0.0
0.0
0.0
0.0
0.0
0.0
0.0
0.0
0.0
0.0
0.0
0.0
0.0
0.0
0.0
0.0
0.0
0.0
0.0
0.0
0.0
0.0
0.0
0.0
0.0
0.0
0.0
0.0
0.0
0.0
0.0
0.0
0.0
0.0
0.0
0.0
0.0
0.0
0.0
0.0
0.0
0.0
0.0
0.0
0.0
0.0
0.0
0.0
0.0
0.0
0.0
0.0
0.0
0.0
0.0
0.0
0.0
0.0
0.0
0.0
0.0
0.0
0.0
0.0
0.0
0.0
0.0
0.0
0.0
0.0
0.0
0.0
0.0
0.0
0.0
0.0
0.0
0.0
0.0
0.0
0.0
0.0
0.0
0.0
0.0
0.0
0.0
0.0
0.0
0.0
0.0
0.0
0.0
0.0
0.0
0.0
0.0
0.0
0.0
0.0
0.0
0.0
0.0
0.0
0.0
0.0
0.0
0.0
0.0
0.0
0.0
0.0
0.0
0.0
0.0
0.0
0.0
0.0
0.0
0.0
0.0
0.0
0.0
0.0
0.0
0.0
0.0
0.0
0.0
0.0
0.0
0.0
0.0
0.0
0.0
0.0
0.0
0.0
0.0
0.0
0.0
0.0
0.0
0.0
0.0
0.0
0.0
0.0
0.0
0.0
0.0
0.0
0.0
0.0
0.0
0.0
0.0
0.0
0.0
0.0
0.0
0.0
0.0
0.0
0.0
0.0
0.0
0.0
0.0
0.0
0.0
0.0
0.0
0.0
0.0
0.0
0.0
0.0
0.0
0.0
0.0
0.0
0.0
0.0
0.0
0.0
0.0
0.0
0.0
0.0
0.0
0.0
0.0
0.0
0.0
0.0
0.0
0.0
0.0
0.0
0.0
0.0
0.0
0.0
0.0
0.0
0.0
0.0
0.0
0.0
0.0
0.0
0.0
0.0
0.0
0.0
0.0
0.0
0.0
0.0
0.0
0.0
0.0
0.0
0.0
0.0
0.0
0.0
0.0
0.0
0.0
0.0
0.0
0.0
0.0
0.0
0.0
0.0
0.0
0.0
0.0
0.0
0.0
0.0
0.0
0.0
0.0
0.0
0.0
0.0
0.0
0.0
0.0
0.0
0.0
0.0
0.0
0.0
0.0
0.0
0.0
0.0
0.0
0.0
0.0
0.0
0.0
0.0
0.0
0.0
0.0
0.0
0.0
0.0
0.0
0.0
0.0
0.0
0.0
0.0
0.0
0.0
0.0
0.0
0.0
0.0
0.0
0.0
0.0
0.0
0.0
0.0
0.0
0.0
0.0
0.0
0.0
0.0
0.0
0.0
0.0
0.0
0.0
0.0
0.0
0.0
0.0
0.0
0.0
0.0
0.0
0.0
0.0
0.0
0.0
0.0
0.0
0.0
0.0
0.0
0.0
0.0
0.0
0.0
0.0
0.0
0.0
0.0
0.0
0.0
0.0
0.0
0.0
0.0
0.0
0.0
0.0
0.0
0.0
0.0
0.0
0.0
0.0
0.0
0.0
0.0
0.0
0.0
0.0
0.0
0.0
0.0
0.0
0.0
0.0
0.0
0.0
0.0
0.0
0.0
0.0
0.0
0.0
0.0
0.0
0.0
0.0
0.0
0.0
0.0
0.0
0.0
0.0
0.0
0.0
0.0
0.0
0.0
0.0
0.0
0.0
0.0
0.0
0.0
0.0
0.0
0.0
0.0
0.0
0.0
0.0
0.0
0.0
0.0
0.0
0.0
0.0
0.0
0.0
0.0
0.0
0.0
0.0
0.0
0.0
0.0
0.0
0.0
0.0
0.0
0.0
0.0
0.0
0.0
0.0
0.0
0.0
0.0
0.0
0.0
0.0
0.0
0.0
0.0
0.0
0.0
0.0
0.0
0.0
0.0
0.0
0.0
0.0
0.0
0.0
0.0
0.0
0.0
0.0
0.0
0.0
0.0
0.0
0.0
0.0
0.0
0.0
0.0
0.0
0.0
0.0
0.0
0.0
0.0
0.0
0.0
0.0
0.0
0.0
0.0
0.0
0.0
0.0
0.0
0.0
0.0
0.0
0.0
0.0
0.0
0.0
0.0
0.0
0.0
0.0
0.0
0.0
0.0
0.0
0.0
0.0
0.0
0.0
0.0
0.0
0.0
0.0
0.0
0.0
0.0
0.0
0.0
0.0
0.0
0.0
0.0
0.0
0.0
0.0
0.0
0.0
0.0
0.0
0.0
0.0
0.0
0.0
0.0
0.0
0.0
0.0
0.0
0.0
0.0
0.0
0.0
0.0
0.0
0.0
0.0
0.0
0.0
0.0
0.0
0.0
0.0
0.0
0.0
0.0
0.0
0.0
0.0
0.0
0.0
0.0
0.0
0.0
0.0
0.0
0.0
0.0
0.0
0.0
0.0
0.0
0.0
0.0
0.0
0.0
0.0
0.0
0.0
0.0
0.0
0.0
0.0
0.0
0.0
0.0
0.0
0.0
0.0
0.0
0.0
0.0
0.0
0.0
0.0
0.0
0.0
0.0
0.0
0.0
0.0
0.0
0.0
0.0
0.0
0.0
0.0
0.0
0.0
0.0
0.0
0.0
0.0
0.0
0.0
0.0
0.0
0.0
0.0
0.0
0.0
0.0
0.0
0.0
0.0
0.0
0.0
0.0
0.0
0.0
0.0
0.0
0.0
0.0
0.0
0.0
0.0
0.0
0.0
0.0
0.0
0.0
0.0
0.0
0.0
0.0
0.0
0.0
0.0
0.0
0.0
0.0
0.0
0.0
0.0
0.0
0.0
0.0
0.0
0.0
0.0
0.0
0.0
0.0
0.0
0.0
0.0
0.0
0.0
0.0
0.0
0.0
0.0
0.0
0.0
0.0
0.0
0.0
0.0
0.0
0.0
0.0
0.0
0.0
0.0
0.0
0.0
0.0
0.0
0.0
0.0
0.0
0.0
0.0
0.0
0.0
0.0
0.0
0.0
0.0
0.0
0.0
0.0
0.0
0.0
0.0
0.0
0.0
0.0
0.0
0.0
0.0
0.0
0.0
0.0
0.0
0.0
0.0
0.0
0.0
0.0
0.0
0.0
0.0
0.0
0.0
0.0
0.0
0.0
0.0
0.0
0.0
0.0
0.0
0.0
0.0
0.0
0.0
0.0
0.0
0.0
0.0
0.0
0.0
0.0
0.0
0.0
0.0
0.0
0.0
0.0
0.0
0.0
0.0
0.0
0.0
0.0
0.0
0.0
0.0
0.0
0.0
0.0
0.0
0.0
0.0
0.0
0.0
0.0
0.0
0.0
0.0
0.0
0.0
0.0
0.0
0.0
0.0
0.0
0.0
0.0
0.0
0.0
0.0
0.0
0.0
0.0
0.0
0.0
0.0
0.0
0.0
0.0
0.0
0.0
0.0
0.0
0.0
0.0
0.0
0.0
0.0
0.0
0.0
0.0
0.0
0.0
0.0
0.0
0.0
0.0
0.0
0.0
0.0
0.0
0.0
0.0
0.0
0.0
0.0
0.0
0.0
0.0
0.0
0.0
0.0
0.0
0.0
0.0
0.0
0.0
0.0
0.0
0.0
0.0
0.0
0.0
0.0
0.0
0.0
0.0
0.0
0.0
0.0
0.0
0.0
0.0
0.0
0.0
0.0
0.0
0.0
0.0
0.0
0.0
0.0
0.0
0.0
0.0
0.0
0.0
0.0
0.0
0.0
0.0
0.0
0.0
0.0
0.0
0.0
0.0
0.0
0.0
0.0
0.0
0.0
0.0
0.0
0.0
0.0
0.0
0.0
0.0
0.0
0.0
0.0
0.0
0.0
0.0
0.0
0.0
0.0
0.0
0.0
0.0
0.0
0.0
0.0
0.0
0.0
0.0
0.0
0.0
0.0
0.0
0.0
0.0
0.0
0.0
0.0
0.0
0.0
0.0
0.0
0.0
0.0
0.0
0.0
0.0
0.0
0.0
0.0
0.0
0.0
0.0
0.0
0.0
0.0
0.0
0.0
0.0
0.0
0.0
0.0
0.0
0.0
0.0
0.0
0.0
0.0
0.0
0.0
0.0
0.0
0.0
0.0
0.0
0.0
0.0
0.0
0.0
0.0
0.0
0.0
0.0
0.0
0.0
0.0
0.0
0.0
0.0
0.0
0.0
0.0
0.0
0.0
0.0
0.0
0.0
0.0
0.0
0.0
0.0
0.0
0.0
0.0
0.0
0.0
0.0
0.0
0.0
0.0
0.0
0.0
0.0
0.0
0.0
0.0
0.0
0.0
0.0
0.0
0.0
0.0
0.0
0.0
0.0
0.0
0.0
0.0
0.0
0.0
0.0
0.0
0.0
0.0
0.0
0.0
0.0
0.0
0.0
0.0
0.0
0.0
0.0
0.0
0.0
0.0
0.0
0.0
0.0
0.0
0.0
0.0
0.0
0.0
0.0
0.0
0.0
0.0
0.0
0.0
0.0
0.0
0.0
0.0
0.0
0.0
0.0
0.0
0.0
0.0
0.0
0.0
0.0
0.0
0.0
0.0
0.0
0.0
0.0
0.0
0.0
0.0
0.0
0.0
0.0
0.0
0.0
0.0
0.0
0.0
0.0
0.0
0.0
0.0
0.0
0.0
0.0
0.0
0.0
0.0
0.0
0.0
0.0
0.0
0.0
0.0
0.0
0.0
0.0
0.0
0.0
0.0
0.0
0.0
0.0
0.0
0.0
0.0
0.0
0.0
0.0
0.0
0.0
0.0
0.0
0.0
0.0
0.0
0.0
0.0
0.0
0.0
0.0
0.0
0.0
0.0
0.0
0.0
0.0
0.0
0.0
0.0
0.0
0.0
0.0
0.0
0.0
0.0
0.0
0.0
0.0
0.0
0.0
0.0
0.0
0.0
0.0
0.0
0.0
0.0
0.0
0.0
0.0
0.0
0.0
0.0
0.0
0.0
0.0
0.0
0.0
0.0
0.0
0.0
0.0
0.0
0.0
0.0
0.0
0.0
0.0
0.0
0.0
0.0
0.0
0.0
0.0
0.0
0.0
0.0
0.0
0.0
0.0
0.0
0.0
0.0
0.0
0.0
0.0
0.0
0.0
0.0
0.0
0.0
0.0
0.0
0.0
0.0
0.0
0.0
0.0
0.0
0.0
0.0
0.0
0.0
0.0
0.0
0.0
0.0
0.0
0.0
0.0
0.0
0.0
0.0
0.0
0.0
0.0
0.0
0.0
0.0
0.0
0.0
0.0
0.0
0.0
0.0
0.0
0.0
0.0
0.0
0.0
0.0
0.0
0.0
0.0
0.0
0.0
0.0
0.0
0.0
0.0
0.0
0.0
0.0
0.0
0.0
0.0
0.0
0.0
0.0
0.0
0.0
0.0
0.0
0.0
0.0
0.0
0.0
0.0
0.0
0.0
0.0
0.0
0.0
0.0
0.0
0.0
0.0
0.0
0.0
0.0
0.0
0.0
0.0
0.0
0.0
0.0
0.0
0.0
0.0
0.0
0.0
0.0
0.0
0.0
0.0
0.0
0.0
0.0
0.0
0.0
0.0
0.0
0.0
0.0
0.0
0.0
0.0
0.0
0.0
0.0
0.0
0.0
0.0
0.0
0.0
0.0
0.0
0.0
0.0
0.0
0.0
0.0
0.0
0.0
0.0
0.0
0.0
0.0
0.0
0.0
0.0
0.0
0.0
0.0
0.0
0.0
0.0
0.0
0.0
0.0
0.0
0.0
0.0
0.0
0.0
0.0
0.0
0.0
0.0
0.0
0.0
0.0
0.0
0.0
0.0
0.0
0.0
0.0
0.0
0.0
0.0
0.0
0.0
0.0
0.0
0.0
0.0
0.0
0.0
0.0
0.0
0.0
0.0
0.0
0.0
0.0
0.0
0.0
0.0
0.0
0.0
0.0
0.0
0.0
0.0
0.0
0.0
0.0
0.0
0.0
0.0
0.0
0.0
0.0
0.0
0.0
0.0
0.0
0.0
0.0
0.0
0.0
0.0
0.0
0.0
0.0
0.0
0.0
0.0
0.0
0.0
0.0
0.0
0.0
0.0
0.0
0.0
0.0
0.0
0.0
0.0
0.0
0.0
0.0
0.0
0.0
0.0
0.0
0.0
0.0
0.0
0.0
0.0
0.0
0.0
0.0
0.0
0.0
0.0
0.0
0.0
0.0
0.0
0.0
0.0
0.0
0.0
0.0
0.0
0.0
0.0
0.0
0.0
0.0
0.0
0.0
0.0
0.0
0.0
0.0
0.0
0.0
0.0
0.0
0.0
0.0
0.0
0.0
0.0
0.0
0.0
0.0
0.0
0.0
0.0
0.0
0.0
0.0
0.0
0.0
0.0
0.0
0.0
0.0
0.0
0.0
0.0
0.0
0.0
0.0
0.0
0.0
0.0
0.0
0.0
0.0
0.0
0.0
0.0
0.0
0.0
0.0
0.0
0.0
0.0
0.0
0.0
0.0
0.0
0.0
0.0
0.0
0.0
0.0
0.0
0.0
0.0
0.0
0.0
0.0
0.0
0.0
0.0
0.0
0.0
0.0
0.0
0.0
0.0
0.0
0.0
0.0
0.0
0.0
0.0
0.0
0.0
0.0
0.0
0.0
0.0
0.0
0.0
0.0
0.0
0.0
0.0
0.0
0.0
0.0
0.0
0.0
0.0
0.0
0.0
0.0
0.0
0.0
0.0
0.0
0.0
0.0
0.0
0.0
0.0
0.0
0.0
0.0
0.0
0.0
0.0
0.0
0.0
0.0
0.0
0.0
0.0
0.0
0.0
0.0
0.0
0.0
0.0
0.0
0.0
0.0
0.0
0.0
0.0
0.0
0.0
0.0
0.0
0.0
0.0
0.0
0.0
0.0
0.0
0.0
0.0
0.0
0.0
0.0
0.0
0.0
0.0
0.0
0.0
0.0
0.0
0.0
0.0
0.0
0.0
0.0
0.0
0.0
0.0
0.0
0.0
0.0
0.0
0.0
0.0
0.0
0.0
0.0
0.0
0.0
0.0
0.0
0.0
0.0
0.0
0.0
0.0
0.0
0.0
0.0
0.0
0.0
0.0
0.0
0.0
0.0
0.0
0.0
0.0
0.0
0.0
0.0
0.0
0.0
0.0
0.0
0.0
0.0
0.0
0.0
0.0
0.0
0.0
0.0
0.0
0.0
0.0
0.0
0.0
0.0
0.0
0.0
0.0
0.0
0.0
0.0
0.0
0.0
0.0
0.0
0.0
0.0
0.0
0.0
0.0
0.0
0.0
0.0
0.0
0.0
0.0
0.0
0.0
0.0
0.0
0.0
0.0
0.0
0.0
0.0
0.0
0.0
0.0
0.0
0.0
0.0
0.0
0.0
0.0
0.0
0.0
0.0
0.0
0.0
0.0
0.0
0.0
0.0
0.0
0.0
0.0
0.0
0.0
0.0
0.0
0.0
0.0
0.0
0.0
0.0
0.0
0.0
0.0
0.0
0.0
0.0
0.0
0.0
0.0
0.0
0.0
0.0
0.0
0.0
0.0
0.0
0.0
0.0
0.0
0.0
0.0
0.0
0.0
0.0
0.0
0.0
0.0
0.0
0.0
0.0
0.0
0.0
0.0
0.0
0.0
0.0
0.0
0.0
0.0
0.0
0.0
0.0
0.0
0.0
0.0
0.0
0.0
0.0
0.0
0.0
0.0
0.0
0.0
0.0
0.0
0.0
0.0
0.0
0.0
0.0
0.0
0.0
0.0
0.0
0.0
0.0
0.0
0.0
0.0
0.0
0.0
0.0
0.0
0.0
0.0
0.0
0.0
0.0
0.0
0.0
0.0
0.0
0.0
0.0
0.0
0.0
0.0
0.0
0.0
0.0
0.0
0.0
0.0
0.0
0.0
0.0
0.0
0.0
0.0
0.0
0.0
0.0
0.0
0.0
0.0
0.0
0.0
0.0
0.0
0.0
0.0
0.0
0.0
0.0
0.0
0.0
0.0
0.0
0.0
0.0
0.0
0.0
0.0
0.0
0.0
0.0
0.0
0.0
0.0
0.0
0.0
0.0
0.0
0.0
0.0
0.0
0.0
0.0
0.0
0.0
0.0
0.0
0.0
0.0
0.0
0.0
0.0
0.0
0.0
0.0
0.0
0.0
0.0
0.0
0.0
0.0
0.0
0.0
0.0
0.0
0.0
0.0
0.0
0.0
0.0
0.0
0.0
0.0
0.0
0.0
0.0
0.0
0.0
0.0
0.0
0.0
0.0
0.0
0.0
0.0
0.0
0.0
0.0
0.0
0.0
0.0
0.0
0.0
0.0
0.0
0.0
0.0
0.0
0.0
0.0
0.0
0.0
0.0
0.0
0.0
0.0
0.0
0.0
0.0
0.0
0.0
0.0
0.0
0.0
0.0
0.0
0.0
0.0
0.0
0.0
0.0
0.0
0.0
0.0
0.0
0.0
0.0
0.0
0.0
0.0
0.0
0.0
0.0
0.0
0.0
0.0
0.0
0.0
0.0
0.0
0.0
0.0
0.0
0.0
0.0
0.0
0.0
0.0
0.0
0.0
0.0
0.0
0.0
0.0
0.0
0.0
0.0
0.0
0.0
0.0
0.0
0.0
0.0
0.0
0.0
0.0
0.0
0.0
0.0
0.0
0.0
0.0
0.0
0.0
0.0
0.0
0.0
0.0
0.0
0.0
0.0
0.0
0.0
0.0
0.0
0.0
0.0
0.0
0.0
0.0
0.0
0.0
0.0
0.0
0.0
0.0
0.0
0.0
0.0
0.0
0.0
0.0
0.0
0.0
0.0
0.0
0.0
0.0
0.0
0.0
0.0
0.0
0.0
0.0
0.0
0.0
0.0
0.0
0.0
0.0
0.0
0.0
0.0
0.0
0.0
0.0
0.0
0.0
0.0
0.0
0.0
0.0
0.0
0.0
0.0
0.0
0.0
0.0
0.0
0.0
0.0
0.0
0.0
0.0
0.0
0.0
0.0
0.0
0.0
0.0
0.0
0.0
0.0
0.0
0.0
0.0
0.0
0.0
0.0
0.0
0.0
0.0
0.0
0.0
0.0
0.0
0.0
0.0
0.0
0.0
0.0
0.0
0.0
0.0
0.0
0.0
0.0
0.0
0.0
0.0
0.0
0.0
0.0
0.0
0.0
0.0
0.0
0.0
0.0
0.0
0.0
0.0
0.0
0.0
0.0
0.0
0.0
0.0
0.0
0.0
0.0
0.0
0.0
0.0
0.0
0.0
0.0
0.0
0.0
0.0
0.0
0.0
0.0
0.0
0.0
0.0
0.0
0.0
0.0
0.0
0.0
0.0
0.0
0.0
0.0
0.0
0.0
0.0
0.0
0.0
0.0
0.0
0.0
0.0
0.0
0.0
0.0
0.0
0.0
0.0
0.0
0.0
0.0
0.0
0.0
0.0
0.0
0.0
0.0
0.0
0.0
0.0
0.0
0.0
0.0
0.0
0.0
0.0
0.0
0.0
0.0
0.0
0.0
0.0
0.0
0.0
0.0
0.0
0.0
0.0
0.0
0.0
0.0
0.0
0.0
0.0
0.0
0.0
0.0
0.0
0.0
0.0
0.0
0.0
0.0
0.0
0.0
0.0
0.0
0.0
0.0
0.0
0.0
0.0
0.0
0.0
0.0
0.0
0.0
0.0
0.0
0.0
0.0
0.0
0.0
0.0
0.0
0.0
0.0
0.0
0.0
0.0
0.0
0.0
0.0
0.0
0.0
0.0
0.0
0.0
0.0
0.0
0.0
0.0
0.0
0.0
0.0
0.0
0.0
0.0
0.0
0.0
0.0
0.0
0.0
0.0
0.0
0.0
0.0
0.0
0.0
0.0
0.0
0.0
0.0
0.0
0.0
0.0
0.0
0.0
0.0
0.0
0.0
0.0
0.0
0.0
0.0
0.0
0.0
0.0
0.0
0.0
0.0
0.0
0.0
0.0
0.0
0.0
0.0
0.0
0.0
0.0
0.0
0.0
0.0
0.0
0.0
0.0
0.0
0.0
0.0
0.0
0.0
0.0
0.0
0.0
0.0
0.0
0.0
0.0
0.0
0.0
0.0
0.0
0.0
0.0
0.0
0.0
0.0
0.0
0.0
0.0
0.0
0.0
0.0
0.0
0.0
0.0
0.0
0.0
0.0
0.0
0.0
0.0
0.0
0.0
0.0
0.0
0.0
0.0
0.0
0.0
0.0
0.0
0.0
0.0
0.0
0.0
0.0
0.0
0.0
0.0
0.0
0.0
0.0
0.0
0.0
0.0
0.0
0.0
0.0
0.0
0.0
0.0
0.0
0.0
0.0
0.0
0.0
0.0
0.0
0.0
0.0
0.0
0.0
0.0
0.0
0.0
0.0
0.0
0.0
0.0
0.0
0.0
0.0
0.0
0.0
0.0
0.0
0.0
0.0
0.0
0.0
0.0
0.0
0.0
0.0
0.0
0.0
0.0
0.0
0.0
0.0
0.0
0.0
0.0
0.0
0.0
0.0
0.0
0.0
0.0
0.0
0.0
0.0
0.0
0.0
0.0
0.0
0.0
0.0
0.0
0.0
0.0
0.0
0.0
0.0
0.0
0.0
0.0
0.0
0.0
0.0
0.0
0.0
0.0
0.0
0.0
0.0
0.0
0.0
0.0
0.0
0.0
0.0
0.0
0.0
0.0
0.0
0.0
0.0
0.0
0.0
0.0
0.0
0.0
0.0
0.0
0.0
0.0
0.0
0.0
0.0
0.0
0.0
0.0
0.0
0.0
0.0
0.0
0.0
0.0
0.0
0.0
0.0
0.0
0.0
0.0
0.0
0.0
0.0
0.0
0.0
0.0
0.0
0.0
0.0
0.0
0.0
0.0
0.0
0.0
0.0
0.0
0.0
0.0
0.0
0.0
0.0
0.0
0.0
0.0
0.0
0.0
0.0
0.0
0.0
0.0
0.0
0.0
0.0
0.0
0.0
0.0
0.0
0.0
0.0
0.0
0.0
0.0
0.0
0.0
0.0
0.0
0.0
0.0
0.0
0.0
0.0
0.0
0.0
0.0
0.0
0.0
0.0
0.0
0.0
0.0
0.0
0.0
0.0
0.0
0.0
0.0
0.0
0.0
0.0
0.0
0.0
0.0
0.0
0.0
0.0
0.0
0.0
0.0
0.0
0.0
0.0
0.0
0.0
0.0
0.0
0.0
0.0
0.0
0.0
0.0
0.0
0.0
0.0
0.0
0.0
0.0
0.0
0.0
0.0
0.0
0.0
0.0
0.0
0.0
0.0
0.0
0.0
0.0
0.0
0.0
0.0
0.0
0.0
0.0
0.0
0.0
0.0
0.0
0.0
0.0
0.0
0.0
0.0
0.0
0.0
0.0
0.0
0.0
0.0
0.0
0.0
0.0
0.0
0.0
0.0
0.0
0.0
0.0
0.0
0.0
0.0
0.0
0.0
0.0
0.0
0.0
0.0
0.0
0.0
0.0
0.0
0.0
0.0
0.0
0.0
0.0
0.0
0.0
0.0
0.0
0.0
0.0
0.0
0.0
0.0
0.0
0.0
0.0
0.0
0.0
0.0
0.0
0.0
0.0
0.0
0.0
0.0
0.0
0.0
0.0
0.0
0.0
0.0
0.0
0.0
0.0
0.0
0.0
0.0
0.0
0.0
0.0
0.0
0.0
0.0
0.0
0.0
0.0
0.0
0.0
0.0
0.0
0.0
0.0
0.0
0.0
0.0
0.0
0.0
0.0
0.0
0.0
0.0
0.0
0.0
0.0
0.0
0.0
0.0
0.0
0.0
0.0
0.0
0.0
0.0
0.0
0.0
0.0
0.0
0.0
0.0
0.0
0.0
0.0
0.0
0.0
0.0
0.0
0.0
0.0
0.0
0.0
0.0
0.0
0.0
0.0
0.0
0.0
0.0
0.0
0.0
0.0
0.0
0.0
0.0
0.0
0.0
0.0
0.0
0.0
0.0
0.0
0.0
0.0
0.0
0.0
0.0
0.0
0.0
0.0
0.0
0.0
0.0
0.0
0.0
0.0
0.0
0.0
0.0
0.0
0.0
0.0
0.0
0.0
0.0
0.0
0.0
0.0
0.0
0.0
0.0
0.0
0.0
0.0
0.0
0.0
0.0
0.0
0.0
0.0
0.0
0.0
0.0
0.0
0.0
0.0
0.0
0.0
0.0
0.0
0.0
0.0
0.0
0.0
0.0
0.0
0.0
0.0
0.0
0.0
0.0
0.0
0.0
0.0
0.0
0.0
0.0
0.0
0.0
0.0
0.0
0.0
0.0
0.0
0.0
0.0
0.0
0.0
0.0
0.0
0.0
0.0
0.0
0.0
0.0
0.0
0.0
0.0
0.0
0.0
0.0
0.0
0.0
0.0
0.0
0.0
0.0
0.0
0.0
0.0
0.0
0.0
0.0
0.0
0.0
0.0
0.0
0.0
0.0
0.0
0.0
0.0
0.0
0.0
0.0
0.0
0.0
0.0
0.0
0.0
0.0
0.0
0.0
0.0
0.0
0.0
0.0
0.0
0.0
0.0
0.0
0.0
0.0
0.0
0.0
0.0
0.0
0.0
0.0
0.0
0.0
0.0
0.0
0.0
0.0
0.0
0.0
0.0
0.0
0.0
0.0
0.0
0.0
0.0
0.0
0.0
0.0
0.0
0.0
0.0
0.0
0.0
0.0
0.0
0.0
0.0
0.0
0.0
0.0
0.0
0.0
0.0
0.0
0.0
0.0
0.0
0.0
0.0
0.0
0.0
0.0
0.0
0.0
0.0
0.0
0.0
0.0
0.0
0.0
0.0
0.0
0.0
0.0
0.0
0.0
0.0
0.0
0.0
0.0
0.0
0.0
0.0
0.0
0.0
0.0
0.0
0.0
0.0
0.0
0.0
0.0
0.0
0.0
0.0
0.0
0.0
0.0
0.0
0.0
0.0
0.0
0.0
0.0
0.0
0.0
0.0
0.0
0.0
0.0
0.0
0.0
0.0
0.0
0.0
0.0
0.0
0.0
0.0
0.0
0.0
0.0
0.0
0.0
0.0
0.0
0.0
0.0
0.0
0.0
0.0
0.0
0.0
0.0
0.0
0.0
0.0
0.0
0.0
0.0
0.0
0.0
0.0
0.0
0.0
0.0
0.0
0.0
0.0
0.0
0.0
0.0
0.0
0.0
0.0
0.0
0.0
0.0
0.0
0.0
0.0
0.0
0.0
0.0
0.0
0.0
0.0
0.0
0.0
0.0
0.0
0.0
0.0
0.0
0.0
0.0
0.0
0.0
0.0
0.0
0.0
0.0
0.0
0.0
0.0
0.0
0.0
0.0
0.0
0.0
0.0
0.0
0.0
0.0
0.0
0.0
0.0
0.0
0.0
0.0
0.0
0.0
0.0
0.0
0.0
0.0
0.0
0.0
0.0
0.0
0.0
0.0
0.0
0.0
0.0
0.0
0.0
0.0
0.0
0.0
0.0
0.0
0.0
0.0
0.0
0.0
0.0
0.0
0.0
0.0
0.0
0.0
0.0
0.0
0.0
0.0
0.0
0.0
0.0
0.0
0.0
0.0
0.0
0.0
0.0
0.0
0.0
0.0
0.0
0.0
0.0
0.0
0.0
0.0
0.0
0.0
0.0
0.0
0.0
0.0
0.0
0.0
0.0
0.0
0.0
0.0
0.0
0.0
0.0
0.0
0.0
0.0
0.0
0.0
0.0
0.0
0.0
0.0
0.0
0.0
0.0
0.0
0.0
0.0
0.0
0.0
0.0
0.0
0.0
0.0
0.0
0.0
0.0
0.0
0.0
0.0
0.0
0.0
0.0
0.0
0.0
0.0
0.0
0.0
0.0
0.0
0.0
0.0
0.0
0.0
0.0
0.0
0.0
0.0
0.0
0.0
0.0
0.0
0.0
0.0
0.0
0.0
0.0
0.0
0.0
0.0
0.0
0.0
0.0
0.0
0.0
0.0
0.0
0.0
0.0
0.0
0.0
0.0
0.0
0.0
0.0
0.0
0.0
0.0
0.0
0.0
0.0
0.0
0.0
0.0
0.0
0.0
0.0
0.0
0.0
0.0
0.0
0.0
0.0
0.0
0.0
0.0
0.0
0.0
0.0
0.0
0.0
0.0
0.0
0.0
0.0
0.0
0.0
0.0
0.0
0.0
0.0
0.0
0.0
0.0
0.0
0.0
0.0
0.0
0.0
0.0
0.0
0.0
0.0
0.0
0.0
0.0
0.0
0.0
0.0
0.0
0.0
0.0
0.0
0.0
0.0
0.0
0.0
0.0
0.0
0.0
0.0
0.0
0.0
0.0
0.0
0.0
0.0
0.0
0.0
0.0
0.0
0.0
0.0
0.0
0.0
0.0
0.0
0.0
0.0
0.0
0.0
0.0
0.0
0.0
0.0
0.0
0.0
0.0
0.0
0.0
0.0
0.0
0.0
0.0
0.0
0.0
0.0
0.0
0.0
0.0
0.0
0.0
0.0
0.0
0.0
0.0
0.0
0.0
0.0
0.0
0.0
0.0
0.0
0.0
0.0
0.0
0.0
0.0
0.0
0.0
0.0
0.0
0.0
0.0
0.0
0.0
0.0
0.0
0.0
0.0
0.0
0.0
0.0
0.0
0.0
0.0
0.0
0.0
0.0
0.0
0.0
0.0
0.0
0.0
0.0
0.0
0.0
0.0
0.0
0.0
0.0
0.0
0.0
0.0
0.0
0.0
0.0
0.0
0.0
0.0
0.0
0.0
0.0
0.0
0.0
0.0
0.0
0.0
0.0
0.0
0.0
0.0
0.0
0.0
0.0
0.0
0.0
0.0
0.0
0.0
0.0
0.0
0.0
0.0
0.0
0.0
0.0
0.0
0.0
0.0
0.0
0.0
0.0
0.0
0.0
0.0
0.0
0.0
0.0
0.0
0.0
0.0
0.0
0.0
0.0
0.0
0.0
0.0
0.0
0.0
0.0
0.0
0.0
0.0
0.0
0.0
0.0
0.0
0.0
0.0
0.0
0.0
0.0
0.0
0.0
0.0
0.0
0.0
0.0
0.0
0.0
0.0
0.0
0.0
0.0
0.0
0.0
0.0
0.0
0.0
0.0
0.0
0.0
0.0
0.0
0.0
0.0
0.0
0.0
0.0
0.0
0.0
0.0
0.0
0.0
0.0
0.0
0.0
0.0
0.0
0.0
0.0
0.0
0.0
0.0
0.0
0.0
0.0
0.0
0.0
0.0
0.0
0.0
0.0
0.0
0.0
0.0
0.0
0.0
0.0
0.0
0.0
0.0
0.0
0.0
0.0
0.0
0.0
0.0
0.0
0.0
0.0
0.0
0.0
0.0
0.0
0.0
0.0
0.0
0.0
0.0
0.0
0.0
0.0
0.0
0.0
0.0
0.0
0.0
0.0
0.0
0.0
0.0
0.0
0.0
0.0
0.0
0.0
0.0
0.0
0.0
0.0
0.0
0.0
0.0
0.0
0.0
0.0
0.0
0.0
0.0
0.0
0.0
0.0
0.0
0.0
0.0
0.0
0.0
0.0
0.0
0.0
0.0
0.0
0.0
0.0
0.0
0.0
0.0
0.0
0.0
0.0
0.0
0.0
0.0
0.0
0.0
0.0
0.0
0.0
0.0
0.0
0.0
0.0
0.0
0.0
0.0
0.0
0.0
0.0
0.0
0.0
0.0
0.0
0.0
0.0
0.0
0.0
0.0
0.0
0.0
0.0
0.0
0.0
0.0
0.0
0.0
0.0
0.0
0.0
0.0
0.0
0.0
0.0
0.0
0.0
0.0
0.0
0.0
0.0
0.0
0.0
0.0
0.0
0.0
0.0
0.0
0.0
0.0
0.0
0.0
0.0
0.0
0.0
0.0
0.0
0.0
0.0
0.0
0.0
0.0
0.0
0.0
0.0
0.0
0.0
0.0
0.0
0.0
0.0
0.0
0.0
0.0
0.0
0.0
0.0
0.0
0.0
0.0
0.0
0.0
0.0
0.0
0.0
0.0
0.0
0.0
0.0
0.0
0.0
0.0
0.0
0.0
0.0
0.0
0.0
0.0
0.0
0.0
0.0
0.0
0.0
0.0
0.0
0.0
0.0
0.0
0.0
0.0
0.0
0.0
0.0
0.0
0.0
0.0
0.0
0.0
0.0
0.0
0.0
0.0
0.0
0.0
0.0
0.0
0.0
0.0
0.0
0.0
0.0
0.0
0.0
0.0
0.0
0.0
0.0
0.0
0.0
0.0
0.0
0.0
0.0
0.0
0.0
0.0
0.0
0.0
0.0
0.0
0.0
0.0
0.0
0.0
0.0
0.0
0.0
0.0
0.0
0.0
0.0
0.0
0.0
0.0
0.0
0.0
0.0
0.0
0.0
0.0
0.0
0.0
0.0
0.0
0.0
0.0
0.0
0.0
0.0
0.0
0.0
0.0
0.0
0.0
0.0
0.0
0.0
0.0
0.0
0.0
0.0
0.0
0.0
0.0
0.0
0.0
0.0
0.0
0.0
0.0
0.0
0.0
0.0
0.0
0.0
0.0
0.0
0.0
0.0
0.0
0.0
0.0
0.0
0.0
0.0
0.0
0.0
0.0
0.0
0.0
0.0
0.0
0.0
0.0
0.0
0.0
0.0
0.0
0.0
0.0
0.0
0.0
0.0
0.0
0.0
0.0
0.0
0.0
0.0
0.0
0.0
0.0
0.0
0.0
0.0
0.0
0.0
0.0
0.0
0.0
0.0
0.0
0.0
0.0
0.0
0.0
0.0
0.0
0.0
0.0
0.0
0.0
0.0
0.0
0.0
0.0
0.0
0.0
0.0
0.0
0.0
0.0
0.0
0.0
0.0
0.0
0.0
0.0
0.0
0.0
0.0
0.0
0.0
0.0
0.0
0.0
0.0
0.0
0.0
0.0
0.0
0.0
0.0
0.0
0.0
0.0
0.0
0.0
0.0
0.0
0.0
0.0
0.0
0.0
0.0
0.0
0.0
0.0
0.0
0.0
0.0
0.0
0.0
0.0
0.0
0.0
0.0
0.0
0.0
0.0
0.0
0.0
0.0
0.0
0.0
0.0
0.0
0.0
0.0
0.0
0.0
0.0
0.0
0.0
0.0
0.0
0.0
0.0
0.0
0.0
0.0
0.0
0.0
0.0
0.0
0.0
0.0
0.0
0.0
0.0
0.0
0.0
0.0
0.0
0.0
0.0
0.0
0.0
0.0
0.0
0.0
0.0
0.0
0.0
0.0
0.0
0.0
0.0
0.0
0.0
0.0
0.0
0.0
0.0
0.0
0.0
0.0
0.0
0.0
0.0
0.0
0.0
0.0
0.0
0.0
0.0
0.0
0.0
0.0
0.0
0.0
0.0
0.0
0.0
0.0
0.0
0.0
0.0
0.0
0.0
0.0
0.0
0.0
0.0
0.0
0.0
0.0
0.0
0.0
0.0
0.0
0.0
0.0
0.0
0.0
0.0
0.0
0.0
0.0
0.0
0.0
0.0
0.0
0.0
0.0
0.0
0.0
0.0
0.0
0.0
0.0
0.0
0.0
0.0
0.0
0.0
0.0
0.0
0.0
0.0
0.0
0.0
0.0
0.0
0.0
0.0
0.0
0.0
0.0
0.0
0.0
0.0
0.0
0.0
0.0
0.0
0.0
0.0
0.0
0.0
0.0
0.0
0.0
0.0
0.0
0.0
0.0
0.0
0.0
0.0
0.0
0.0
0.0
0.0
0.0
0.0
0.0
0.0
0.0
0.0
0.0
0.0
0.0
0.0
0.0
0.0
0.0
0.0
0.0
0.0
0.0
0.0
0.0
0.0
0.0
0.0
0.0
0.0
0.0
0.0
0.0
0.0
0.0
0.0
0.0
0.0
0.0
0.0
0.0
0.0
0.0
0.0
0.0
0.0
0.0
0.0
0.0
0.0
0.0
0.0
0.0
0.0
0.0
0.0
0.0
0.0
0.0
0.0
0.0
0.0
0.0
0.0
0.0
0.0
0.0
0.0
0.0
0.0
0.0
0.0
0.0
0.0
0.0
0.0
0.0
0.0
0.0
0.0
0.0
0.0
0.0
0.0
0.0
0.0
0.0
0.0
0.0
0.0
0.0
0.0
0.0
0.0
0.0
0.0
0.0
0.0
0.0
0.0
0.0
0.0
0.0
0.0
0.0
0.0
0.0
0.0
0.0
0.0
0.0
0.0
0.0
0.0
0.0
0.0
0.0
0.0
0.0
0.0
0.0
0.0
0.0
0.0
0.0
0.0
0.0
0.0
0.0
0.0
0.0
0.0
0.0
0.0
0.0
0.0
0.0
0.0
0.0
0.0
0.0
0.0
0.0
0.0
0.0
0.0
0.0
0.0
0.0
0.0
0.0
0.0
0.0
0.0
0.0
0.0
0.0
0.0
0.0
0.0
0.0
0.0
0.0
0.0
0.0
0.0
0.0
0.0
0.0
0.0
0.0
0.0
0.0
0.0
0.0
0.0
0.0
0.0
0.0
0.0
0.0
0.0
0.0
0.0
0.0
0.0
0.0
0.0
0.0
0.0
0.0
0.0
0.0
0.0
0.0
0.0
0.0
0.0
0.0
0.0
0.0
0.0
0.0
0.0
0.0
0.0
0.0
0.0
0.0
0.0
0.0
0.0
0.0
0.0
0.0
0.0
0.0
0.0
0.0
0.0
0.0
0.0
0.0
0.0
0.0
0.0
0.0
0.0
0.0
0.0
0.0
0.0
0.0
0.0
0.0
0.0
0.0
0.0
0.0
0.0
0.0
0.0
0.0
0.0
0.0
0.0
0.0
0.0
0.0
0.0
0.0
0.0
0.0
0.0
0.0
0.0
0.0
0.0
0.0
0.0
0.0
0.0
0.0
0.0
0.0
0.0
0.0
0.0
0.0
0.0
0.0
0.0
0.0
0.0
0.0
0.0
0.0
0.0
0.0
0.0
0.0
0.0
0.0
0.0
0.0
0.0
0.0
0.0
0.0
0.0
0.0
0.0
0.0
0.0
0.0
0.0
0.0
0.0
0.0
0.0
0.0
0.0
0.0
0.0
0.0
0.0
0.0
0.0
0.0
0.0
0.0
0.0
0.0
0.0
0.0
0.0
0.0
0.0
0.0
0.0
0.0
0.0
0.0
0.0
0.0
0.0
0.0
0.0
0.0
0.0
0.0
0.0
0.0
0.0
0.0
0.0
0.0
0.0
0.0
0.0
0.0
0.0
0.0
0.0
0.0
0.0
0.0
0.0
0.0
0.0
0.0
0.0
0.0
0.0
0.0
0.0
0.0
0.0
0.0
0.0
0.0
0.0
0.0
0.0
0.0
0.0
0.0
0.0
0.0
0.0
0.0
0.0
0.0
0.0
0.0
0.0
0.0
0.0
0.0
0.0
0.0
0.0
0.0
0.0
0.0
0.0
0.0
0.0
0.0
0.0
0.0
0.0
0.0
0.0
0.0
0.0
0.0
0.0
0.0
0.0
0.0
0.0
0.0
0.0
0.0
0.0
0.0
0.0
0.0
0.0
0.0
0.0
0.0
0.0
0.0
0.0
0.0
0.0
0.0
0.0
0.0
0.0
0.0
0.0
0.0
0.0
0.0
0.0
0.0
0.0
0.0
0.0
0.0
0.0
0.0
0.0
0.0
0.0
0.0
0.0
0.0
0.0
0.0
0.0
0.0
0.0
0.0
0.0
0.0
0.0
0.0
0.0
0.0
0.0
0.0
0.0
0.0
0.0
0.0
0.0
0.0
0.0
0.0
0.0
0.0
0.0
0.0
0.0
0.0
0.0
0.0
0.0
0.0
0.0
0.0
0.0
0.0
0.0
0.0
0.0
0.0
0.0
0.0
0.0
0.0
0.0
0.0
0.0
0.0
0.0
0.0
0.0
0.0
0.0
0.0
0.0
0.0
0.0
0.0
0.0
0.0
0.0
0.0
0.0
0.0
0.0
0.0
0.0
0.0
0.0
0.0
0.0
0.0
0.0
0.0
0.0
0.0
0.0
0.0
0.0
0.0
0.0
0.0
0.0
0.0
0.0
0.0
0.0
0.0
0.0
0.0
0.0
0.0
0.0
0.0
0.0
0.0
0.0
0.0
0.0
0.0
0.0
0.0
0.0
0.0
0.0
0.0
0.0
0.0
0.0
0.0
0.0
0.0
0.0
0.0
0.0
0.0
0.0
0.0
0.0
0.0
0.0
0.0
0.0
0.0
0.0
0.0
0.0
0.0
0.0
0.0
0.0
0.0
0.0
0.0
0.0
0.0
0.0
0.0
0.0
0.0
0.0
0.0
0.0
0.0
0.0
0.0
0.0
0.0
0.0
0.0
0.0
0.0
0.0
0.0
0.0
0.0
0.0
0.0
0.0
0.0
0.0
0.0
0.0
0.0
0.0
0.0
0.0
0.0
0.0
0.0
0.0
0.0
0.0
0.0
0.0
0.0
0.0
0.0
0.0
0.0
0.0
0.0
0.0
0.0
0.0
0.0
0.0
0.0
0.0
0.0
0.0
0.0
0.0
0.0
0.0
0.0
0.0
0.0
0.0
0.0
0.0
0.0
0.0
0.0
0.0
0.0
0.0
0.0
0.0
0.0
0.0
0.0
0.0
0.0
0.0
0.0
0.0
0.0
0.0
0.0
0.0
0.0
0.0
0.0
0.0
0.0
0.0
0.0
0.0
0.0
0.0
0.0
0.0
0.0
0.0
0.0
0.0
0.0
0.0
0.0
0.0
0.0
0.0
0.0
0.0
0.0
0.0
0.0
0.0
0.0
0.0
0.0
0.0
0.0
0.0
0.0
0.0
0.0
0.0
0.0
0.0
0.0
0.0
0.0
0.0
0.0
0.0
0.0
0.0
0.0
0.0
0.0
0.0
0.0
0.0
0.0
0.0
0.0
0.0
0.0
0.0
0.0
0.0
0.0
0.0
0.0
0.0
0.0
0.0
0.0
0.0
0.0
0.0
0.0
0.0
0.0
0.0
0.0
0.0
0.0
0.0
0.0
0.0
0.0
0.0
0.0
0.0
0.0
0.0
0.0
0.0
0.0
0.0
0.0
0.0
0.0
0.0
0.0
0.0
0.0
0.0
0.0
0.0
0.0
0.0
0.0
0.0
0.0
0.0
0.0
0.0
0.0
0.0
0.0
0.0
0.0
0.0
0.0
0.0
0.0
0.0
0.0
0.0
0.0
0.0
0.0
0.0
0.0
0.0
0.0
0.0
0.0
0.0
0.0
0.0
0.0
0.0
0.0
0.0
0.0
0.0
0.0
0.0
0.0
0.0
0.0
0.0
0.0
0.0
0.0
0.0
0.0
0.0
0.0
0.0
0.0
0.0
0.0
0.0
0.0
0.0
0.0
0.0
0.0
0.0
0.0
0.0
0.0
0.0
0.0
0.0
0.0
0.0
0.0
0.0
0.0
0.0
0.0
0.0
0.0
0.0
0.0
0.0
0.0
0.0
0.0
0.0
0.0
0.0
0.0
0.0
0.0
0.0
0.0
0.0
0.0
0.0
0.0
0.0
0.0
0.0
0.0
0.0
0.0
0.0
0.0
0.0
0.0
0.0
0.0
0.0
0.0
0.0
0.0
0.0
0.0
0.0
0.0
0.0
0.0
0.0
0.0
0.0
0.0
0.0
0.0
0.0
0.0
0.0
0.0
0.0
0.0
0.0
0.0
0.0
0.0
0.0
0.0
0.0
0.0
0.0
0.0
0.0
0.0
0.0
0.0
0.0
0.0
0.0
0.0
0.0
0.0
0.0
0.0
0.0
0.0
0.0
0.0
0.0
0.0
0.0
0.0
0.0
0.0
0.0
0.0
0.0
0.0
0.0
0.0
0.0
0.0
0.0
0.0
0.0
0.0
0.0
0.0
0.0
0.0
0.0
0.0
0.0
0.0
0.0
0.0
0.0
0.0
0.0
0.0
0.0
0.0
0.0
0.0
0.0
0.0
0.0
0.0
0.0
0.0
0.0
0.0
0.0
0.0
0.0
0.0
0.0
0.0
0.0
0.0
0.0
0.0
0.0
0.0
0.0
0.0
0.0
0.0
0.0
0.0
0.0
0.0
0.0
0.0
0.0
0.0
0.0
0.0
0.0
0.0
0.0
0.0
0.0
0.0
0.0
0.0
0.0
0.0
0.0
0.0
0.0
0.0
0.0
0.0
0.0
0.0
0.0
