3531274.643753447
2810633.405171574
2690368.9923620513
2690368.9923620513
2587242.0167936506
2567439.138219825
2447295.4933092454
2313086.008740368
2158759.6880089887
2127211.4331253627
1369345.9628294043
1183675.6281965054
984473.5179741359
984473.5179741359
984253.1767682214
961930.0512138661
958626.993744587
890621.0707397128
631541.2994720285
583159.7275231995
439992.92313257244
439992.92313257244
425507.12894578406
425507.12894578406
420638.03658865514
419621.0110987324
304809.0617415473
304809.0617415473
297163.1477223297
136874.45207624818
136874.45207624818
134745.64289995166
134080.46423492391
125715.76502957255
124205.83160997086
123567.40375228567
123325.95803635035
120290.60843125128
119902.59324535774
117396.83407839129
117396.83407839129
117396.83407839129
116536.89214761188
89502.82134334146
79758.23802738148
56827.57209143457
55979.754259891444
55345.810586058535
55345.810586058535
54909.42037883028
35307.37328791014
30606.02136902226
30604.771873722082
30604.771873722082
30427.901652499295
17727.381191605757
17178.680195457302
17178.680195457302
15597.646244894822
15597.646244894822
14790.979180750073
14197.606029854
12672.973976111172
12654.47686433515
11746.46007267026
11100.91824468276
10161.435162541065
10119.05711738777
4084.600240167283
4084.600240167283
4063.5908349971414
4063.5908349971414
4063.5908349971414
4063.5908349971414
4042.915699031516
3991.8821821385172
3394.9171973672255
3394.9171973672255
3390.943502531588
3085.4364803868757
2855.9701099799076
2110.72415400202
1694.79594548817
1694.79594548817
1694.79594548817
1654.9229892522194
1654.9229892522194
1654.9229892522194
1654.9229892522194
1479.5957915968522
1444.5281577910773
1182.5392262154555
1169.5663502336301
972.8294124118207
972.8294124118207
972.8294124118207
862.6566811637887
862.6566811637887
786.7489965331303
737.5484145867865
737.5484145867865
737.5484145867865
737.5484145867865
722.6250719869705
616.2956140658572
593.5402229235679
592.0389128866009
555.7223071815098
555.2360961495975
555.2360961495975
555.2360961495975
555.2360961495975
543.8725391652498
470.79156469726655
470.79156469726655
470.79156469726655
470.79156469726655
465.89265794928406
465.89265794928406
465.89265794928406
465.89265794928406
463.5719066894738
463.5719066894738
463.5719066894738
459.1809703767265
459.1809703767265
459.1809703767265
451.8220916803161
384.3139200106967
384.3139200106967
384.3139200106967
364.4217160310047
364.4217160310047
364.4217160310047
289.83175586740765
289.83175586740765
289.83175586740765
289.83175586740765
289.83175586740765
228.01453445315033
228.01453445315033
224.68809704526214
224.68809704526214
224.68809704526214
224.68809704526214
212.2478581978296
212.2478581978296
212.2478581978296
212.2478581978296
209.0358693479156
204.3853813723353
204.37788965279992
201.23488420337668
200.79310011160658
200.79310011160658
200.79310011160658
200.79310011160658
196.37307228459272
196.37307228459272
196.37307228459272
196.37307228459272
185.00998892047653
185.00998892047653
185.00998892047653
178.6728690899778
178.6728690899778
178.6728690899778
178.14835855387187
178.14835855387187
178.14835855387187
178.14835855387187
178.14835855387187
173.0623610889307
166.87065932167516
166.87065932167516
166.4140646080184
166.4140646080184
166.40532976560434
166.40532976560434
166.40532976560434
166.40532976560434
160.9046713787166
160.9046713787166
148.9904270537582
148.212095548997
148.14118360295075
146.3102351637999
145.66764124157163
145.66764124157163
143.79444175141043
143.30560667211208
143.30560667211208
143.30560667211208
143.30560667211208
139.97860263759407
139.97860263759407
137.0109803026478
137.0109803026478
137.0109803026478
137.0109803026478
137.0109803026478
137.0109803026478
137.0109803026478
137.0109803026478
137.0109803026478
137.0109803026478
133.7949205493744
133.61175202915916
133.20685465903614
130.6593976951768
128.28923867118394
128.28923867118394
128.28923867118394
128.26538286202694
128.1309105256011
128.1309105256011
128.1309105256011
122.20574033362219
120.43546451560672
116.98538680015716
116.98538680015716
116.98538680015716
116.98538680015716
112.86080700076714
112.86080700076714
112.86080700076714
112.86080700076714
112.86080700076714
109.85996982475346
109.74882929583164
109.74882929583164
109.74882929583164
109.74882929583164
109.74882929583164
108.69862524407385
108.43224754165215
108.43224754165215
106.60550836094409
106.53487791764249
106.47550627803047
106.47550627803047
106.47550627803047
106.05207186077806
106.05207186077806
106.05207186077806
104.61945990352264
104.27980065915496
103.02497929324977
102.07013103335674
98.99611259319725
98.99611259319725
88.14797904071634
84.03486948729105
80.85288086323186
80.85288086323186
80.85288086323186
80.85288086323186
80.85288086323186
80.85288086323186
80.85288086323186
80.13838372436473
79.71073719206484
79.14169485160008
79.14169485160008
79.14169485160008
72.95022877759376
72.95022877759376
72.95022877759376
72.95022877759376
70.70038912615186
70.70038912615186
70.70038912615186
68.80845164295849
68.80845164295849
68.80845164295849
68.80845164295849
68.80845164295849
68.80416591225276
61.575109490375695
61.575109490375695
61.09644362812517
61.082383594562174
61.04633165037832
61.04633165037832
61.04633165037832
61.04633165037832
61.04633165037832
59.366168111710806
59.33605512353771
58.898075671120466
58.898075671120466
58.898075671120466
58.898075671120466
58.898075671120466
58.898075671120466
58.82692042439738
58.82692042439738
58.82692042439738
58.71858141744802
58.71858141744802
58.67676344953956
58.67676344953956
58.46060252442959
58.46060252442959
58.46060252442959
58.185278787010276
57.62007092818405
57.62007092818405
57.62007092818405
57.62007092818405
57.56780101530002
56.131292912579354
56.131292912579354
56.131292912579354
56.131292912579354
55.654957966674665
52.90626885956003
52.90626885956003
52.90626885956003
52.597518707185344
52.4862316192433
52.4862316192433
52.436343866241145
52.436343866241145
52.436343866241145
52.436343866241145
52.29503690315175
52.29503690315175
52.155138333587594
52.05782019618494
51.36694461328321
51.36694461328321
50.700600238377696
50.700600238377696
50.700600238377696
50.700600238377696
49.78160509139325
49.78160509139325
49.78160509139325
49.78160509139325
49.78160509139325
49.74346545411727
49.68614774326547
49.68614774326547
49.68614774326547
49.61391411623348
48.57561976051467
48.57561976051467
48.57561976051467
48.57561976051467
46.91094607170676
46.91094607170676
42.64989300478135
42.26145328505083
42.24993521311723
42.127221340503446
42.127221340503446
42.1163151369651
42.1163151369651
42.1163151369651
42.1163151369651
42.1163151369651
42.09509816672652
42.09509816672652
41.79571497532641
41.225562498315696
41.225562498315696
41.05895140480833
40.65989835825584
40.58169411662925
40.58169411662925
40.58169411662925
40.58169411662925
40.04982308531813
40.04982308531813
40.04982308531813
39.560586591319876
39.13458480018244
38.431692065314714
38.23023568010017
38.23023568010017
38.23023568010017
38.23023568010017
38.10573280406947
38.10573280406947
38.10573280406947
38.10573280406947
36.57433606033413
36.56734620011978
36.56734620011978
34.98400398157171
34.98400398157171
34.98400398157171
34.22004415975801
33.65004240675368
33.65004240675368
33.65004240675368
33.42791405407341
33.42791405407341
33.42791405407341
33.42791405407341
33.42086608575668
32.823251899924685
32.823251899924685
32.7976032929924
32.7976032929924
32.7976032929924
32.7976032929924
32.796474862591616
32.796474862591616
32.177736007127194
32.177736007127194
32.177736007127194
31.13975160208808
31.13975160208808
31.13975160208808
31.13975160208808
31.13975160208808
31.13975160208808
31.13975160208808
31.121060603963283
31.10523522668704
31.10523522668704
30.78001339642527
30.78001339642527
30.742240520605765
30.742240520605765
30.742240520605765
30.742240520605765
30.680241979965196
30.558472146075932
30.558472146075932
30.558472146075932
30.558472146075932
30.558472146075932
30.558472146075932
30.558472146075932
30.558472146075932
30.558472146075932
30.558472146075932
30.542409227512035
30.542409227512035
28.959089435694352
28.959089435694352
28.959089435694352
28.959089435694352
28.959089435694352
28.3707875525211
28.18942505167408
28.18942505167408
27.795508451449606
27.795508451449606
27.795508451449606
27.6008808411234
27.1839023390126
26.629446581036827
26.629446581036827
26.629446581036827
26.284919265229068
26.284919265229068
26.269075407334412
26.269075407334412
24.384873908795445
24.384873908795445
24.352564128382873
24.352564128382873
24.111250531386165
24.111250531386165
24.111250531386165
24.083586768655096
24.083586768655096
24.083586768655096
24.083586768655096
23.20541959989482
23.165503183974785
23.165503183974785
23.165503183974785
23.165503183974785
23.102413945849218
22.255332655437122
22.255332655437122
22.255332655437122
21.00032127011927
21.00032127011927
21.00032127011927
21.00032127011927
19.874813678959406
19.679758692269132
19.679758692269132
19.679758692269132
19.679758692269132
19.679758692269132
19.679758692269132
19.593928021631914
19.593928021631914
19.563196365027196
19.563196365027196
19.457555929429546
19.324641433463643
19.324577795924796
19.324577795924796
19.26572650753168
19.26572650753168
19.26572650753168
19.26572650753168
19.26572650753168
19.26572650753168
19.26572650753168
19.26572650753168
19.26572650753168
19.21340658671035
19.21340658671035
19.21340658671035
19.21340658671035
19.21340658671035
18.46705492767358
18.46705492767358
18.41636011405539
18.413294267124183
18.388692842482676
18.388692842482676
18.388692842482676
18.388692842482676
18.331234847510437
18.331234847510437
18.177150999723114
18.177150999723114
18.055134799914633
18.0066830421154
18.0066830421154
16.983977303084238
16.983977303084238
16.983977303084238
16.95044865420564
16.945700508788402
16.945700508788402
16.945700508788402
16.945700508788402
16.945700508788402
16.945700508788402
16.945700508788402
16.938444144805576
15.236220707568652
15.230669700438273
15.230669700438273
15.220756275509004
15.220756275509004
15.220756275509004
15.220756275509004
15.220756275509004
14.893549856876408
14.893549856876408
14.845669479594346
14.845669479594346
14.845669479594346
14.845669479594346
14.845669479594346
14.816967096925993
14.80852596426957
14.80852596426957
14.80852596426957
14.803710871752
14.803710871752
14.803710871752
14.531005840529104
14.531005840529104
14.531005840529104
13.893555498418543
13.893555498418543
13.893555498418543
13.86137477116096
13.86137477116096
13.86137477116096
13.716121283183728
13.469034424046129
13.469034424046129
13.151221803717256
13.151221803717256
13.151221803717256
13.129579756069077
13.129579756069077
12.885135320414353
12.885135320414353
12.885135320414353
12.818712639883161
12.346399506160063
12.346399506160063
12.341980542775424
12.307973988389636
12.307973988389636
12.307973988389636
12.16240397397244
12.156898435167168
12.156898435167168
12.156898435167168
12.156898435167168
12.145286830101409
12.145286830101409
12.145286830101409
12.145286830101409
11.32822125890991
11.19537455057866
11.19537455057866
11.19537455057866
11.170054195041903
11.170054195041903
10.493563878256944
10.493563878256944
10.493563878256944
10.366173873584309
10.366173873584309
10.366173873584309
10.366173873584309
10.366173873584309
10.107921824842041
10.107921824842041
10.107921824842041
10.107921824842041
10.107921824842041
10.107921824842041
10.107921824842041
10.107221537641127
9.984475127248801
9.984475127248801
9.984441215940192
9.982446836260927
9.982446836260927
9.982446836260927
9.982446836260927
9.982446836260927
9.981642691888943
9.981642691888943
9.981642691888943
9.946330277210667
9.946330277210667
9.883345246427078
9.883345246427078
9.797425627964927
9.680034677119838
9.347753639212485
9.347753639212485
9.211448347582486
9.211448347582486
9.211448347582486
9.208959743853459
9.208959743853459
8.91304477171472
8.634207033178932
8.634207033178932
8.634207033178932
8.606010199511385
8.606010199511385
8.592518280012627
8.469818871853864
8.469818871853864
8.459726051490609
8.459726051490609
8.459726051490609
8.459726051490609
8.459726051490609
8.439772022186627
8.439772022186627
8.40924036588256
8.35242210200111
8.311763271189726
8.311763271189726
8.311763271189726
7.951563590700146
7.951563590700146
7.596384655265167
7.5745113579622805
7.5745113579622805
7.5745113579622805
7.5745113579622805
7.5745113579622805
7.5745113579622805
7.425618930803932
7.3370826138260945
7.3370826138260945
7.3370826138260945
7.3370826138260945
7.3370826138260945
7.3370826138260945
7.3370826138260945
7.3370826138260945
7.335628837650401
7.335628837650401
7.335628837650401
7.335628837650401
7.311784057952261
7.2918673895777335
7.2918673895777335
7.291485685615916
7.291485685615916
7.291485685615916
7.291485685615916
7.291485685615916
7.277191932907277
7.277191932907277
7.225351658532251
7.225351658532251
7.225351658532251
7.225351658532251
6.859498215577604
6.859498215577604
6.859498215577604
6.858143540281945
6.858143540281945
6.843662157943044
6.836576110871258
6.836576110871258
6.836576110871258
6.836214458415663
6.836214458415663
6.836214458415663
6.832663577467587
6.832663577467587
6.832663577467587
6.832663577467587
6.8323644930264
6.829672387782701
6.829672387782701
6.810048669674115
6.691076031233301
6.691076031233301
6.6027187383560495
6.6027187383560495
6.6027187383560495
6.6027187383560495
6.538089450574969
6.538089450574969
6.538089450574969
6.538089450574969
6.537731726830129
6.537731726830129
6.537731726830129
6.537731726830129
6.537731726830129
6.537731726830129
6.537731726830129
6.537731726830129
6.537731726830129
6.537731726830129
6.514747242216588
6.514747242216588
6.514747242216588
6.514747242216588
6.296485023092156
6.296485023092156
6.208869977787174
6.208869977787174
6.208869977787174
6.208869977787174
6.208869977787174
6.208869977787174
6.208869977787174
6.208869977787174
6.208869977787174
6.208869977787174
6.172777923637804
6.172777923637804
6.134581000861002
6.134581000861002
6.134581000861002
6.134581000861002
6.134581000861002
6.128251360318391
5.917725724066075
5.917725724066075
5.86772730066126
5.86772730066126
5.825262484978132
5.825262484978132
5.825262484978132
5.825262484978132
5.825262484978132
5.825262484978132
5.794448404733331
5.793716942272111
5.793716942272111
5.793716942272111
5.793716942272111
5.793716942272111
5.793716942272111
5.793716942272111
5.779644916580176
5.779644916580176
5.779644916580176
5.779644916580176
5.779644916580176
5.77244573990168
5.77244573990168
5.7253831660661145
5.713332111719456
5.71332137734599
5.71332137734599
5.71332137734599
5.71332137734599
5.71332137734599
5.703884079473093
5.703884079473093
5.703084101356772
5.703084101356772
5.70308368865725
5.70308368865725
5.70308368865725
5.70308368865725
5.70308368865725
5.70308368865725
5.70308368865725
5.70308368865725
5.70308368865725
5.70308368865725
5.70308368865725
5.69506666993355
5.69506666993355
5.593169884376538
5.58436494785822
5.582809376192895
5.582809376192895
5.564279894281025
5.526865504352168
5.525786620943872
5.525786620943872
5.525786620943872
5.5238029001004545
5.5238029001004545
5.5238029001004545
5.5238029001004545
5.5238029001004545
5.5238029001004545
5.5238029001004545
5.5238029001004545
5.503320376703009
5.503320376703009
5.501122620373692
5.489278912278355
5.411132476257974
5.411132476257974
5.411132476257974
5.406632829010622
5.405615331252255
5.405615331252255
5.405615331252255
5.405615331252255
5.405615331252255
5.405615331252255
5.385770911079499
5.385311571201145
5.385311571201145
5.385311571201145
5.385311571201145
5.385311571201145
5.385311571201145
5.385311571201145
5.385311571201145
5.385175077409016
5.1687390080035485
5.1687390080035485
5.1681814202448
5.1681814202448
5.1681814202448
5.1681814202448
5.1681814202448
5.1681814202448
5.1681814202448
5.1681814202448
5.1670828374997315
5.1670828374997315
5.092810036188639
4.962096140196611
4.962096140196611
4.962096140196611
4.902235934806551
4.902235934806551
4.60042039444652
4.60042039444652
4.60042039444652
4.583575616933475
4.57808252759803
4.57808252759803
4.57808252759803
4.57808252759803
4.57808252759803
4.576351799280074
4.576351799280074
4.57630275744207
4.57630275744207
4.57630275744207
4.57630275744207
4.57630275744207
4.57630275744207
4.57630275744207
4.575037456443446
4.574064666238085
4.574064666238085
4.574064666238085
4.567880213835446
4.567880213835446
4.5417262905738225
4.5417262905738225
4.5417262905738225
4.5410099269063
4.5410099269063
4.5410099269063
4.5410099269063
4.5410099269063
4.5410099269063
4.5410099269063
4.50327245308403
4.50327245308403
4.50327245308403
4.501873858937172
4.501762561322746
4.501762561322746
4.501762561322746
4.501762561322746
4.499491294783932
4.498893314397387
4.4576061446139015
4.4288108643323945
4.4288108643323945
4.37197677942758
4.37098970663252
4.37098970663252
4.37098970663252
4.37098970663252
4.37098970663252
4.37098970663252
4.37098970663252
4.37098970663252
4.37098970663252
4.37098970663252
4.37098970663252
4.37098970663252
4.37098970663252
4.37098970663252
4.352346615245281
4.352346615245281
4.352346615245281
4.343991085698523
4.335913466560557
4.335913466560557
4.335913466560557
4.335913466560557
4.335913466560557
4.335913466560557
4.335893572273106
4.335893572273106
4.335893572273106
4.335893572273106
4.335893572273106
4.335893572273106
4.335893572273106
4.335893572273106
4.335893572273106
4.300676928822458
4.300676928822458
4.300676928822458
4.300215830837006
4.274519925204836
4.2685482808886
4.25735737982296
4.25735737982296
4.25735737982296
4.25735737982296
4.25735737982296
4.25735737982296
4.25735737982296
4.25735737982296
4.228264546262224
4.228264546262224
4.228264546262224
4.228264546262224
4.228264546262224
4.227205808319237
4.21043720656375
4.21043720656375
4.21043720656375
4.189246161223868
4.189246161223868
4.189246161223868
4.189246161223868
4.156850209458438
4.156244106963413
4.156244106963413
4.156244106963413
4.156244106963413
4.1400903720645905
4.1400903720645905
4.1400903720645905
4.1400903720645905
4.137443999318511
4.137443999318511
4.137185509626535
4.137185509626535
4.137185509626535
4.137185509626535
4.137185509626535
4.137185509626535
