3171004.9760816717
3171004.9760816717
3156580.7740005637
2801699.229479234
2733538.4937800877
2530843.313027064
2506964.932441977
2497354.6676219045
2465340.0427875635
2352478.4330832185
2326673.173940643
2123558.5034791613
2111647.1742485743
1504997.7438552305
1504515.4209824053
940964.8965921988
940964.8965921988
926449.8239712956
926449.8239712956
923431.0285478117
694735.4106270612
694735.4106270612
670594.0522572611
670594.0522572611
670594.0522572611
652232.8736083328
652232.8736083328
652232.8736083328
652232.8736083328
543399.8340723357
543399.8340723357
301084.6737417761
300931.0471827022
219536.3312764287
193069.31515519164
191904.31537184486
183768.18201324908
183768.18201324908
183729.88069281017
154717.9779013874
85308.10654680878
84991.94774019087
84922.90804216896
74934.39679168441
73957.73726258377
73124.68325915418
61708.98157056911
59367.902470541514
54889.22669357463
40884.616235578884
40804.784437497015
28996.116211636323
27568.501419469965
27568.501419469965
27568.501419469965
24863.131716589698
24753.448875703914
24750.686390456012
24618.85981532043
23592.762342090988
23592.762342090988
19985.37786956202
19610.581361217202
19610.581361217202
11984.372952948539
11984.372952948539
11756.08900456958
10890.79069947086
10890.79069947086
10843.774607747227
10843.774607747227
10843.774607747227
10564.94874094136
9975.879370588906
9309.651970048106
8430.222701362487
8213.15874460752
4342.956968671496
4221.855852011284
4216.716800694508
4216.716800694508
3637.541710778505
3594.2225862256196
3239.1872040247754
3239.1872040247754
3191.557025041516
3191.557025041516
2949.252156066822
2949.252156066822
2610.573170816237
2219.989396524202
2118.176206998532
2035.0745501558279
1429.3073011416295
1322.8036235535806
1322.8036235535806
1322.8036235535806
1322.8036235535806
1316.8226096237609
1306.4121215396694
1297.4133926165564
1297.4133926165564
1297.4133926165564
1297.4133926165564
998.744715643611
998.744715643611
971.1420830429603
967.2020298543372
927.6613025379535
927.6613025379535
927.6613025379535
927.6613025379535
896.4293208198668
896.4293208198668
805.9150691358709
797.1983969258963
796.6791638595978
791.2401888954976
748.175196074023
748.175196074023
567.3541463326342
565.6491779611439
565.6491779611439
557.6535208515421
550.6912967198895
543.917395749364
533.7167156530459
533.7167156530459
347.0359816804256
347.0359816804256
347.0359816804256
347.0359816804256
347.0359816804256
345.1736011665057
345.1736011665057
335.27563612053143
335.27563612053143
335.27563612053143
335.27563612053143
334.8113479971395
318.4055126216336
317.67465281118245
290.9799134322761
289.8173382834672
289.8173382834672
280.6456447975602
280.6456447975602
278.54145645033003
278.54145645033003
270.70102144058825
270.70102144058825
260.78525289091556
252.88121556365067
251.55402051471881
251.55402051471881
249.88588387265474
249.88588387265474
240.09515085448973
240.09515085448973
231.21430360769008
231.21430360769008
225.92969208626954
215.48068173791646
214.73270421633117
214.5195405585194
203.8880135008483
201.04243361340255
201.04243361340255
201.04243361340255
186.29262601533912
184.72871897853852
175.38247983205866
175.33761368000177
173.72903302732098
173.72903302732098
173.72903302732098
173.72903302732098
172.701724423112
172.701724423112
172.701724423112
172.701724423112
172.701724423112
158.10319704337664
158.10319704337664
158.10319704337664
157.43222676730974
157.43222676730974
137.204015867441
134.31228662921478
134.28498502687586
134.1471578425749
127.75820702075208
125.5564724787741
125.5564724787741
125.5564724787741
125.5564724787741
125.5564724787741
125.5564724787741
124.30874404111172
117.97451808293481
117.97451808293481
117.97451808293481
92.3678284171476
92.3678284171476
92.3678284171476
90.82056014078366
90.82056014078366
90.82056014078366
87.72414924707378
87.38027378413655
87.38027378413655
87.28768999618912
87.28768999618912
83.14537783885875
81.59420087528399
81.59420087528399
81.59420087528399
81.40080264128291
81.34233346718695
81.34233346718695
81.34233346718695
80.72844086765211
80.72844086765211
80.72844086765211
66.56012873403814
66.56012873403814
65.54088382397607
65.54088382397607
65.14239340932552
65.14239340932552
65.14239340932552
65.14239340932552
64.80787857087057
63.71941622383544
63.71941622383544
60.33404969381918
60.33404969381918
59.012216264919985
59.012216264919985
59.012216264919985
59.012216264919985
50.80816119305888
50.41657622382914
50.28552876025803
50.28552876025803
47.928760413887275
47.273964755855076
47.273964755855076
47.273964755855076
47.273964755855076
47.273964755855076
47.273964755855076
47.13424618256049
47.13424618256049
45.681253427189176
43.92486889565208
43.92486889565208
43.92486889565208
43.92486889565208
43.92486889565208
43.92486889565208
43.92486889565208
43.25143259815904
43.123003406731826
43.123003406731826
43.123003406731826
42.050218562168524
42.050218562168524
42.050218562168524
42.050218562168524
42.050218562168524
42.050218562168524
42.050218562168524
42.050218562168524
41.93100604361996
41.93100604361996
41.93100604361996
41.80818079090213
41.80818079090213
41.80818079090213
40.154176662145005
40.154176662145005
40.154176662145005
40.11246394545843
40.11246394545843
39.29765756654005
39.29765756654005
38.848752247969784
38.848752247969784
38.60462722564925
38.58963674720407
38.58963674720407
38.58963674720407
38.58963674720407
38.58963674720407
38.58963674720407
38.29504848854043
37.609696199252255
37.609696199252255
37.609696199252255
37.609696199252255
37.54290633679298
37.2378448945661
34.440940849912124
34.440940849912124
30.510936116752728
30.44113105726854
30.44113105726854
30.44113105726854
30.44113105726854
30.44113105726854
30.44113105726854
30.44113105726854
30.28559183059893
30.28559183059893
30.28559183059893
30.28559183059893
30.28559183059893
30.061054800334496
29.940856439304163
29.940856439304163
28.9284523924227
28.9284523924227
28.84277229252495
28.84277229252495
28.84277229252495
28.84277229252495
28.745008088626353
28.745008088626353
28.745008088626353
28.745008088626353
28.745008088626353
28.745008088626353
28.745008088626353
27.612894078289862
27.612894078289862
27.612894078289862
27.13544594084942
27.13544594084942
26.963882972014133
26.849628736366288
26.849628736366288
25.65460851296289
23.61223301023802
23.61223301023802
23.595434988410826
23.58504233068501
23.58504233068501
23.58504233068501
23.54090687372459
23.191535397088337
23.191535397088337
23.191535397088337
22.988822400097504
22.988822400097504
22.902401801387253
22.901921755187264
22.901921755187264
22.901921755187264
22.89521115897889
22.89521115897889
22.89521115897889
22.72933604111457
22.71630208293704
22.71630208293704
22.645194565158086
22.645194565158086
22.645194565158086
22.645194565158086
22.641536088790346
22.641536088790346
22.590249284888877
22.579580801009637
22.579580801009637
22.579580801009637
22.543592918688397
22.520959415262347
22.520959415262347
22.520959415262347
22.488473571465207
22.488473571465207
22.368606122646916
22.03720318058963
22.03720318058963
21.92866458590786
21.92550191466355
21.905333393161925
21.905333393161925
21.905333393161925
21.81668882432338
21.206466175351178
21.20159367385851
21.20159367385851
19.053754432672424
18.859290019187704
18.859290019187704
18.859290019187704
18.852427807557657
18.852427807557657
18.852427807557657
18.707543406674255
18.707543406674255
18.707543406674255
18.467997525215395
17.55579928320878
17.55579928320878
17.545590904589037
17.545590904589037
17.497874273148362
17.497874273148362
17.497874273148362
17.497874273148362
17.40082977416587
16.752179841336744
16.549449655349246
16.549449655349246
16.549449655349246
16.549449655349246
16.549449655349246
16.30613671795324
16.077392883836996
16.077392883836996
16.077392883836996
16.077392883836996
16.077392883836996
16.077290749198955
15.849001090889557
15.849001090889557
15.676657314234857
15.636149264399153
15.636149264399153
15.636149264399153
15.636149264399153
15.636149264399153
15.636149264399153
15.628567349951728
15.628567349951728
15.52748408059445
15.52748408059445
15.52748408059445
15.52748408059445
15.525464529672563
15.525464529672563
15.30598092013111
15.30598092013111
14.949459107628188
14.949459107628188
14.705261408329699
14.705261408329699
14.705261408329699
14.705261408329699
14.705261408329699
14.705261408329699
14.705261408329699
14.705261408329699
14.589310513699207
14.52043339173676
14.493455476115994
14.019461038618726
14.019461038618726
14.019461038618726
14.019461038618726
14.019461038618726
13.959531813564194
13.903262572898461
13.903262572898461
13.903262572898461
13.903262572898461
13.89877281370847
13.39898372242125
13.39898372242125
13.361934795667931
13.361934795667931
13.361934795667931
13.361934795667931
13.361934795667931
13.361934795667931
13.304622596783226
13.293425855715881
13.293425855715881
13.293425855715881
13.293425855715881
13.293425855715881
13.292653434531331
12.703345817077613
12.703345817077613
12.168578593325414
12.168578593325414
12.168578593325414
12.16844677398346
11.954055264278258
11.954055264278258
11.954055264278258
11.914606663040033
11.914606663040033
11.913625078014745
11.913625078014745
11.913625078014745
11.913625078014745
11.913625078014745
11.913625078014745
11.744921915971734
11.744868408221755
11.744868408221755
11.744868408221755
11.744868408221755
11.734349984442229
11.710384172109409
11.710384172109409
11.707620723224547
11.55752797413974
11.55699859838271
10.922688761882878
10.922688761882878
10.922688761882878
10.922688761882878
10.922688761882878
10.911496105171148
10.807293691603169
10.807293691603169
10.807293691603169
10.630244122690442
10.630244122690442
10.630244122690442
10.553406095148924
10.553406095148924
10.553406095148924
10.54208101622687
10.54208101622687
10.542066493549184
10.539956988298064
10.539700781759315
10.539700781759315
10.539700781759315
10.539700781759315
10.476885141729719
10.476885141729719
10.386690541407557
10.38663526897028
10.386123793708219
10.386123793708219
10.386123793708219
10.382712569605388
10.376191230584908
10.376191230584908
10.248541660694407
10.248541660694407
9.958665831341634
9.958334042102841
9.672322443523893
9.672322443523893
9.672322443523893
9.672287091859662
9.672287091859662
9.672287091859662
9.672287091859662
9.672287091859662
9.669970868924366
9.64198410735571
9.64198410735571
9.64198410735571
9.64198410735571
9.64155534306417
9.560308070987263
9.558911769675603
9.558911769675603
9.558911769675603
9.558911769675603
9.552900520080472
9.552900520080472
9.552429766566386
9.552307509310378
9.552307509310378
9.552307509310378
9.552307509310378
9.552307509310378
9.552307509310378
9.551594181557252
9.46334961674166
9.46334961674166
9.293178950063709
9.293178950063709
9.293178950063709
9.29253479972552
9.29253479972552
9.29253479972552
9.282027820988201
9.243393775275592
9.243393775275592
9.243393775275592
9.243393775275592
9.243393775275592
9.243252461276423
9.242910966426876
9.242910966426876
9.242910966426876
9.242910966426876
9.239905943624553
9.239905943624553
9.228987169137007
9.046979118892445
9.045983648545356
9.045983648545356
9.045983648545356
9.021120518035147
8.901485190629604
8.900907266278203
8.900907266278203
8.899867624837206
8.899178389679903
8.899178389679903
8.832418680630429
8.832418680630429
8.823580264159926
8.823580264159926
8.823580264159926
8.821941020690893
8.821941020690893
8.812312737611219
8.812312737611219
8.812312737611219
8.812312737611219
8.812271904925264
8.812271904925264
8.651739315864093
8.651739315864093
8.647192597673767
8.647192597673767
8.647192597673767
8.647192597673767
8.647192597673767
8.647192597673767
8.647192597673767
8.573465289387961
8.573465289387961
8.56868313549144
8.426960588039096
8.426960588039096
8.417155079317629
8.417155079317629
8.417155079317629
8.417155079317629
8.417115840751102
8.417115840751102
8.417115840751102
8.417115840751102
8.417115840751102
8.417115840751102
8.417115840751102
8.364930790330945
8.364930790330945
8.36116977384971
8.36116977384971
8.219268932463944
8.159021595112005
8.159021595112005
8.08254141926793
8.082246469016653
8.07055135958893
8.07055135958893
8.07055135958893
8.065112542379913
8.059871264499257
7.910272572942763
7.910272572942763
7.910272572942763
7.7401579148223645
7.685296688471303
7.685296688471303
7.685296688471303
7.685296688471303
7.685296688471303
7.685194786805204
7.685194786805204
7.685194786805204
7.685194786805204
7.685194786805204
7.677431761197432
7.677431761197432
7.677248835823586
7.66159450912899
7.66159450912899
7.66159450912899
7.66159450912899
7.66159450912899
7.66159450912899
7.661407689137355
7.651084121156988
7.651084121156988
7.651084121156988
7.651084121156988
7.651084121156988
7.651084121156988
7.651084121156988
7.651084121156988
7.651084121156988
7.651084121156988
7.548224790378584
7.547584497858245
7.545246345166183
7.539565472481068
7.539565472481068
7.539565472481068
7.37947342492025
7.37947342492025
7.37947342492025
7.379222748126208
6.511640034453766
5.544880456267924
5.544880456267924
5.544880456267924
3.768167175192322
3.768167175192322
3.7273751995247855
3.7273751995247855
3.7273751995247855
3.7271625174247216
3.7271625174247216
3.7271221775328254
3.7271221775328254
3.7271221775328254
3.6587009950339766
3.64695653751399
3.645901731432634
3.645901731432634
3.645901731432634
3.645901731432634
3.500275163660725
3.4984012447431674
3.498015296066047
3.498015296066047
3.498015296066047
3.413114651414385
3.413114651414385
3.413114651414385
3.413114651414385
3.413114651414385
3.413114651414385
3.413114651414385
3.4047987590163986
3.4047987590163986
3.4047987590163986
3.4047987590163986
3.4047987590163986
3.4047810583532296
3.404775952587805
3.404689232817997
3.3855220038306024
3.3855220038306024
3.3855220038306024
3.3854199780877945
3.3854199780877945
3.3847701254802622
3.3847701254802622
3.3847701254802622
3.3847701254802622
3.3847701254802622
3.3847701254802622
3.3847701254802622
3.3847701254802622
3.3825898381342627
3.3825898381342627
3.3821979679728873
3.3821979679728873
3.38206630174189
3.3820355671112754
3.3820355671112754
3.3820355671112754
3.3820355671112754
3.3820355671112754
3.3820052258830895
3.302260158145029
3.302260158145029
3.274884406419103
3.274884406419103
3.274884406419103
3.274884406419103
3.2561279993268855
3.2561279993268855
3.1995928788720702
3.1867400081861064
3.1867400081861064
3.1867400081861064
3.1867400081861064
3.1867400081861064
3.1867400081861064
3.1680836490109074
3.1680836490109074
3.1680836490109074
3.1680836490109074
3.1680836490109074
3.1680836490109074
2.8975725252415283
2.8975725252415283
2.8975725252415283
2.8975725252415283
2.8975725252415283
2.8051110464234585
2.8051110464234585
2.76283777698342
2.76283777698342
2.76283777698342
2.7603294123121143
2.760144286553245
2.7590968706270362
2.7590968706270362
2.566405269389401
2.566290818614716
2.566290818614716
2.5590168371207866
2.526122186832989
2.526122186832989
2.526122186832989
2.5173226623773757
2.5171430800927546
2.517101376214893
2.517101376214893
2.517101376214893
2.513388713441413
2.513388713441413
2.513388713441413
2.4625485629782924
2.4625485629782924
2.4625485629782924
2.4625485629782924
2.4625485629782924
2.462115115367243
2.462115115367243
2.462115115367243
2.461798155973666
2.4492589108708644
2.4492589108708644
2.4492589108708644
2.4492589108708644
2.4474451870527627
2.4258467138822315
2.4208420137325435
2.4208420137325435
2.4208420137325435
2.4208420137325435
2.4208420137325435
2.4208420137325435
2.420831628352371
2.420831628352371
2.420831628352371
2.420831628352371
2.4208247163036694
2.420622789053569
2.420622789053569
2.420622789053569
2.420622789053569
2.420622789053569
2.420622789053569
2.420622789053569
2.420622789053569
2.4047660381786
2.4047660381786
2.400682602372784
2.399008295654549
2.399008295654549
2.399008295654549
2.399008295654549
2.399008295654549
2.3737586232613217
2.3682582494589406
2.3682582494589406
2.3682582494589406
2.360276563516708
2.360276563516708
2.360276563516708
2.360276563516708
2.300192345079669
2.300192345079669
2.300192345079669
2.296964777779382
2.296964777779382
2.296964777779382
2.296964777779382
2.296964777779382
2.296964777779382
2.296964777779382
2.296923705414001
2.296923705414001
2.296923705414001
2.2968569055792707
2.2968569055792707
2.2968569055792707
2.2968569055792707
2.296740573607373
2.2294180610654433
2.2202875862258047
2.2202875862258047
2.2202875862258047
2.2202875862258047
2.1970328824577408
2.169910406233427
2.169910406233427
2.169723039875981
2.1266192080877246
2.0831128195953976
2.082173333910476
2.082173333910476
2.082173333910476
2.070507624597724
2.070380264541683
2.070380264541683
2.070380264541683
2.070380264541683
2.070380264541683
2.070380264541683
1.9713398984092787
1.9314376393482444
1.9314376393482444
1.9313680641902735
1.931262199400963
1.931262199400963
1.9304925707345757
1.9304925707345757
1.9302232961062744
1.9302163653771518
1.9302163653771518
1.9085755471024441
1.9085755471024441
1.8367006748207255
1.8367006748207255
1.8335344246236382
1.7811272975132546
1.7779574055075424
1.777581598543208
1.777581598543208
1.7517285448607267
1.7442276413709314
1.743974312222281
1.743974312222281
1.743974312222281
1.7388997127618726
1.7388997127618726
1.711985183092199
1.708518653789561
1.708518653789561
1.708518653789561
1.708518653789561
1.705125050303248
1.705125050303248
1.705125050303248
1.705125050303248
1.705125050303248
1.705125050303248
1.705125050303248
1.705125050303248
1.705125050303248
1.705125050303248
1.705125050303248
1.705125050303248
1.705125050303248
1.705125050303248
1.705125050303248
1.696185864887743
1.6913265175755994
1.6913265175755994
1.6913265175755994
1.6886909390506988
1.6886909390506988
1.6886909390506988
1.6886909390506988
1.6886909390506988
1.6693694694301113
1.6693694694301113
1.6693694694301113
1.6689884067138974
1.6689884067138974
1.6680840585390748
1.6632707046898578
1.6632707046898578
1.6632707046898578
1.6615181278883902
1.6615181278883902
1.6609018055440572
1.6549884751017871
1.6407106878592588
1.6377076343570587
1.6377076343570587
1.6377076343570587
1.6271426269160996
1.6271426269160996
1.248208917675379
1.2481651811868117
1.2470167925433335
1.2470167925433335
1.246936001946172
1.246936001946172
1.246936001946172
1.246936001946172
1.2384859683364646
1.2384859683364646
1.1978193153954004
1.1978193153954004
1.1978193153954004
1.1978193153954004
1.1978193153954004
