10387.824883659472
10308.579141830822
10152.180721657176
9868.282312548989
9843.2622183126
9569.710308407382
9569.710308407382
9492.429848038413
9492.429848038413
9337.018328004116
9337.018328004116
9230.532064137857
8944.62661834844
8639.20760234833
8366.15086110745
8320.822636435183
8297.524682713018
8210.760999206395
8023.346521862383
8023.346521862383
7677.100657132255
7677.100657132255
7677.100657132255
7483.21742036595
7483.21742036595
7192.90312012588
7192.90312012588
6991.84259309419
6888.551632849529
6863.051190369176
6634.812526257628
6572.971609757333
6572.971609757333
6572.971609757333
6376.350697420335
6343.562098791123
6343.562098791123
6206.241011710334
6206.241011710334
6205.609493081677
5828.815013561252
5555.101467815042
5555.101467815042
5555.101467815042
5481.138819366147
5481.138819366147
5481.138819366147
5481.138819366147
5378.241780855801
5279.6185515229445
5158.100395932985
5158.100395932985
4766.720209533243
4766.720209533243
4766.720209533243
4724.582721852174
4607.144250969539
4488.176888818756
4179.012530558708
4179.012530558708
4169.904515489452
4160.271923098202
4160.271923098202
4160.27046298393
4160.27046298393
4160.27046298393
4121.526124508091
4121.526124508091
3997.2180463499626
3962.3285185850364
3962.3285185850364
3962.3285185850364
3962.3285185850364
3813.188009753141
3813.188009753141
3813.188009753141
3382.503518004929
3382.503518004929
3327.048396319069
3319.9474917901643
3319.9474917901643
3165.364076253465
3165.364076253465
3165.364076253465
2947.5621830277614
2947.5621830277614
2943.7438823918437
2943.7438823918437
2721.127778011676
2721.127778011676
2721.127778011676
2721.127778011676
2554.2815311716004
2554.2815311716004
2554.2815311716004
2554.2815311716004
2554.2815311716004
2554.2815311716004
2554.2815311716004
2554.263192831353
2439.7173376971186
2397.0414542303624
2397.0414542303624
2376.282586836902
2124.7856063860672
2123.383339519596
2055.6740469161105
2055.6740469161105
1929.6301723232846
1929.6301723232846
1848.0549117346236
1844.6392692940171
1727.0152333784226
1727.0152333784226
1727.0152333784226
1727.008973270691
1727.0046755082149
1727.0046755082149
1714.9549673501206
1714.9543689370912
1421.6374681406814
1407.5412688999495
1407.5412688999495
1407.5412688999495
1277.5837609510145
1277.5837609510145
1277.5837609510145
1277.5837609510145
1264.9337063318617
1264.7393642327697
1262.7298205073967
1262.7298205073967
1237.4589842177193
1159.062430909049
1103.5778835981728
1103.5778835981728
1102.0644975461582
1002.1663529460038
1000.5755713047984
1000.5755713047984
1000.5755713047984
1000.5755713047984
1000.5755713047984
989.8660836467734
837.7046201698049
834.2102862654665
834.2102862654665
826.8221588516371
826.8221588516371
826.8221588516371
826.8221588516371
822.0520966296772
822.0520966296772
728.5553328861843
719.6489476848492
694.3898221028376
622.9221278745226
494.54142903769934
494.54142903769934
494.54142903769934
493.10507173108454
406.52722417632503
406.22502477185844
404.6691711711792
404.6691711711792
404.6691711711792
404.6691711711792
304.6710588782262
302.7247126063521
302.7247126063521
302.7247126063521
193.7020650202703
193.69511631847854
192.96537567989617
184.52297957066548
184.33312452722203
184.33298021673545
184.33298021673545
184.33298021673545
184.16856464632838
184.07328062459783
184.07328062459783
184.05566456826818
184.05532091507848
183.9659715904927
167.73725999785893
167.51452428321863
167.2633995420474
167.2633995420474
167.02829921032753
156.8845182186251
156.74309344410176
156.74309344410176
153.01405644300212
152.86636356682175
152.4611873968861
152.4611873968861
152.35149834145886
152.35149834145886
149.7980529029246
149.6917381317162
149.68723071445675
149.68723071445675
145.3354195583106
144.7097189895594
142.3760643450005
129.12699814142798
129.11175808709413
129.11175808709413
129.11175808709413
127.72167139831254
126.97228266203456
126.97223732301427
124.88916469022661
124.88916469022661
124.88887613347651
124.88886994719178
124.88886994719178
122.40372721287895
122.40193347600507
122.2629563209066
122.26081747219905
122.25703580444497
120.53809441214617
120.53809435988842
120.4103611602659
120.4103611602659
120.4103611602659
120.40686836554596
120.40682064661814
120.40682064661814
120.40682064661814
119.70541323853104
119.36373759810158
119.36373759810158
119.33160160498846
119.33160160498846
119.32052847688465
119.32052847688465
119.30928467667582
119.30067206324384
119.30067206324384
119.30067206324384
119.18574764247387
119.18171364860791
119.13417492673761
119.13022313091642
118.97843080266648
118.97843080266648
118.97402113394492
118.77839004501584
118.77839004501584
118.76711274258923
118.76711274258923
118.71163117819015
118.71163117819015
118.71163117819015
118.71033144745707
118.68944745564113
118.65928500254267
118.65928500254267
118.65927258631382
118.60793076017217
118.60793076017217
118.60793076017217
118.60793076017217
118.60793076017217
118.58970224116456
118.58376502094688
118.57361482382112
118.57361482382112
118.57356997667739
118.50355122248766
118.50204663942714
118.46304238313314
118.46304238313314
118.46265253162164
118.46263517971784
118.46263517971784
118.46263517971784
118.46263517971784
118.46263517971784
118.46242576455188
118.4622001860971
118.46210335318028
118.46161867591582
118.46156900321694
118.46122208452289
118.4510634381677
118.4510634381677
118.45045072813991
118.45018218027872
118.45018035561407
118.45013667607782
118.44881574395549
118.44881571832957
118.44395243965846
118.44395243965846
118.44379088732967
118.44346274057352
118.44346274057352
118.44118494329632
118.44096728664044
118.44096728664044
118.44091820319773
118.44019873670732
118.43999402727604
118.43999402718873
118.43995576377893
118.43995576366979
118.4395453523357
118.43951679865859
118.43950602520817
118.43932405253508
118.43931464938942
118.43930354842269
118.43930354842269
118.43929081841998
118.43929075347478
118.43928382170998
118.43928382170998
118.43928361961298
118.43928361961298
118.43928215685446
118.43904741942788
118.43903614490773
118.43903331592992
118.43903249171126
118.43902898127635
118.4389939934772
118.43892305150439
118.43892305150439
118.43892305087866
118.43877881209119
118.43877869808603
118.43877865961258
118.43866321693167
118.43852073172638
118.43852073172638
118.43851759608333
118.43851759608333
118.43851759608333
118.4385058852913
118.438487609199
118.4384857666173
118.43848546593108
118.4384763482667
118.43847404418011
118.43842783526634
118.43841916174642
118.43841916174642
118.43841916174642
118.43841916174642
118.43841751622313
118.43841691140551
118.43841675906333
118.4384164428302
118.43841614586745
118.43840901517615
118.43840408037067
118.43838196373144
118.43838195282842
118.43838195282842
118.43838195241369
118.43838195241369
118.43838195048556
118.43838195048556
118.43837521686328
118.43837521686328
118.43837432764849
118.43836220387311
118.43835695641974
118.43835695641974
118.43835682978533
118.43834624804731
118.43834624804731
118.43834624804731
118.43834624802366
118.43834223170961
118.43834223170961
118.43834194701594
118.43834194701594
118.43834194209921
118.43834192732902
118.43834027726552
118.43834025567412
118.43834025567412
118.43834025566866
118.43833852494026
118.43833852405987
118.43833852009993
118.43833852009993
118.43833796107538
118.43833726419507
118.43833684813944
118.43833684804486
118.43833666029968
118.43833663279474
118.43833661701683
118.43833555582023
118.43833555582023
118.43833555579477
118.43833547913346
118.43833547333816
118.43833547333816
118.43833546980386
118.43833520675798
118.43833519166947
118.43833519155123
118.43833519155123
118.43833514716061
118.4383350261578
118.43833496642947
118.43833496642947
118.4383347715011
118.4383347715011
118.4383347713374
118.4383347700641
118.43833476893269
118.43833476893269
118.43833476893087
118.43833476891996
118.43833474740495
118.43833474429266
118.43833474429266
118.43833474402527
118.43833472681581
118.4383347248422
118.43833472483311
118.43833472395818
118.43833472395818
118.43833472395818
118.43833472395818
118.4383347235107
118.43833467871991
118.43833467871991
118.43833467871991
118.43833467871991
118.43833467336663
118.43833467260811
118.43833466569413
118.43833466565047
118.43833466400429
118.43833465782336
118.43833463013107
118.43833463002011
118.43833463002011
118.43833463002011
118.43833462996372
118.43833462959446
118.43833462756629
118.43833462726798
118.43833462726798
118.43833462724979
118.43833462724979
118.43833462714065
118.43833462694784
118.43833462473594
118.43833462473594
118.43833462442672
118.43833462442672
118.43833462278417
118.43833462077419
118.43833462077419
118.43833462077419
118.43833462064322
118.43833462064322
118.43833462064322
118.43833461987197
118.43833461987197
118.43833461987197
118.43833461943541
118.43833461943541
118.43833461660688
118.43833461627582
118.43833461627582
118.43833461627582
118.43833461616487
118.43833461613212
118.43833461581198
118.43833461567556
118.43833461567556
118.43833461567556
118.43833461567556
118.43833461567556
118.43833461567556
118.43833461567374
118.4383346156701
118.4383346156701
118.43833461550275
118.43833461550093
118.43833461550093
118.43833461549548
118.43833461549548
118.43833461548638
118.43833461544637
118.43833461530448
118.43833461474242
118.43833461474242
118.43833461474242
118.43833461474242
118.43833461474242
118.43833461472968
118.43833461458235
118.43833461458053
118.43833461458053
118.43833461458053
118.43833461458053
118.43833461457143
118.43833461457143
118.43833461457143
118.4383346145587
118.4383346145587
118.43833461455688
118.4383346145496
118.4383346145496
118.43833461451868
118.43833461450049
118.4383346144823
118.4383346144823
118.4383346144823
118.4383346144823
118.43833461448048
118.43833461448048
118.43833461447684
118.43833461447139
118.43833461447139
118.43833461447139
118.43833461447139
118.43833461446957
118.43833461446957
118.43833461445865
118.43833461445683
118.43833461445683
118.43833461445683
118.43833461445683
118.43833461445683
118.43833461445683
118.43833461445683
118.43833461445683
118.43833461445683
118.43833461445683
118.43833461445683
118.43833461445683
118.43833461445683
118.4383346144532
118.4383346144532
118.43833461445138
118.43833461445138
118.43833461445138
118.43833461444956
118.43833461444956
118.43833461444956
118.43833461444956
118.43833461444956
118.43833461444956
118.43833461444956
118.43833461444956
118.43833461444956
118.43833461444956
118.43833461444956
118.43833461444774
118.43833461444592
118.43833461444592
118.43833461444592
118.43833461444592
118.43833461444592
118.43833461444592
118.43833461444592
118.43833461444592
118.43833461444592
118.43833461444592
118.43833461444592
118.43833461444592
118.43833461444592
118.43833461444592
118.43833461444592
118.43833461444592
118.43833461444592
118.4383346144441
118.4383346144441
118.4383346144441
118.4383346144441
118.4383346144441
118.4383346144441
118.4383346144441
118.4383346144441
118.4383346144441
118.4383346144441
118.4383346144441
118.4383346144441
118.4383346144441
118.4383346144441
118.4383346144441
118.4383346144441
118.4383346144441
118.4383346144441
118.4383346144441
118.4383346144441
118.4383346144441
118.4383346144441
118.4383346144441
118.4383346144441
118.4383346144441
118.4383346144441
118.4383346144441
118.4383346144441
118.4383346144441
118.4383346144441
118.4383346144441
118.4383346144441
118.4383346144441
118.4383346144441
118.4383346144441
118.4383346144441
118.4383346144441
118.4383346144441
118.4383346144441
118.4383346144441
118.4383346144441
118.4383346144441
118.4383346144441
118.4383346144441
118.4383346144441
118.4383346144441
118.4383346144441
118.4383346144441
118.4383346144441
118.4383346144441
118.4383346144441
118.4383346144441
118.4383346144441
118.4383346144441
118.4383346144441
118.4383346144441
118.4383346144441
118.4383346144441
118.4383346144441
118.4383346144441
118.4383346144441
118.4383346144441
118.4383346144441
118.4383346144441
118.4383346144441
118.4383346144441
118.4383346144441
118.4383346144441
118.4383346144441
118.4383346144441
118.4383346144441
118.4383346144441
118.4383346144441
118.4383346144441
118.4383346144441
118.4383346144441
118.4383346144441
118.4383346144441
118.4383346144441
118.4383346144441
118.4383346144441
118.4383346144441
118.4383346144441
118.4383346144441
118.4383346144441
118.4383346144441
118.4383346144441
118.4383346144441
118.4383346144441
118.4383346144441
118.4383346144441
118.4383346144441
118.4383346144441
118.4383346144441
118.4383346144441
118.4383346144441
118.4383346144441
118.4383346144441
118.4383346144441
118.4383346144441
118.4383346144441
118.4383346144441
118.4383346144441
118.4383346144441
118.4383346144441
118.4383346144441
118.4383346144441
118.4383346144441
118.4383346144441
118.4383346144441
118.4383346144441
118.4383346144441
118.4383346144441
118.4383346144441
118.4383346144441
118.4383346144441
118.4383346144441
118.4383346144441
118.4383346144441
118.4383346144441
118.4383346144441
118.4383346144441
118.4383346144441
118.4383346144441
118.4383346144441
118.4383346144441
118.4383346144441
118.4383346144441
118.4383346144441
118.4383346144441
118.4383346144441
118.4383346144441
118.4383346144441
118.4383346144441
118.4383346144441
118.4383346144441
118.4383346144441
118.4383346144441
118.4383346144441
118.4383346144441
118.4383346144441
118.4383346144441
118.4383346144441
118.4383346144441
118.4383346144441
118.4383346144441
118.4383346144441
118.4383346144441
118.4383346144441
118.4383346144441
118.4383346144441
118.4383346144441
118.4383346144441
118.4383346144441
118.4383346144441
118.4383346144441
118.4383346144441
118.4383346144441
118.4383346144441
118.4383346144441
118.4383346144441
118.4383346144441
118.4383346144441
118.4383346144441
118.4383346144441
118.4383346144441
118.4383346144441
118.4383346144441
118.4383346144441
118.4383346144441
118.4383346144441
118.4383346144441
118.4383346144441
118.4383346144441
118.4383346144441
118.4383346144441
118.4383346144441
118.4383346144441
118.4383346144441
118.4383346144441
118.4383346144441
118.4383346144441
118.4383346144441
118.4383346144441
118.4383346144441
118.4383346144441
118.4383346144441
118.4383346144441
118.4383346144441
118.4383346144441
118.4383346144441
118.4383346144441
118.4383346144441
118.4383346144441
118.4383346144441
118.4383346144441
118.4383346144441
118.4383346144441
118.4383346144441
118.4383346144441
118.4383346144441
118.4383346144441
118.4383346144441
118.4383346144441
118.4383346144441
118.4383346144441
118.4383346144441
118.4383346144441
118.4383346144441
118.4383346144441
118.4383346144441
118.4383346144441
118.4383346144441
118.4383346144441
118.4383346144441
118.4383346144441
118.4383346144441
118.4383346144441
118.4383346144441
118.4383346144441
118.4383346144441
118.4383346144441
118.4383346144441
118.4383346144441
118.4383346144441
118.4383346144441
118.4383346144441
118.4383346144441
118.4383346144441
118.4383346144441
118.4383346144441
118.4383346144441
118.4383346144441
118.4383346144441
118.4383346144441
118.4383346144441
118.4383346144441
118.4383346144441
118.4383346144441
118.4383346144441
118.4383346144441
118.4383346144441
118.4383346144441
118.4383346144441
118.4383346144441
118.4383346144441
118.4383346144441
118.4383346144441
118.4383346144441
118.4383346144441
118.4383346144441
118.4383346144441
118.4383346144441
118.4383346144441
118.4383346144441
118.4383346144441
118.4383346144441
118.4383346144441
118.4383346144441
118.4383346144441
118.4383346144441
118.4383346144441
118.4383346144441
118.4383346144441
118.4383346144441
118.4383346144441
118.4383346144441
118.4383346144441
118.4383346144441
118.4383346144441
118.4383346144441
118.4383346144441
118.4383346144441
118.4383346144441
118.4383346144441
118.4383346144441
118.4383346144441
118.4383346144441
118.4383346144441
118.4383346144441
118.4383346144441
118.4383346144441
118.4383346144441
118.4383346144441
118.4383346144441
118.4383346144441
118.4383346144441
118.4383346144441
118.4383346144441
118.4383346144441
118.4383346144441
118.4383346144441
118.4383346144441
118.4383346144441
118.4383346144441
118.4383346144441
118.4383346144441
118.4383346144441
118.4383346144441
118.4383346144441
118.4383346144441
118.4383346144441
118.4383346144441
118.4383346144441
118.4383346144441
118.4383346144441
118.4383346144441
118.4383346144441
118.4383346144441
118.4383346144441
118.4383346144441
118.4383346144441
118.4383346144441
118.4383346144441
118.4383346144441
118.4383346144441
118.4383346144441
118.4383346144441
118.4383346144441
118.4383346144441
118.4383346144441
118.4383346144441
118.4383346144441
118.4383346144441
118.4383346144441
118.4383346144441
118.4383346144441
118.4383346144441
118.4383346144441
118.4383346144441
118.4383346144441
118.4383346144441
118.4383346144441
118.4383346144441
118.4383346144441
118.4383346144441
118.4383346144441
118.4383346144441
118.4383346144441
118.4383346144441
118.4383346144441
118.4383346144441
118.4383346144441
118.4383346144441
118.4383346144441
118.4383346144441
118.4383346144441
118.4383346144441
118.4383346144441
118.4383346144441
118.4383346144441
118.4383346144441
118.4383346144441
118.4383346144441
118.4383346144441
118.4383346144441
118.4383346144441
118.4383346144441
118.4383346144441
118.4383346144441
118.4383346144441
118.4383346144441
118.4383346144441
118.4383346144441
118.4383346144441
118.4383346144441
118.4383346144441
118.4383346144441
118.4383346144441
118.4383346144441
118.4383346144441
118.4383346144441
118.4383346144441
118.4383346144441
118.4383346144441
118.4383346144441
118.4383346144441
118.4383346144441
118.4383346144441
118.4383346144441
118.4383346144441
118.4383346144441
118.4383346144441
118.4383346144441
118.4383346144441
118.4383346144441
118.4383346144441
118.4383346144441
118.4383346144441
118.4383346144441
118.4383346144441
118.4383346144441
118.4383346144441
118.4383346144441
118.4383346144441
118.4383346144441
118.4383346144441
118.4383346144441
118.4383346144441
118.4383346144441
118.4383346144441
118.4383346144441
118.4383346144441
118.4383346144441
118.4383346144441
118.4383346144441
118.4383346144441
118.4383346144441
118.4383346144441
118.4383346144441
118.4383346144441
118.4383346144441
118.4383346144441
118.4383346144441
118.4383346144441
118.4383346144441
118.4383346144441
118.4383346144441
118.4383346144441
118.4383346144441
118.4383346144441
