2718787.781470544
2718787.781470544
2555221.04161877
2504999.437660719
2504999.437660719
2296069.526811076
2277677.0743562393
1925418.1767189433
1925418.1767189433
1659257.4647080055
1659257.4647080055
1648517.6751340958
1449193.6924410313
1449193.6924410313
1449193.6924410313
1000649.1758149336
993380.7189338626
989613.6457247365
933723.8643669885
924277.8126113099
898058.2518751019
516829.4008951083
373340.0061348239
370718.5966167507
368703.2312226067
268297.5969838028
248657.6972163533
216788.31761571116
215967.30375511933
214350.8080010658
205701.8896184382
177273.51313389177
177273.51313389177
173775.54993987794
173775.54993987794
146228.378043679
138955.97578004602
109449.05786047582
108930.81449040446
108748.57936096136
106366.2858555044
103292.91115865318
92959.2492703945
92401.95828193666
49158.418386282494
44821.33533661162
44821.33533661162
44680.733339842736
43048.03508820388
38824.9167168371
35591.043290130896
24197.724609940546
24197.724609940546
23839.035307730017
18792.30045075521
18694.22875331156
14505.441001740399
14505.441001740399
11545.015513803372
11032.81372411634
11032.81372411634
11032.81372411634
11032.81372411634
9711.37259069737
8239.353272659788
6375.329807941788
6340.544143886252
6053.268947133523
5894.919789456667
5894.919789456667
4943.8130049744395
4943.8130049744395
3737.919671347432
3737.919671347432
3737.919671347432
2980.6555735989964
2980.6555735989964
2460.0926949461714
2408.6329810266993
2408.6329810266993
2408.6329810266993
2408.6329810266993
2336.7593833310207
2237.856641818085
2237.856641818085
2237.856641818085
2237.856641818085
1928.3263207805144
1158.5934211686736
1158.5934211686736
1127.195200098192
1091.5426668923399
1091.5426668923399
1031.8036890589296
982.4377857424931
951.2025808824061
951.2025808824061
943.156025834086
943.156025834086
943.156025834086
943.156025834086
936.6422027170273
639.5165881996903
639.5165881996903
637.5659127348364
628.8565001886699
576.7102311144616
549.006858998947
549.006858998947
504.14836223735944
503.7748904167162
454.2784729862535
446.20125298955793
446.09900314859664
419.9898671506051
413.8504244349986
394.66744458037897
394.66744458037897
348.42323892961394
278.8568426004727
278.8568426004727
273.6528167297506
273.6528167297506
273.6528167297506
273.6528167297506
273.6528167297506
273.6528167297506
273.6528167297506
273.6528167297506
273.6528167297506
273.6528167297506
273.6528167297506
273.6528167297506
273.57386908895387
272.3517234621024
272.3517234621024
272.3517234621024
271.2652360789849
271.2652360789849
271.2652360789849
271.0178863880694
268.6043809055297
268.6043809055297
259.57821223580646
259.57821223580646
257.4430000054088
255.0568023848828
254.51892180046306
254.30932157897354
252.85601922825333
242.01497047036796
227.25587165408243
226.36759850361457
195.2066243620343
194.34408091879095
191.83515395275157
190.29279465947707
190.29279465947707
190.29279465947707
138.07778833221678
138.07778833221678
136.73595154558586
133.67705716232044
133.67705716232044
132.65347734734885
131.33105901354924
131.33105901354924
131.15948279884864
131.15948279884864
128.44137866952963
123.96025858141097
123.96025858141097
123.96025858141097
123.96025858141097
107.32597504659512
106.944358860379
106.944358860379
95.55351633044064
92.05388374006088
92.05388374006088
92.05388374006088
92.05388374006088
90.66927063171974
90.66927063171974
87.593359216306
87.593359216306
82.14073645749909
82.14073645749909
82.14073645749909
78.25893120903643
78.13653360639705
78.13653360639705
78.13653360639705
78.13653360639705
78.13653360639705
78.13653360639705
78.13653360639705
78.0341787267115
77.53728482317402
77.53728482317402
77.47458712915957
77.47458712915957
77.09005039075358
75.7873104463083
75.6297710014241
75.47320606614127
73.85961318604815
72.4644198417742
72.4644198417742
72.4644198417742
72.4644198417742
64.90729771033968
64.90729771033968
60.80830712893029
60.80830712893029
60.80830712893029
58.10157574512442
58.10157574512442
56.84075735740033
56.08919362949269
55.9867093458455
55.9867093458455
55.9867093458455
55.66298369650034
55.66298369650034
52.36825304097611
52.36825304097611
52.36825304097611
51.13805819014973
50.95989118282263
50.95989118282263
50.95989118282263
50.686921767556996
50.686921767556996
50.686921767556996
50.14143509705423
50.14143509705423
50.14143509705423
49.46666922589337
49.46666922589337
49.46666922589337
48.487644019451345
48.487644019451345
48.487644019451345
46.22349874772888
45.96443370189949
45.8057569343954
45.37137361773304
45.20424622318462
45.04157741230417
31.034098023613122
31.033163346789276
30.953622454665915
30.953622454665915
30.05684145222055
30.05684145222055
30.05684145222055
30.05684145222055
30.05684145222055
30.05684145222055
30.05684145222055
30.05684145222055
30.00173528319983
30.00173528319983
30.00173528319983
29.887396869777437
29.887396869777437
29.887396869777437
29.883824140102373
29.883824140102373
29.86163721034146
29.86163721034146
29.86163721034146
29.86163721034146
29.61000854653091
29.61000854653091
29.61000854653091
29.61000854653091
29.589283540342347
28.38980479339293
28.287745580645062
28.287745580645062
28.287745580645062
26.70207267007827
26.419145648851615
26.078570946248544
26.07019094633633
26.07019094633633
26.07019094633633
26.07019094633633
26.07019094633633
26.06853007513398
26.06853007513398
26.06853007513398
26.06853007513398
26.06853007513398
26.06853007513398
26.06853007513398
26.06853007513398
26.053066514244524
26.053066514244524
26.053066514244524
26.039279646999464
26.039279646999464
26.039279646999464
26.039279646999464
26.039279646999464
26.039279646999464
26.039279646999464
25.662959018702374
25.661951765946792
25.661951765946792
25.18847887938507
25.18847887938507
21.65006627912521
21.65006627912521
21.52391586957262
21.52391586957262
21.52391586957262
21.52391586957262
21.15041021860989
21.15041021860989
21.15041021860989
21.15041021860989
21.15041021860989
21.121336856817347
21.121336856817347
21.121336856817347
21.121336856817347
20.220495757806106
20.220495757806106
20.005062249082073
20.005062249082073
18.55027418523441
18.55027418523441
18.270030510311706
18.236739603471626
18.236739603471626
18.236739603471626
18.236739603471626
18.236739603471626
18.110885166255535
18.110885166255535
18.096195827697503
17.73733754101404
17.515207778084108
17.515207778084108
13.842822871254668
13.05146628390559
13.05146628390559
12.868056600982493
12.868056600982493
12.868056600982493
12.868056600982493
12.868056600982493
12.868056600982493
12.868056600982493
12.85329087082127
12.85329087082127
12.85329087082127
12.80942027976754
12.80942027976754
12.80942027976754
12.799999929255515
12.799999929255515
12.799999929255515
12.799999929255515
12.697679112242822
12.697679112242822
12.697679112242822
12.66679958827153
12.66679958827153
12.66679958827153
12.66679958827153
12.66679958827153
12.66679958827153
12.61762653232617
12.61762653232617
12.61762653232617
12.61762653232617
12.61762653232617
12.445976359321152
12.445976359321152
12.44570786341794
12.44570786341794
11.758079921693135
11.758079921693135
11.756891571054009
11.572275875875256
11.572275875875256
11.572275875875256
11.572275875875256
11.396230658516654
11.396230658516654
11.396230658516654
11.27282110134271
11.27282110134271
11.27282110134271
11.272484574239616
11.249567942526184
11.222716100387348
11.182951099133277
11.07436300087516
11.07436300087516
11.073612994133505
10.70190991793859
10.606060332558208
10.59443755157265
10.59443755157265
10.592017481421376
10.584497850450234
10.565279821368573
10.565279821368573
9.896757302413365
9.896757302413365
9.896757302413365
9.896757302413365
9.845395753878616
9.845395753878616
9.845395753878616
9.845014679813067
9.845014679813067
9.832951934088165
9.447588870147932
9.447588870147932
9.447588870147932
9.437169489114543
9.437169489114543
9.2369324784262
8.88625807118287
8.874197647924879
8.79041141309744
8.79041141309744
8.79041141309744
8.79041141309744
8.648263413566017
8.639148789836925
8.639148789836925
8.426943043183522
8.426943043183522
8.426943043183522
8.426943043183522
8.426943043183522
8.388840388463732
8.388840388463732
8.388840388463732
8.332128618662109
8.332128618662109
8.332128618662109
8.332128618662109
8.332128618662109
8.086232737211393
8.086232737211393
8.086232737211393
8.067529639829921
8.067529639829921
7.9949013800195905
7.968032953623698
7.966110332430564
7.966110332430564
7.966110332430564
7.966110332430564
7.966110332430564
7.966110332430564
7.966110332430564
7.964184141004667
7.964184141004667
7.964184141004667
7.964184141004667
7.964184141004667
7.8824245165103894
7.856046302645665
7.8537517642224834
7.851896925750678
7.834601829162191
7.834601829162191
7.730872162425593
7.730650866422868
7.410096465197367
7.410096465197367
7.410096465197367
7.391326218199706
7.391326218199706
7.388968950105975
7.388968950105975
7.388968950105975
7.367088776097943
7.367088776097943
7.367025497145344
7.367025497145344
7.324246821688452
7.324246821688452
7.324246821688452
7.324246821688452
7.324246821688452
7.324246821688452
7.324246821688452
7.304090644150414
7.304090644150414
7.304090644150414
7.19642570911809
7.19642570911809
7.186137979078196
7.186137979078196
7.077175575999652
7.023829487207697
7.023829487207697
7.023829487207697
6.978396285486097
6.978396285486097
6.978396285486097
6.978396285486097
6.952521424579031
6.952521424579031
6.952521424579031
6.952521424579031
6.952521424579031
6.952521424579031
6.909987055564179
6.909987055564179
6.794235764952032
6.711463206647697
6.711463206647697
6.711463206647697
6.501059305050026
6.501059305050026
6.501059305050026
6.496052710317887
6.458227844832342
6.458227844832342
6.455404451841538
6.455404451841538
6.301248066416789
6.301247133728914
6.129603799611284
6.129603799611284
6.129603799611284
6.092104995382422
6.092104995382422
6.092104995382422
6.092078252798222
6.090744291715624
6.000535675752352
5.8747060111158556
5.8747060111158556
5.8747060111158556
5.8747060111158556
5.8747060111158556
5.8733109179376894
5.8733109179376894
5.8733109179376894
5.870831432910647
5.856419694876781
5.855319736067096
5.855319736067096
5.855319736067096
5.855319736067096
5.7429635567447805
5.7429635567447805
5.7429635567447805
5.7429635567447805
5.730451727846973
5.730451727846973
5.730451727846973
5.730451727846973
5.730451727846973
5.70499084459631
5.7048694293099285
5.7048694293099285
5.704792000053748
5.6812642085683835
5.6812642085683835
5.6812642085683835
5.659661699357577
5.642866444675214
5.435872727174884
5.435872727174884
5.435872727174884
5.435744364684501
5.435744364684501
5.403867192104111
5.403867192104111
5.403867192104111
5.375997210890948
5.375997210890948
5.365795043338756
5.331146932882175
5.331146932882175
5.331146932882175
5.331146932882175
5.331146932882175
5.331146932882175
5.331146932882175
5.331146932882175
5.2987106009395175
5.2987106009395175
5.2987106009395175
5.2987106009395175
5.296058850094229
5.296058850094229
5.243683606638453
5.243683606638453
5.243683606638453
5.243683606638453
5.243683606638453
5.242495326454341
5.242495326454341
5.242495326454341
5.242495326454341
5.239414223463267
5.239414223463267
5.229298303417924
5.227788759384712
5.227364836984699
5.227364836984699
5.227364836984699
5.227364836984699
5.227364836984699
5.227364836984699
5.227364836984699
5.227364836984699
5.227364836984699
5.227364836984699
5.227364836984699
5.227364836984699
5.227364836984699
5.227364836984699
5.227364836984699
5.227364836984699
5.227364836984699
5.227336515127739
5.227336515127739
5.227336515127739
5.227336515127739
5.227336515127739
5.227336515127739
5.21438084449034
5.21438084449034
5.21438084449034
5.21438084449034
5.2100261481436485
5.2100261481436485
5.2100261481436485
5.2100261481436485
5.2100261481436485
5.201820192502996
5.135226992846435
5.135226992846435
5.135226992846435
5.135226992846435
5.135173409818603
5.135173409818603
5.135173409818603
5.135173409818603
5.134178265516072
5.134178265516072
5.134178265516072
5.134178265516072
5.134178265516072
5.134178265516072
5.1341549786386125
5.1341549786386125
5.133524189835108
5.13159370348093
5.13159370348093
5.13159370348093
5.13159370348093
5.079845863261553
5.079845863261553
5.079845863261553
5.079757020864641
5.07927539064702
5.0789813861224715
5.001265432249316
5.000217734051765
4.861360688415666
4.861360688415666
4.861360688415666
4.861360688415666
4.861360688415666
4.858718791922336
4.858661835520377
4.858661835520377
4.858661835520377
4.858661835520377
4.858590706217133
4.858583208775153
4.854472329110106
4.854472329110106
4.854472329110106
4.854472329110106
4.854472329110106
4.854472329110106
4.854472329110106
4.854472329110106
4.854472329110106
4.854472329110106
4.854472329110106
4.854472329110106
4.848387087545457
4.848241908984843
4.848241908984843
4.848229019779607
4.841234656120659
4.841234656120659
4.841234656120659
4.841234656120659
4.841234656120659
4.841234656120659
4.841234656120659
4.841234656120659
4.841234656120659
4.841234656120659
4.841229912850258
4.841229912850258
4.841229912850258
4.841229912850258
4.841229912850258
4.841229912850258
4.841229912850258
4.841229912850258
4.841229912850258
4.841229912850258
4.841229912850258
4.841229912850258
4.841229912850258
4.8254489524360205
4.825447615986691
4.825447615986691
4.823155020559123
4.823155020559123
4.823155020559123
4.823155020559123
4.823155020559123
4.823155020559123
4.790003171353399
4.790003171353399
4.790003171353399
4.790003171353399
4.790003171353399
4.7899445304144805
4.7899445304144805
4.7899445304144805
4.7899445304144805
4.7899445304144805
4.7899445304144805
4.7899445304144805
4.7899445304144805
4.7899445304144805
4.7899445304144805
4.78163305732835
4.78163305732835
4.78163305732835
4.78163305732835
4.78163305732835
4.78163305732835
4.78163305732835
4.78163305732835
4.78163305732835
4.781519609763015
4.781519609763015
4.781519609763015
4.781519609763015
4.778927352473121
4.778927352473121
4.778927352473121
4.778926938074877
4.778926938074877
4.778926938074877
4.778926938074877
4.778926938074877
4.778926938074877
4.778926938074877
4.778926938074877
4.778926938074877
4.585422469946002
4.567981869644389
4.567981869644389
4.567981869644389
4.567981869644389
4.567981869644389
4.466194999854074
4.466194999854074
4.466194999854074
4.466164095662562
4.466164095662562
4.466164095662562
4.466164095662562
4.466164095662562
4.466164095662562
4.466164095662562
4.446219905299694
4.362825920416757
4.362825920416757
4.362825920416757
4.362825920416757
4.362825920416757
4.362825920416757
4.2803512238295935
4.2803512238295935
4.2803512238295935
4.2803512238295935
4.2803512238295935
4.2803512238295935
4.2803512238295935
4.2803512238295935
4.2803512238295935
4.2803512238295935
4.2803512238295935
4.280321067668298
4.280312474165919
4.280312474165919
4.277267835994058
4.271406718670471
4.270514156703141
4.270514156703141
4.2643510412065355
4.264328439643487
4.264328439643487
4.264276484204837
4.264276484204837
4.264276484204837
4.264276484204837
4.264276484204837
4.264276484204837
4.260950058698295
4.260950058698295
4.222436226232517
4.222436226232517
4.222436226232517
4.222436226232517
4.222436226232517
4.222321896638737
4.222321896638737
4.222321896638737
4.222321896638737
4.222321896638737
4.222321896638737
4.222321896638737
4.222321896638737
4.222321896638737
4.222321896638737
4.220540441778827
4.220540441778827
4.220537314050848
4.220537314050848
4.220537314050848
4.220537314050848
4.220537314050848
4.220537314050848
4.220537314050848
4.203333565735725
4.203333565735725
4.203319679411394
4.185271910463448
4.185271910463448
4.185227418255582
4.185227418255582
4.185227418255582
4.185227418255582
4.185227418255582
4.185227418255582
4.184253206140753
4.183497334061547
4.183497334061547
4.183497334061547
4.183497334061547
4.183474725585558
4.183474725585558
4.183474725585558
4.183474725585558
4.183474725585558
4.183474725585558
4.159043962441737
4.159043962441737
4.159043962441737
4.159043962441737
4.125113419594184
4.125113419594184
4.125112901458995
4.124979338681477
4.124979338681477
4.124979338681477
4.1247248967617605
4.1247248967617605
4.11707336802664
4.11707336802664
4.11707336802664
4.11707336802664
4.116950604899866
4.116950604899866
4.116950604899866
4.116938068005811
4.116918768085393
4.116918768085393
4.106880956953566
4.106880956953566
4.106880956953566
4.106880956953566
4.106880956953566
4.106880956953566
4.106880956953566
4.106880956953566
4.10684840554696
4.10684840554696
4.10684840554696
4.10684840554696
4.106686820360437
4.102901130374031
4.102901130374031
4.102901130374031
4.102901130374031
4.102901130374031
4.102898929348549
4.102898929348549
4.102638026161793
4.102638026161793
4.102638026161793
4.102638026161793
4.102638026161793
4.102638026161793
4.102638026161793
4.102638026161793
4.102638026161793
4.102638026161793
4.102638026161793
4.1026354168468355
4.089525934865854
4.089525934865854
4.089525934865854
4.088954636829853
4.088392858019897
4.088392858019897
3.838269469392441
3.83809299810913
3.825438522239739
3.824256946772121
3.824256946772121
3.411892892761011
3.411892892761011
3.41111515879232
3.3868546232467986
3.386471294072617
3.386471294072617
3.377088438762963
3.1590644207794796
3.149687391797881
3.1495986264749876
3.1495986264749876
3.147421799500081
3.147421799500081
3.147421799500081
3.147421799500081
3.147421799500081
3.147421799500081
3.147421799500081
3.1457835613831504
3.144955829153284
3.144955829153284
3.144955829153284
3.144955829153284
3.04906959196919
3.04906959196919
3.04906959196919
2.927130365965302
2.9259887211867577
2.538640097469162
2.538640097469162
2.5386155966136124
2.5386155966136124
2.538535229561441
2.538535229561441
2.538535229561441
2.52155783009303
2.52155783009303
2.52155783009303
2.52155783009303
2.5181603916272848
2.518157773496955
2.5116474728843343
2.5116474728843343
2.5116474728843343
2.5116474728843343
2.51163795811426
2.509700183054238
2.5096552734516355
2.5096552734516355
2.5096552734516355
2.5096552734516355
2.5096552734516355
2.5096552734516355
2.5096552734516355
2.5096552734516355
2.5096552734516355
2.509255750452241
2.509255750452241
2.50731306081666
2.50731306081666
2.50731306081666
2.50731306081666
