1910587.0464882702
1910587.0464882702
1910587.0464882702
1736485.8389485176
1736485.8389485176
1387720.404281531
1239385.6164899217
1200791.6666973617
1192030.87003033
1185288.3344245697
1171058.1259074174
1131747.3525445727
1131747.3525445727
1020197.1930171014
1018684.8399474656
886670.256544299
886670.256544299
886670.256544299
858923.248123615
848967.6732569624
840030.688678964
800799.5193005337
738002.9029234305
726086.5546514613
512054.82132843684
508959.2255843906
113046.78536385912
112422.91799920499
107434.35755742414
106743.36546118167
106743.36546118167
106184.86863617864
106184.86863617864
106166.97392544542
105457.31610070674
100781.2147446866
100781.2147446866
100781.2147446866
100781.2147446866
100781.2147446866
68464.6872974295
54941.411501290335
54941.411501290335
54941.411501290335
44523.87536095246
24634.52706605303
19633.384435471344
19633.384435471344
18705.810154593673
13860.04915766175
13204.708680705351
13202.20319831668
12863.814044429135
12863.814044429135
12643.184365597199
6257.561773928768
5433.293432430994
5433.293432430994
5299.93671667484
5299.93671667484
5299.93671667484
5299.93671667484
5299.93671667484
5299.93671667484
4743.274696693219
4743.274696693219
4652.927688376434
3733.243488553174
3733.243488553174
3709.584664839727
3678.6239448086594
3678.6239448086594
3678.6239448086594
3608.915579328848
3608.915579328848
3379.954768640692
3379.567350063623
2789.221281979428
2789.221281979428
2729.2377789236207
2169.544358117904
2169.120115727902
1922.3324979764704
1900.6927927943118
1889.3458154881387
1889.3458154881387
1796.020342279673
1796.020342279673
1796.020342279673
1747.1897253175252
1747.1897253175252
1739.0965792395316
1737.387041479355
1628.9379596665756
1628.9379596665756
1297.303665043075
1296.6546670414384
1204.653110981185
1203.8088553952875
1061.1667741833185
1042.4021103402465
1042.4021103402465
1020.9802706507536
831.2920143433357
831.2920143433357
791.0290977855082
780.0224983444912
720.7710749574512
720.6310026690927
720.6310026690927
718.710834803519
705.1176319147244
699.2835437329352
699.2835437329352
698.7741798971344
698.0780400445515
693.1068434911878
691.2515768902657
649.1439909427303
649.1439909427303
509.1427665353326
509.1427665353326
509.1427665353326
459.64584675181936
459.64584675181936
459.64584675181936
456.65754261692734
352.90181586521044
348.56707771138184
315.93254498121337
315.93254498121337
315.2550077352097
315.2550077352097
315.2550077352097
315.2550077352097
315.0771247805564
315.0771247805564
314.9808716464056
314.9808716464056
288.428126413612
265.304860755446
254.9689949913953
243.20843466741488
243.20843466741488
243.20843466741488
243.20843466741488
243.20843466741488
221.40404797507384
221.40404797507384
221.40404797507384
219.99997907482864
218.56793361164515
218.56793361164515
167.114351314649
164.77572994642208
164.77572994642208
164.77572994642208
160.09494186160862
160.09494186160862
159.7362626855897
159.7362626855897
146.26207657354365
145.47774451068224
145.47774451068224
145.43678666337945
145.43678666337945
144.66493356266363
144.66493356266363
144.66493356266363
144.66493356266363
143.887734214741
143.52303901675285
143.52303901675285
143.52303901675285
100.29861058473573
100.29861058473573
100.29861058473573
100.29861058473573
100.29861058473573
100.131174935115
97.54920637276933
97.54920637276933
95.59363268352226
95.12147835033805
95.12147835033805
95.12147835033805
95.12147835033805
95.12147835033805
95.12147835033805
91.26234951056084
84.79036740105404
81.77637066167563
80.18869351326725
80.08767095720803
80.05209153195987
80.05209153195987
80.05209153195987
80.05209153195987
80.05209153195987
80.05209153195987
80.05209153195987
80.05209153195987
80.05209153195987
78.79744061990529
78.79744061990529
78.79744061990529
78.79744061990529
78.79744061990529
78.79744061990529
78.79744061990529
78.71852868240217
78.71852868240217
78.71852868240217
78.71852868240217
78.71852868240217
78.71082336637755
76.9796787328862
73.50228150442513
73.50228150442513
73.50228150442513
73.50228150442513
73.50228150442513
73.27577562364438
73.27577562364438
73.27577562364438
73.27577562364438
73.27577562364438
73.2000009082955
73.2000009082955
70.71257782795529
70.71257782795529
70.71257782795529
70.71257782795529
70.71257782795529
70.71257782795529
69.43557381198758
69.43557381198758
69.43557381198758
69.43557381198758
69.43557381198758
69.43557381198758
69.43557381198758
69.43557381198758
69.43557381198758
69.43557381198758
69.43557381198758
69.43557381198758
69.43557381198758
69.43557381198758
69.43557381198758
67.55828800648239
67.41565841711207
67.41565841711207
67.41565841711207
67.41565841711207
67.41565841711207
67.17601240130375
67.17601240130375
67.17601240130375
51.39384131733794
49.9668546075594
49.9668546075594
49.9668546075594
48.767879952437085
48.767879952437085
48.70912586189358
48.70912586189358
48.70912586189358
48.70912586189358
48.70912586189358
47.35332991534454
47.35332991534454
47.35332991534454
47.35332991534454
47.35332991534454
47.35332991534454
47.35332991534454
47.35332991534454
47.35332991534454
47.156966033556785
46.31905137228881
46.31905137228881
46.31905137228881
46.31905137228881
45.98258518284831
45.98258518284831
45.54919330862239
45.54919330862239
45.54919330862239
45.48365966433185
45.48365966433185
45.268829951112096
45.268829951112096
45.268829951112096
45.268829951112096
45.268829951112096
44.99523446971881
43.81495012901286
43.54564719613681
43.53082371113697
43.53082371113697
43.53082371113697
43.53082371113697
43.53082371113697
43.53082371113697
43.53082371113697
43.266563891223065
43.266563891223065
43.266563891223065
43.266563891223065
43.22881965119043
43.22881965119043
43.22881965119043
43.22881965119043
43.22753675448666
43.22753675448666
43.22753675448666
43.22753675448666
43.21073239266818
43.21073239266818
43.21073239266818
43.21073239266818
43.21073239266818
43.20832076365504
43.20832076365504
43.20832076365504
43.20832076365504
42.95478752778042
42.91243847178797
42.91243847178797
42.36154639234127
42.36154639234127
42.06360553669092
41.33085807990554
41.241400923001805
41.211662109060775
41.1995324030934
41.1995324030934
41.1995324030934
41.1995324030934
41.1995324030934
41.1995324030934
41.1995324030934
41.14046241934629
41.14046241934629
41.14046241934629
41.14046241934629
41.14046241934629
41.12956428304241
41.12956428304241
41.12375118752722
41.02042120854189
41.02042120854189
41.02042120854189
41.02042120854189
34.96094060612372
34.96094060612372
34.94357842283345
34.94357842283345
34.94357842283345
34.94357842283345
34.94357842283345
34.93384736809064
34.93384736809064
34.93384736809064
34.93384736809064
34.93384736809064
34.93384736809064
34.93384736809064
34.93384736809064
34.93384736809064
34.93384736809064
34.93384736809064
34.93384736809064
33.817355621853984
33.817355621853984
33.817355621853984
33.76354713796442
33.76354713796442
33.74333366633454
33.74333366633454
33.74333366633454
33.74333366633454
33.731322241100216
33.731322241100216
33.731322241100216
33.72928140431057
33.72928140431057
33.72928140431057
33.728819790407414
33.728819790407414
33.728819790407414
33.728819790407414
33.728819790407414
33.728819790407414
33.728819790407414
33.728819790407414
33.71454559112006
33.71454559112006
33.71454559112006
33.71454559112006
33.71454559112006
33.711443563468826
33.711443563468826
33.711443563468826
33.707285434796994
33.68629618892777
33.66314094142736
33.66314094142736
33.66314094142736
33.66314094142736
33.66314094142736
33.66314094142736
33.66314094142736
33.66314094142736
33.66314094142736
32.56962231320516
32.56962231320516
32.540591158568155
32.540591158568155
32.540591158568155
32.540591158568155
32.486290784218404
32.486290784218404
32.486290784218404
32.486290784218404
32.486290784218404
32.486290784218404
32.486290784218404
32.486290784218404
32.486290784218404
32.39370288637822
32.39370288637822
32.39370288637822
32.39370288637822
32.39370288637822
32.39370288637822
32.39370288637822
32.39370288637822
32.39370288637822
32.39370288637822
32.39369219209378
32.39369219209378
32.39369219209378
32.39369219209378
32.39369219209378
32.362103695855474
32.336103311681
32.336103311681
32.2395604201772
32.2395604201772
32.2395604201772
32.2395604201772
32.22570649734547
32.22570649734547
32.22570649734547
32.22570649734547
32.19816641965295
32.02471594564547
32.02471594564547
32.02471594564547
32.02425648844795
31.931280395216817
31.926174276636516
31.926174276636516
31.926174276636516
31.926174276636516
31.926174276636516
31.926174276636516
31.926174276636516
31.926174276636516
31.926174276636516
31.926174276636516
31.926174276636516
31.926174276636516
31.925841386612078
31.925841386612078
31.845409790415747
31.845409790415747
31.845409790415747
31.845409790415747
31.845074274004844
31.845074274004844
31.845074274004844
31.845074274004844
31.845074274004844
31.845074274004844
31.845074274004844
31.825479218981698
31.825479218981698
31.825479218981698
31.825479218981698
31.825479218981698
31.825479218981698
31.825479218981698
31.82183561207499
31.82183561207499
31.82139295808966
31.81897807714068
31.81897807714068
31.81897807714068
31.81897807714068
31.81897807714068
31.81897807714068
31.81897807714068
31.81897807714068
31.81897807714068
31.81897807714068
31.81897807714068
31.81897807714068
31.81897807714068
31.81897807714068
31.81897807714068
31.81897807714068
31.79881032919471
31.796468230486823
31.796468230486823
31.796468230486823
31.796468230486823
31.796468230486823
31.793850246691918
31.787543761772554
31.786090726384366
31.786090726384366
31.786090726384366
31.786090726384366
31.786090726384366
31.782721078185745
31.782721078185745
31.767145185057032
31.767145185057032
31.767145185057032
31.757258376684327
31.757258376684327
31.757258376684327
31.757258376684327
31.757258376684327
31.753734656557654
31.753734656557654
31.753734656557654
31.753734656557654
31.753734656557654
31.753734656557654
31.753734656557654
31.75186077465162
31.75186077465162
31.738807579788293
31.738554199465927
31.738554199465927
31.738554199465927
31.738311024286215
31.738311024286215
31.738311024286215
31.738311024286215
31.738311024286215
31.738311024286215
31.738311024286215
31.718043138898558
31.718043138898558
31.718043138898558
31.718043138898558
31.718043138898558
30.58288430570651
30.58288430570651
30.547600670861712
30.527834478310666
30.446255292046366
30.440792390852973
30.440792390852973
30.440792390852973
30.440367988385045
30.440367988385045
30.440367988385045
30.440367988385045
30.439234006205037
30.439234006205037
30.439234006205037
30.439234006205037
30.438424330779483
30.361148072001352
30.359815085476892
30.359815085476892
30.35109775886563
30.35109775886563
30.33810238921573
30.33810238921573
30.33810238921573
30.329322956503567
30.3256366625819
30.3256366625819
30.31024197554274
30.31024197554274
30.291749469248987
30.29083707305426
30.29083707305426
30.29083707305426
30.29083707305426
30.29083707305426
30.29083707305426
30.29083707305426
30.29083707305426
30.29083707305426
30.28763690970948
30.28763690970948
30.28763690970948
30.28763690970948
30.28756372690432
30.28756372690432
30.28756372690432
30.28756372690432
30.28756372690432
14.40751951896377
14.40751951896377
14.407123476562177
14.407123476562177
14.406506126653252
14.406317440119558
14.406317440119558
14.392978030411129
14.392608823535735
14.392608823535735
14.392608823535735
14.39257042425075
14.39257042425075
14.39257042425075
14.39257042425075
14.39257042425075
14.39257042425075
14.39257042425075
14.391545294025079
14.391545294025079
14.391545294025079
14.391545294025079
14.386706933130771
14.386661014941978
14.386572578516756
14.386572578516756
14.386572578516756
14.385790011955159
14.385790011955159
14.377913607366889
14.377913607366889
14.377913607366889
14.371913267119837
14.371913267119837
14.371913267119837
14.371913267119837
14.365409258700076
14.365409258700076
14.365409258700076
14.365409258700076
14.359333280741623
14.359333280741623
14.359333280741623
14.359333280741623
14.353023390636618
14.353023390636618
14.353011839998867
13.326062026786717
13.326062026786717
13.325140245232715
13.325140245232715
13.325140245232715
13.325140245232715
13.325140245232715
13.325140245232715
13.325140245232715
13.325140245232715
13.324869845658364
13.324869845658364
13.324869845658364
13.324869845658364
13.324869845658364
13.324869845658364
13.280632028777562
13.280632028777562
13.280632028777562
13.280632028777562
13.278647272650264
13.278647272650264
13.278647272650264
13.277314672922778
13.277314672922778
13.277314672922778
13.277314672922778
13.277314672922778
13.277314672922778
13.277314672922778
13.277314672922778
13.277314672922778
13.277190725205484
13.277188960777497
13.277188960777497
13.277090261304945
13.263726524483388
13.263726524483388
13.263726524483388
13.263726524483388
13.263726524483388
13.26371547534924
13.26371547534924
13.26371547534924
13.26371547534924
13.26371547534924
13.26360468901319
13.26360468901319
13.26360468901319
13.26360468901319
13.26360468901319
13.263113141078874
13.26271219768454
13.26271219768454
13.260436802601946
13.25921914075941
13.25921914075941
13.25921914075941
13.258621586016005
13.258501775408737
13.258501775408737
13.258501775408737
13.258501775408737
13.258348432501785
13.258211699066761
13.258211699066761
13.258211699066761
13.258211699066761
13.258125027012404
13.258125027012404
13.257527886160327
13.257527886160327
13.25740840725283
13.254367098602605
13.254367098602605
13.254367098602605
13.254367098602605
13.254367098602605
13.251515974057062
13.25145192287766
13.250162488083223
13.250162488083223
13.250162488083223
13.249633839482511
13.248678085194458
13.248678085194458
13.247964949725183
13.18279347690249
13.18278633274209
13.18278633274209
13.181674437124077
13.18165385902619
13.180689142589626
13.180689142589626
13.18066278166304
13.180182860230206
13.180182860230206
13.180182860230206
13.176914349848998
13.176914349848998
13.176903403765325
13.176903403765325
13.176903403765325
13.176733708951453
13.176733708951453
13.176733708951453
13.176733708951453
12.999530589902406
12.999478773531495
12.99930042890728
12.99930042890728
12.991868868695223
12.991868868695223
12.991868868695223
12.991868868695223
12.991868868695223
12.991868868695223
12.991868868695223
12.991868868695223
12.99186118765066
12.99186118765066
12.99186118765066
12.99186118765066
12.99186118765066
12.99186118765066
12.99186118765066
12.99186118765066
12.991807865761055
12.991807865761055
12.991705906271573
12.991705906271573
12.989309560286811
12.989309560286811
12.98928746171682
12.989020848784467
12.989020848784467
12.989020848784467
12.989013119279896
12.989013119279896
12.989013119279896
12.989013119279896
12.989013119279896
12.989013119279896
12.989013119279896
12.989013119279896
12.989013119279896
12.98890237478142
12.98890237478142
12.98866998454439
12.981656457960915
12.981656457960915
12.981656457960915
12.981656457960915
12.981466175929015
12.981466175929015
12.981459095096467
12.98143905520699
12.981438910087727
12.981438910087727
12.981438910087727
12.981438910087727
12.981438910087727
12.981438910087727
12.981372934781461
12.981372934781461
12.981372934781461
12.981372934781461
12.98070943293733
12.980707043467252
12.980431468830561
12.980431468830561
12.980431468830561
12.970279746021406
12.970279746021406
12.970279746021406
12.970279746021406
12.970239531425277
12.96777316773761
12.96777316773761
12.96777316773761
12.96777316773761
12.96777316773761
12.96777316773761
12.96777316773761
12.967635539279044
12.967632729191887
12.966619410988693
12.966619410988693
12.966619410988693
12.966619410988693
12.966304615530136
12.965791000819813
12.965791000819813
12.965791000819813
12.965663386733512
12.965663386733512
12.965663386733512
12.965626334661028
12.965560412751103
12.965560412751103
12.965560412751103
12.965560412751103
12.965560412751103
12.965560412751103
12.96555900339877
12.965558176538051
12.959958844127193
12.959958844127193
12.959958844127193
12.959958844127193
12.959958844127193
12.959908009381705
12.959908009381705
12.95990799050784
12.95990799050784
12.95990799050784
12.959876719215478
12.959764145539783
12.959764145539783
12.959764145539783
12.959759141652585
12.959759141652585
12.959107580949082
12.959107580949082
12.959107580949082
12.959097620639763
12.959097620639763
12.959097547813395
12.958176306762933
12.958176306762933
12.958176306762933
12.958172200945075
12.953936200420308
12.953936200420308
12.953909304190692
12.953909304190692
12.953909299872612
12.953896152976762
12.95389203170976
12.95389203170976
12.95389203170976
12.95381729894271
12.953790292354832
12.953790292354832
12.95376198746061
12.95376198746061
12.953212380437128
12.953212380437128
12.953212380437128
12.953212380437128
12.953212380437128
12.953212380437128
12.94889751942685
12.94889751942685
12.94889751942685
12.94889751942685
12.94889751942685
12.946656571458801
12.946656571458801
12.946656571458801
12.946656571458801
12.946656571458801
12.946656571458801
12.946654684440313
12.946654684440313
12.946654654936122
12.946654654936122
12.94665372434229
12.94665372434229
12.946638836245015
12.9463151292478
12.9463151292478
12.881987961894508
12.881983914091691
12.881504421061187
12.881441150274545
12.881410411109073
12.881410411109073
12.881342238790197
12.881287700174783
12.881287700174783
12.881287700174783
12.881287700174783
12.881287700174783
12.881285134561697
12.881285134561697
12.881285134561697
12.880469251644106
12.880459883768467
12.880459883768467
12.880439567912727
12.880439567912727
12.880221645226904
12.880120225333224
12.880120225333224
12.87973721829197
12.877690036581894
12.877690036581894
12.877690036581894
12.877690036581894
12.877690036581894
12.877690036581894
12.874355518884364
12.87433820340789
12.874334380831801
12.874317966008489
12.874317966008489
12.874317966008489
12.874317966008489
12.87418772733977
12.874116454711514
12.874116454711514
12.874098666463937
12.874098666463937
12.874098666463937
12.8703609644938
12.8703609644938
12.8703609644938
12.8703609644938
12.870358375066226
12.870195004777877
12.870159295335002
12.870156178410129
12.870143930348412
12.870143930348412
12.870143930348412
12.862298418189333
12.862298418189333
11.468388287358216
11.46838743122378
11.46838743122378
11.46838743122378
11.467597237007205
11.467597191027117
11.259935531948308
11.259935531948308
11.259924833526107
11.25992398474089
11.259921627922594
11.259905984658946
11.074614020983645
11.074614020983645
