76092.53300713608
72830.35792111995
68688.22016911706
67732.28432960939
59304.766491630166
58980.88953041027
56673.8485516019
55863.11613371801
55164.58947600517
55164.58947600517
48898.18463085339
47684.82624174164
44490.902265298406
42073.59284632496
42069.79124425839
39935.189683098906
36846.63722056165
33849.92147149239
32659.202777599414
32659.202777599414
32326.580537299065
30934.778601075668
23382.674475533673
23382.674475533673
22764.513920617737
22764.513920617737
18919.927356494758
18907.294611343994
18907.294611343994
18907.294611343994
18890.97018516931
16367.378080257331
16160.03540233335
16160.03540233335
13220.42188077853
12806.298581404088
12570.18353587655
12263.00764489226
12263.00764489226
12263.00764489226
12239.80152779375
12234.443570937243
11997.263980863907
5429.439383957131
5429.439383957131
5429.439383957131
5429.439383957131
5420.40763128051
5419.835072973416
5419.835072973416
5419.835072973416
5419.835072973416
4615.5359110228665
3595.969312824367
2274.8699470542715
2274.8699470542715
2274.501586121518
2274.501586121518
2273.911318731613
2210.2746349472764
1607.5141547430762
1607.5141547430762
1607.5141547430762
1498.0188570997907
1498.0188570997907
1479.376797825914
1428.510961193822
1275.427148557851
898.1880521858736
892.6043985981494
778.9595895115335
776.6329044516814
762.1400608582925
611.1446705228036
576.954674239494
569.6339402758774
522.7839837623463
522.7839837623463
522.6600886348808
511.4264364947333
501.51232214309266
481.72480694612545
462.2607887420958
461.38716526850754
354.10901681268024
353.9762188128048
260.3535382388865
257.25368457214427
233.80103369640898
108.96728593162831
104.5654705819905
91.05460870189374
91.05460870189374
90.99928444392441
90.99928444392441
74.03541838590243
74.03541838590243
74.03541838590243
74.02234965388477
73.60095030434991
57.5105654410113
57.30463738899703
55.83651171340856
52.45309268564723
52.136333438827904
50.08356846152403
46.88861131354494
30.059265163982722
30.059265163982722
30.059265163982722
19.739780813366394
16.803865704155132
16.79480150761852
16.79480150761852
16.79480150761852
16.760960122588532
14.03468010116281
14.024766590232923
13.192828018205901
13.178155825334487
13.167821419912595
12.956245785384723
11.491457549276936
11.073390930357773
9.710100611191798
9.69191502268792
8.894031646523938
8.133495848163871
7.809730632423749
7.72508689287973
7.72508689287973
7.605398172190837
7.314935899325937
7.239935261986429
7.200147304221111
5.613982259155727
5.607531163593445
5.58639791386459
4.469957943753008
4.407253771307825
4.243835522051415
4.239335474774619
4.062157218264285
3.7773720394185357
3.7773720394185357
3.5307958484399484
2.4824287701332324
2.335762911663894
1.0395287609612938
1.0395287609612938
1.0395287609612938
1.03805320997956
1.03805320997956
1.034663841491399
1.0346611957433922
1.0345742276040562
1.0345742276040562
1.0291755412956127
0.429577243963175
0.4250404108736724
0.4250404108736724
0.4250404108736724
0.38921521209601756
0.3892059298300878
0.36124200103607895
0.3600181577756015
0.35995513033208626
0.35995513033208626
0.3595657948281961
0.3595657948281961
0.31867458413881833
0.31867458413881833
0.31867458413881833
0.22830196332284824
0.22661100566743683
0.22587922010354713
0.20364445005436027
0.20302701858140038
0.20211936610045086
0.2020224820733371
0.19692781697905154
0.19692649668508252
0.08699766624151989
0.07029185439020197
0.06763799719552724
0.06635507533724194
0.05996791956140191
0.05792536266978722
0.04996323129662571
0.04991006147311463
0.04991006147311463
0.04991006147311463
0.04991006147311463
0.041799989026654445
0.03783696289770771
0.037703232181880396
0.031647257590421446
0.031647257590421446
0.03125510511239835
0.026981310323843297
0.026930869411117542
0.026199095529345906
0.026199095529345906
0.026060602222278365
0.02397030685706223
0.015980009705311063
0.014979089576495306
0.014717924129930433
0.010390570683155416
0.01037979102229317
0.01037979102229317
0.008360392527547562
0.008360392527547562
0.008360392527547562
0.008162947218732253
0.008103544440908016
0.008103544440908016
0.008013474457381237
0.008013474457381237
0.006770601132655176
0.006449613261654202
0.005620292497359394
0.004699182505496819
0.004282579789725607
0.003368318531079747
0.003245043840314166
0.0027625001719881774
0.002747556980541261
0.002692659809534496
0.00269025262368589
0.0021521061651817337
0.0021521061651817337
0.0021268918898516157
0.002118711035743715
0.0011296038474725193
0.0010611986192727455
0.001060480154373032
0.0010124436326052312
0.001006599269759891
0.001006599269759891
0.001006599269759891
0.0010048950816162322
0.0008719807029620948
0.0008685095487856466
0.0008532653162158683
0.0007935243631472552
0.0005543331783851488
0.00034533324826160216
0.00034533324826160216
0.0003047363493992085
0.0003047363493992085
0.00028324532702872463
0.00028324532702872463
0.0002709484208736475
0.00021358482285896554
0.00020264806584486015
0.00020264806584486015
0.00020264806584486015
0.00019620174221599576
0.00019560865928063145
0.0001398839300905725
0.0001398839300905725
0.0001398839300905725
0.0001398839300905725
0.00011854369650827555
0.00011819968980438698
0.00011819968980438698
8.89004993491745e-05
8.737054570931705e-05
6.287762716191718e-05
6.287762716191718e-05
6.279140014983886e-05
5.147880825665825e-05
4.994976375375425e-05
3.495198591647861e-05
3.494515052684278e-05
3.311296499960834e-05
3.268902928857573e-05
3.268902928857573e-05
3.255205199384864e-05
3.255205199384864e-05
3.056308191989998e-05
3.050058537398348e-05
2.5344994257166476e-05
2.4574825856474795e-05
2.4574825856474795e-05
2.4547931835655313e-05
2.4547931835655313e-05
2.427739845087331e-05
2.3843606890420492e-05
2.3843606890420492e-05
2.229368033430957e-05
2.200375354247409e-05
2.200198261704045e-05
2.200198261704045e-05
1.707906866138413e-05
1.672615048014298e-05
1.650726470090583e-05
1.630118418089992e-05
1.343193180018716e-05
1.3008129774912318e-05
2.7911531638647043e-06
2.1135610924216143e-06
1.6718414785562083e-06
1.6718414785562083e-06
1.6718414785562083e-06
1.6690628294036512e-06
1.6690628294036512e-06
1.6690628294036512e-06
1.6566683758649758e-06
1.44237718990217e-06
1.44237718990217e-06
1.4423555327889868e-06
1.441955604598511e-06
1.4366829498624649e-06
1.4366829498624649e-06
1.4347333301536778e-06
1.4328304909874724e-06
1.2898085028611778e-06
1.278880661647971e-06
1.2775065189251662e-06
9.647134782913736e-07
9.518268317730024e-07
9.510062103229372e-07
9.510062103229372e-07
9.510062103229372e-07
4.0250199031775676e-07
3.9871732861194155e-07
3.463901540546212e-07
3.383278601809699e-07
3.383278601809699e-07
3.383278601809699e-07
3.383278601809699e-07
3.383278601809699e-07
3.383278601809699e-07
1.728037936396323e-07
1.7273551548146423e-07
1.723422938889886e-07
1.6453166160410297e-07
1.6453166160410297e-07
1.501963738720272e-07
1.4786799572794866e-07
1.335445886132402e-07
1.0445049414867434e-07
9.309376947936778e-08
9.284693315918508e-08
9.281933029359516e-08
9.281933029359516e-08
8.998236434585024e-08
8.998236434585024e-08
7.946278611344408e-08
7.306575781781069e-08
6.529007511336393e-08
5.228492868588566e-08
4.9198449498873067e-08
4.9198449498873067e-08
4.636725830614727e-08
4.610596685075282e-08
4.554623852489077e-08
3.195504039614018e-08
2.2778973876002546e-08
2.0159761155735233e-08
2.009419077627111e-08
2.0091413352259457e-08
1.99999271628719e-08
1.9469172293405373e-08
1.5551839140850506e-08
1.555139068653784e-08
1.5323345133677418e-08
1.3784751091746401e-08
1.1544923110350275e-08
1.1541598316797147e-08
1.1541598316797147e-08
9.992137610163166e-09
9.992137610163166e-09
6.436789095256348e-09
6.115370748953706e-09
5.403162777659403e-09
5.401717115090494e-09
5.3069468348955914e-09
5.013289689782327e-09
5.013289689782327e-09
4.490578896642346e-09
4.490578896642346e-09
4.1908470310658525e-09
4.1908470310658525e-09
4.020396357580757e-09
3.340493794220101e-09
3.340493794220101e-09
3.1251825449857955e-09
3.1251825449857955e-09
2.9272402604160477e-09
2.203248510472963e-09
2.193186246007515e-09
2.007398131641129e-09
8.813310887489072e-10
7.467429516184517e-10
7.464954947464587e-10
7.353716037308181e-10
7.353716037308181e-10
7.214885483652002e-10
7.196235551194905e-10
7.196235551194905e-10
7.179782463930732e-10
7.179782463930732e-10
6.765203085042562e-10
6.490938828880149e-10
4.782612015263951e-10
4.782612015263951e-10
4.107296793220718e-10
4.104656332255554e-10
4.0830420428881233e-10
2.3612161132445615e-10
2.3537870675893773e-10
2.3495459322090914e-10
2.2928819405344822e-10
2.2928819405344822e-10
1.3021837763495524e-10
1.3021837763495524e-10
1.1985655342108958e-10
1.1985655342108958e-10
1.197717355394146e-10
1.197717355394146e-10
1.1962971490065414e-10
8.77246913313895e-11
8.34364709158897e-11
8.34214863221344e-11
8.34214863221344e-11
5.3890881568878686e-11
5.3890881568878686e-11
4.4253114645207124e-11
4.424530266833204e-11
4.413006450217704e-11
4.4121076233226636e-11
4.412102174072445e-11
3.75026821420414e-11
3.75026821420414e-11
3.749542033726649e-11
3.749542033726649e-11
3.749542033726649e-11
3.415357177851921e-11
2.2802802661718347e-11
2.2504483987172284e-11
2.1898408860815242e-11
2.1888622394409145e-11
2.149869816647892e-11
2.1482929379481537e-11
2.1216817756770598e-11
1.9292432640279658e-11
1.9251880150704725e-11
1.9251880150704725e-11
1.9127626045345963e-11
1.4551651922823194e-11
1.4148470063747924e-11
1.3902322355002578e-11
6.87642693475753e-12
6.815234218646663e-12
5.91737263365949e-12
5.914747344034015e-12
4.368952170671098e-12
4.364112095482857e-12
4.245875242356689e-12
4.2308056811162875e-12
4.2308056811162875e-12
3.395749632303466e-12
3.3952593747928683e-12
3.334451665602554e-12
3.2747319865223812e-12
3.028620972453836e-12
3.025407563299524e-12
3.025407563299524e-12
2.9557279043578346e-12
2.9557279043578346e-12
2.21473672281917e-12
2.21473672281917e-12
1.9331924417129916e-12
1.9331924417129916e-12
1.9232844852849097e-12
1.893399595719069e-12
1.893399595719069e-12
1.8863873172278324e-12
1.8863873172278324e-12
1.882868134426629e-12
1.823246606208384e-12
8.988279874754614e-13
8.988279874754614e-13
8.983659691563263e-13
8.74504332905142e-13
8.74504332905142e-13
8.74504332905142e-13
8.74504332905142e-13
7.510590503087102e-13
7.481453786282588e-13
7.481453786282588e-13
4.4018643404053557e-13
4.1823998064924547e-13
4.1823998064924547e-13
4.1823998064924547e-13
2.298372065586576e-13
2.298372065586576e-13
2.298372065586576e-13
2.298372065586576e-13
2.265432539718117e-13
2.2044717660215842e-13
1.9566213194467123e-13
1.9337824668585314e-13
1.601127896299445e-13
1.601127896299445e-13
1.5461935239358875e-13
1.5461935239358875e-13
1.5461935239358875e-13
1.540778974948054e-13
1.2064919449495817e-13
1.2064919449495817e-13
9.972025772982203e-14
9.362221761067596e-14
9.277086629138244e-14
9.277086629138244e-14
9.277086629138244e-14
8.294158226720778e-14
8.276756978908996e-14
5.964393494264614e-14
5.964393494264614e-14
5.939040102882231e-14
5.760472645112362e-14
5.259316604345591e-14
5.213408822801744e-14
5.041469158483552e-14
4.953014814287111e-14
4.9185771523704864e-14
4.7543932170709914e-14
2.2201312771694547e-14
2.1943027805380527e-14
2.1943027805380527e-14
2.1943027805380527e-14
2.1943027805380527e-14
2.1943027805380527e-14
2.117497582345722e-14
1.9982733331607483e-14
1.9982733331607483e-14
1.5209615675889333e-14
1.5209615675889333e-14
1.0678227566885628e-14
1.0349980832187565e-14
1.0349980832187565e-14
9.679107091623664e-15
9.546123204283377e-15
9.546123204283377e-15
9.546123204283377e-15
9.043949661307515e-15
9.043949661307515e-15
8.884999537056667e-15
8.884999537056667e-15
6.1835696747969934e-15
6.1835696747969934e-15
6.1835696747969934e-15
6.1835696747969934e-15
5.834838991209303e-15
5.834838991209303e-15
5.834838991209303e-15
5.624745841323865e-15
5.624745841323865e-15
3.733982158652346e-15
3.5232569707652457e-15
3.5232569707652457e-15
3.4052849096536758e-15
3.4052849096536758e-15
2.718423943578812e-15
2.517180398614955e-15
2.2883144496137886e-15
2.2883144496137886e-15
2.2883144496137886e-15
2.2883144496137886e-15
1.778080511851796e-15
1.778080511851796e-15
1.6645640830214834e-15
1.6645640830214834e-15
1.6645640830214834e-15
1.5872729745161635e-15
1.582630462724319e-15
1.4224118931228532e-15
1.4224118931228532e-15
1.4224118931228532e-15
1.1148110393766795e-15
1.1148110393766795e-15
1.1148110393766795e-15
1.1148110393766795e-15
1.1148110393766795e-15
9.220446835413118e-16
9.220446835413118e-16
9.220446835413118e-16
9.220446835413118e-16
9.220446835413118e-16
9.220446835413118e-16
9.220446835413118e-16
9.220446835413118e-16
9.220446835413118e-16
9.220446835413118e-16
9.220446835413118e-16
9.220446835413118e-16
9.220446835413118e-16
9.220446835413118e-16
9.220446835413118e-16
9.220446835413118e-16
9.220446835413118e-16
9.220446835413118e-16
9.220446835413118e-16
9.220446835413118e-16
9.220446835413118e-16
9.220446835413118e-16
9.220446835413118e-16
9.220446835413118e-16
9.220446835413118e-16
9.220446835413118e-16
9.220446835413118e-16
9.220446835413118e-16
8.747809524763063e-16
8.747809524763063e-16
8.747809524763063e-16
8.747809524763063e-16
8.747809524763063e-16
8.747809524763063e-16
7.409388172759936e-16
7.409388172759936e-16
7.409388172759936e-16
7.409388172759936e-16
7.409388172759936e-16
7.409388172759936e-16
5.469312162765344e-16
5.469312162765344e-16
5.469312162765344e-16
5.469312162765344e-16
5.469312162765344e-16
5.469312162765344e-16
5.469312162765344e-16
5.469312162765344e-16
5.469312162765344e-16
5.469312162765344e-16
5.469312162765344e-16
5.469312162765344e-16
5.469312162765344e-16
5.469312162765344e-16
5.469312162765344e-16
5.469312162765344e-16
5.469312162765344e-16
5.469312162765344e-16
5.469312162765344e-16
5.469312162765344e-16
5.469312162765344e-16
5.469312162765344e-16
5.469312162765344e-16
5.469312162765344e-16
5.469312162765344e-16
5.469312162765344e-16
5.469312162765344e-16
5.469312162765344e-16
5.469312162765344e-16
5.469312162765344e-16
5.469312162765344e-16
5.469312162765344e-16
5.469312162765344e-16
5.469312162765344e-16
5.469312162765344e-16
5.469312162765344e-16
5.469312162765344e-16
5.469312162765344e-16
5.469312162765344e-16
5.469312162765344e-16
5.469312162765344e-16
5.469312162765344e-16
5.469312162765344e-16
5.469312162765344e-16
5.469312162765344e-16
5.469312162765344e-16
5.469312162765344e-16
5.469312162765344e-16
5.469312162765344e-16
5.469312162765344e-16
5.469312162765344e-16
5.469312162765344e-16
5.469312162765344e-16
5.469312162765344e-16
5.469312162765344e-16
5.469312162765344e-16
5.469312162765344e-16
5.469312162765344e-16
5.469312162765344e-16
5.469312162765344e-16
5.469312162765344e-16
5.469312162765344e-16
5.469312162765344e-16
5.469312162765344e-16
5.469312162765344e-16
5.469312162765344e-16
5.469312162765344e-16
5.469312162765344e-16
5.469312162765344e-16
5.469312162765344e-16
5.469312162765344e-16
5.469312162765344e-16
5.469312162765344e-16
5.469312162765344e-16
5.469312162765344e-16
5.469312162765344e-16
5.469312162765344e-16
5.469312162765344e-16
5.469312162765344e-16
5.469312162765344e-16
5.469312162765344e-16
5.469312162765344e-16
5.469312162765344e-16
5.469312162765344e-16
5.469312162765344e-16
5.469312162765344e-16
5.469312162765344e-16
5.469312162765344e-16
5.469312162765344e-16
5.469312162765344e-16
5.469312162765344e-16
5.469312162765344e-16
5.469312162765344e-16
5.469312162765344e-16
5.469312162765344e-16
5.469312162765344e-16
5.469312162765344e-16
5.469312162765344e-16
5.469312162765344e-16
5.469312162765344e-16
5.469312162765344e-16
5.469312162765344e-16
5.469312162765344e-16
5.469312162765344e-16
5.469312162765344e-16
5.469312162765344e-16
5.469312162765344e-16
5.469312162765344e-16
5.469312162765344e-16
5.469312162765344e-16
5.469312162765344e-16
5.469312162765344e-16
5.469312162765344e-16
5.469312162765344e-16
5.469312162765344e-16
5.469312162765344e-16
5.469312162765344e-16
5.469312162765344e-16
5.469312162765344e-16
5.469312162765344e-16
5.469312162765344e-16
5.469312162765344e-16
5.469312162765344e-16
5.469312162765344e-16
5.469312162765344e-16
5.469312162765344e-16
5.469312162765344e-16
5.469312162765344e-16
5.469312162765344e-16
5.469312162765344e-16
5.469312162765344e-16
5.469312162765344e-16
5.469312162765344e-16
5.469312162765344e-16
5.469312162765344e-16
5.469312162765344e-16
5.469312162765344e-16
5.469312162765344e-16
5.469312162765344e-16
5.469312162765344e-16
5.469312162765344e-16
5.469312162765344e-16
5.469312162765344e-16
5.469312162765344e-16
5.469312162765344e-16
5.469312162765344e-16
5.469312162765344e-16
5.469312162765344e-16
5.469312162765344e-16
5.469312162765344e-16
5.469312162765344e-16
5.469312162765344e-16
5.469312162765344e-16
5.469312162765344e-16
5.469312162765344e-16
5.469312162765344e-16
5.469312162765344e-16
5.469312162765344e-16
5.469312162765344e-16
5.469312162765344e-16
5.469312162765344e-16
5.469312162765344e-16
5.469312162765344e-16
5.469312162765344e-16
5.469312162765344e-16
5.469312162765344e-16
5.469312162765344e-16
5.469312162765344e-16
5.469312162765344e-16
5.469312162765344e-16
5.469312162765344e-16
5.469312162765344e-16
5.469312162765344e-16
5.469312162765344e-16
5.469312162765344e-16
5.469312162765344e-16
5.469312162765344e-16
5.469312162765344e-16
5.469312162765344e-16
5.469312162765344e-16
5.469312162765344e-16
5.469312162765344e-16
5.469312162765344e-16
5.469312162765344e-16
5.469312162765344e-16
5.469312162765344e-16
5.469312162765344e-16
5.469312162765344e-16
5.469312162765344e-16
5.469312162765344e-16
5.469312162765344e-16
5.469312162765344e-16
5.469312162765344e-16
5.469312162765344e-16
5.469312162765344e-16
5.469312162765344e-16
5.469312162765344e-16
5.469312162765344e-16
5.469312162765344e-16
5.469312162765344e-16
5.469312162765344e-16
5.469312162765344e-16
5.469312162765344e-16
5.469312162765344e-16
5.469312162765344e-16
5.469312162765344e-16
5.469312162765344e-16
5.469312162765344e-16
5.469312162765344e-16
5.469312162765344e-16
5.469312162765344e-16
5.469312162765344e-16
5.469312162765344e-16
5.469312162765344e-16
5.469312162765344e-16
5.469312162765344e-16
5.469312162765344e-16
5.469312162765344e-16
5.469312162765344e-16
5.469312162765344e-16
5.469312162765344e-16
5.469312162765344e-16
5.469312162765344e-16
5.469312162765344e-16
5.469312162765344e-16
5.469312162765344e-16
5.469312162765344e-16
5.469312162765344e-16
5.469312162765344e-16
5.469312162765344e-16
5.469312162765344e-16
5.469312162765344e-16
5.469312162765344e-16
5.469312162765344e-16
5.469312162765344e-16
5.469312162765344e-16
5.469312162765344e-16
5.469312162765344e-16
5.469312162765344e-16
5.469312162765344e-16
5.469312162765344e-16
5.469312162765344e-16
5.469312162765344e-16
5.469312162765344e-16
5.469312162765344e-16
5.469312162765344e-16
5.469312162765344e-16
5.469312162765344e-16
5.469312162765344e-16
5.469312162765344e-16
5.469312162765344e-16
5.469312162765344e-16
5.469312162765344e-16
5.469312162765344e-16
5.469312162765344e-16
5.469312162765344e-16
5.469312162765344e-16
5.469312162765344e-16
5.469312162765344e-16
5.469312162765344e-16
5.469312162765344e-16
5.469312162765344e-16
5.469312162765344e-16
5.469312162765344e-16
5.469312162765344e-16
5.469312162765344e-16
5.469312162765344e-16
5.469312162765344e-16
5.469312162765344e-16
5.469312162765344e-16
5.469312162765344e-16
5.469312162765344e-16
5.469312162765344e-16
5.469312162765344e-16
5.469312162765344e-16
5.469312162765344e-16
5.469312162765344e-16
5.469312162765344e-16
5.469312162765344e-16
5.469312162765344e-16
5.469312162765344e-16
5.469312162765344e-16
5.469312162765344e-16
5.469312162765344e-16
5.469312162765344e-16
5.469312162765344e-16
5.469312162765344e-16
5.469312162765344e-16
5.469312162765344e-16
5.469312162765344e-16
5.469312162765344e-16
5.469312162765344e-16
5.469312162765344e-16
5.469312162765344e-16
5.469312162765344e-16
5.469312162765344e-16
5.469312162765344e-16
5.469312162765344e-16
5.469312162765344e-16
5.469312162765344e-16
5.469312162765344e-16
5.469312162765344e-16
5.469312162765344e-16
5.469312162765344e-16
5.469312162765344e-16
5.469312162765344e-16
5.469312162765344e-16
5.469312162765344e-16
5.469312162765344e-16
5.469312162765344e-16
5.469312162765344e-16
5.469312162765344e-16
5.469312162765344e-16
5.469312162765344e-16
5.469312162765344e-16
5.469312162765344e-16
5.469312162765344e-16
5.469312162765344e-16
5.469312162765344e-16
5.469312162765344e-16
5.469312162765344e-16
5.469312162765344e-16
5.469312162765344e-16
5.469312162765344e-16
5.469312162765344e-16
5.469312162765344e-16
5.469312162765344e-16
5.469312162765344e-16
5.469312162765344e-16
5.469312162765344e-16
5.469312162765344e-16
5.469312162765344e-16
5.469312162765344e-16
5.469312162765344e-16
5.469312162765344e-16
5.469312162765344e-16
5.469312162765344e-16
5.469312162765344e-16
5.469312162765344e-16
5.469312162765344e-16
5.469312162765344e-16
5.469312162765344e-16
5.469312162765344e-16
5.469312162765344e-16
5.469312162765344e-16
5.469312162765344e-16
5.469312162765344e-16
5.469312162765344e-16
5.469312162765344e-16
5.469312162765344e-16
5.469312162765344e-16
5.469312162765344e-16
5.469312162765344e-16
5.469312162765344e-16
5.469312162765344e-16
5.469312162765344e-16
5.469312162765344e-16
5.469312162765344e-16
5.469312162765344e-16
5.469312162765344e-16
5.469312162765344e-16
5.469312162765344e-16
5.469312162765344e-16
5.469312162765344e-16
5.469312162765344e-16
5.469312162765344e-16
5.469312162765344e-16
5.469312162765344e-16
5.469312162765344e-16
5.469312162765344e-16
5.469312162765344e-16
5.469312162765344e-16
