9410.53999323136
9219.165619643623
9198.604318571575
9192.917673910655
8829.898330155884
8663.81526933586
8663.81526933586
8339.22494204071
8339.22494204071
8339.22494204071
8332.49331627497
8150.910313643031
8150.910313643031
8150.910313643031
7981.28419825675
7780.094966027884
7780.094966027884
7737.20099142963
7677.190820381727
7540.102763524695
7496.427767129047
7296.276121177341
7249.098409583661
7249.098409583661
7242.151960515942
6951.879322648922
6688.404072193542
6568.945196273872
6568.945196273872
6553.097207644289
6220.1872386949035
6210.075173176814
6142.509791057887
6079.598037216927
5888.539626776594
5888.539626776594
5545.3323706027
5545.3323706027
5544.907687477089
5528.682234060436
5434.342780945982
5255.770897141292
5255.770897141292
5255.770897141292
5042.690438251928
5003.716990339245
5003.716990339245
4950.813617438493
4950.813617438493
4950.813617438493
4950.273157825864
4950.273157825864
4559.738425570217
4559.738425570217
4501.46888434649
4327.791132996816
4282.479307802048
4282.479307802048
4282.479307802048
4282.479307802048
4238.317264936892
4204.580271457848
4133.225990450161
4072.5973249398685
4072.354242494286
4063.1047704909815
4063.1047704909815
4063.1047704909815
3908.6971643157704
3845.3390876306767
3845.3390876306767
3845.3390876306767
3816.348788839161
3605.9556944250635
3592.681210809589
3510.987265083688
3510.987265083688
3449.100943033365
3311.9353488035576
3311.9353488035576
3281.3881105685286
3046.428260187542
2900.955935606795
2900.955935606795
2819.5231749693667
2800.8824184066525
2800.8824184066525
2800.730541846462
2775.383860072119
2775.383860072119
2695.391006680047
2692.775060836544
2692.775060836544
2603.5934482509256
2491.1302670779623
2478.508922160094
2397.7826545079206
2397.7565864446406
2281.304676595366
2211.4639953733185
2197.4581228930547
2018.5116357187271
2018.5116357187271
1993.236464046753
1924.6539116452204
1922.1542965204462
1921.0623615683744
1873.6045028067274
1873.6045028067274
1766.9693242401445
1758.7282430307387
1758.7282430307387
1745.3215322600172
1700.9125353887139
1620.1593776105728
1620.1593776105728
1484.2807143278933
1484.2807143278933
1484.2807143278933
1317.4418353603542
1317.2762406953916
1314.12394170888
1314.12394170888
1314.12394170888
1234.4281140849816
1232.8650469098484
1199.4774857368302
1185.4913220595845
1185.4913220595845
1185.4913220595845
1154.1449500202234
1154.1449500202234
1029.3627734989932
990.9385648654988
990.9385648654988
967.467465780941
952.3932642785257
876.7297018849404
864.4764089696091
861.7878966832923
861.7878966832923
861.7808929068215
841.3917758168482
841.0805372419836
841.0805372419836
837.3881703764018
823.6393710783323
823.6393710783323
431.5030811860852
431.5030811860852
407.86556154896607
407.3575839450132
407.3308230030598
377.9910318390066
377.48621902836385
267.6198574878217
267.6198574878217
267.6198574878217
265.5555205386336
265.5555205386336
265.5555205386336
264.29400535484456
262.66958019009326
261.90912300126
259.36846131339735
259.36846131339735
259.36846131339735
254.2607318418177
251.85256024209957
251.85256024209957
250.11322519538226
241.49858373499228
241.49858373499228
240.84556437977153
240.84523438355427
240.84220549043675
240.84220549043675
240.84220549043675
240.007499611791
236.09769012391007
214.3141456074718
212.70703756189323
212.70703756189323
212.24401699775262
210.46661836354724
210.22193180561044
155.95112075538782
155.93568319782207
155.93568319782207
155.93568319782207
154.84694940578265
154.84694940578265
145.76902857375535
145.76902857375535
145.76144129810928
145.74493296589026
144.53252706040257
144.53252706040257
144.47542838025765
144.4274872441929
144.4274872441929
141.15439415097353
139.3246636954991
132.7766863670222
132.75025358192215
131.7355847503677
131.39241590348138
131.39241590348138
131.38611957174726
131.29118819739233
128.34093567947275
128.28450572445945
127.69031717232974
127.69031717232974
125.1302173537697
125.1266523363629
125.09733603217683
123.97171720226288
122.73333283858119
120.79725217193482
120.78850388445971
120.78656602596493
120.68484340698342
120.68445380351477
119.84831989059239
119.84399620919248
119.54017496794768
119.53779057704378
119.53758657257094
119.52499290896412
119.51788031652177
119.51788031652177
119.51542428946414
119.51542428946414
119.50346421908216
119.50248790831392
119.50248790831392
119.42959214204893
119.42957853037115
119.4184286293148
119.41838276242197
119.13890932596223
119.1134000470829
119.1134000470829
118.79989794404355
118.79798408841816
118.79798408841816
118.79790053404577
118.78686491916415
118.78683766393806
118.7289906376991
118.7289906376991
118.69670444504118
118.69169414934186
118.69086897136003
118.65051382741694
118.64974150704984
118.64973108942104
118.64973108942104
118.64941639608332
118.6213328774993
118.61753406699609
118.61191480588423
118.5600478715769
118.5600478715769
118.4843818777008
118.4843818777008
118.48335517052146
118.48330908818753
118.48330908818753
118.48057791201973
118.47098157251094
118.46860012939214
118.46860012939214
118.4681655487293
118.45611330061911
118.45611330061911
118.45610109860172
118.45477523691807
118.45477523691807
118.45477523049522
118.45462203235729
118.45441611107526
118.44882155857886
118.44789197065256
118.44787980397996
118.44777784033067
118.4467583660462
118.44674936884985
118.44674936884985
118.44674936884985
118.4467364981374
118.44637058404624
118.44637058404624
118.44636964658457
118.44631787134858
118.4461274103287
118.44608968067223
118.44608968067223
118.44607604149678
118.44606712962195
118.4447962640188
118.44247810297747
118.44247810297747
118.44247810297747
118.44247801824167
118.44247801824167
118.44247801824167
118.44235498446506
118.44235498446506
118.44226236046961
118.44057190599779
118.44057190599779
118.44049346004977
118.43940370544806
118.43940361279965
118.43940343383292
118.43940322305025
118.43916041549346
118.43915661225583
118.43915389454742
118.43915270353864
118.4391293202516
118.4391293202516
118.43911140286036
118.43903674942521
118.43872221726451
118.43872214808835
118.43872214808835
118.43872082458438
118.43870139731553
118.43870139731553
118.43870114308265
118.43870114308265
118.43870114308265
118.43869071136032
118.4386451952596
118.4386451952596
118.43864047457282
118.43846640534866
118.438466127629
118.43844982870723
118.43844893644746
118.43844557996636
118.43844557649209
118.4384454197425
118.43844541957515
118.43844324906604
118.43842596331706
118.4384257016045
118.4384257016045
118.4384257016045
118.43841021381377
118.43841021381377
118.43840788401758
118.43840788401758
118.43840272476518
118.43840269505381
118.4384023098919
118.43836215079318
118.43836215079318
118.43836215079318
118.43836215079318
118.43836215079318
118.43835987174134
118.43835726263023
118.43835712249529
118.43835711680367
118.43835711680367
118.43835637898337
118.43835637898337
118.43835637898337
118.43835362104073
118.43835362104073
118.43835084884995
118.43835059773846
118.43833935453586
118.43833892351176
118.43833892341718
118.43833892338444
118.43833891079703
118.43833891079703
118.43833891079703
118.43833855722914
118.43833853866454
118.43833853853721
118.43833842829554
118.43833842330605
118.43833825376896
118.43833825376896
118.43833825141155
118.43833825141155
118.43833785099014
118.43833760505913
118.43833715545952
118.43833592597912
118.43833591446491
118.43833565900059
118.43833561678002
118.43833561678002
118.43833560658095
118.4383355418413
118.43833553861805
118.43833553599325
118.43833548152543
118.43833546627502
118.43833544481276
118.4383351286142
118.43833512692254
118.43833512169476
118.43833511504272
118.4383351146189
118.43833489407734
118.43833489383724
118.4383348932115
118.43833489153803
118.43833489153803
118.43833489111967
118.43833488453856
118.43833488391283
118.43833488077689
118.43833487894881
118.43833479102796
118.43833479095156
118.43833478505076
118.43833478502893
118.43833478502893
118.43833477505541
118.43833468804769
118.43833467593322
118.43833467202239
118.4383346466584
118.4383346466584
118.43833464416275
118.43833464413365
118.43833464413365
118.43833464413365
118.43833464413365
118.43833464409909
118.43833464375348
118.43833464286581
118.43833464245108
118.43833464098134
118.43833464098134
118.4383346409686
118.43833464096679
118.43833462417206
118.43833462417206
118.4383346241575
118.4383346241575
118.43833462413568
118.43833462396105
118.438334623208
118.43833462081238
118.43833462080329
118.43833462077419
118.43833462077419
118.43833462077419
118.43833462077419
118.43833462073417
118.43833462073417
118.4383346206505
118.4383346206505
118.43833462062867
118.43833461893337
118.43833461853319
118.43833461838767
118.4383346183804
118.43833461591203
118.43833461591203
118.43833461591203
118.43833461591203
118.43833461562463
118.43833461562463
118.43833461562463
118.43833461562463
118.43833461562463
118.43833461562463
118.43833461562463
118.43833461562463
118.43833461561735
118.43833461519898
118.43833461519898
118.4383346151917
118.4383346151917
118.43833461517352
118.43833461517352
118.4383346150189
118.4383346150189
118.43833461501163
118.43833461501163
118.43833461501163
118.43833461501163
118.43833461482245
118.4383346145969
118.43833461459508
118.43833461456597
118.43833461456416
118.43833461456416
118.43833461456416
118.43833461456234
118.43833461456234
118.43833461456234
118.43833461456234
118.43833461456234
118.43833461456234
118.43833461456234
118.43833461456052
118.43833461454415
118.43833461454051
118.43833461453687
118.43833461453687
118.4383346145114
118.43833461450959
118.43833461450777
118.43833461450777
118.43833461450595
118.43833461448958
118.43833461448958
118.43833461448776
118.43833461448776
118.43833461448776
118.43833461448776
118.4383346144823
118.4383346144823
118.4383346144823
118.43833461447866
118.43833461447866
118.43833461446775
118.43833461446775
118.43833461446775
118.43833461446775
118.43833461446593
118.43833461446411
118.43833461446229
118.43833461445865
118.43833461445865
118.43833461445865
118.43833461445865
118.43833461445683
118.43833461445502
118.43833461445138
118.43833461445138
118.43833461445138
118.43833461445138
118.43833461445138
118.43833461445138
118.43833461445138
118.43833461444956
118.43833461444956
118.43833461444956
118.43833461444956
118.43833461444956
118.43833461444956
118.43833461444956
118.43833461444956
118.43833461444774
118.43833461444774
118.43833461444774
118.43833461444774
118.43833461444774
118.43833461444774
118.43833461444774
118.43833461444774
118.43833461444774
118.43833461444774
118.43833461444774
118.43833461444774
118.43833461444774
118.43833461444774
118.43833461444774
118.43833461444774
118.43833461444592
118.43833461444592
118.43833461444592
118.43833461444592
118.43833461444592
118.43833461444592
118.43833461444592
118.43833461444592
118.43833461444592
118.43833461444592
118.43833461444592
118.43833461444592
118.4383346144441
118.4383346144441
118.4383346144441
118.4383346144441
118.4383346144441
118.4383346144441
118.4383346144441
118.4383346144441
118.4383346144441
118.4383346144441
118.4383346144441
118.4383346144441
118.4383346144441
118.4383346144441
118.4383346144441
118.4383346144441
118.4383346144441
118.4383346144441
118.4383346144441
118.4383346144441
118.4383346144441
118.4383346144441
118.4383346144441
118.4383346144441
118.4383346144441
118.4383346144441
118.4383346144441
118.4383346144441
118.4383346144441
118.4383346144441
118.4383346144441
118.4383346144441
118.4383346144441
118.4383346144441
118.4383346144441
118.4383346144441
118.4383346144441
118.4383346144441
118.4383346144441
118.4383346144441
118.4383346144441
118.4383346144441
118.4383346144441
118.4383346144441
118.4383346144441
118.4383346144441
118.4383346144441
118.4383346144441
118.4383346144441
118.4383346144441
118.4383346144441
118.4383346144441
118.4383346144441
118.4383346144441
118.4383346144441
118.4383346144441
118.4383346144441
118.4383346144441
118.4383346144441
118.4383346144441
118.4383346144441
118.4383346144441
118.4383346144441
118.4383346144441
118.4383346144441
118.4383346144441
118.4383346144441
118.4383346144441
118.4383346144441
118.4383346144441
118.4383346144441
118.4383346144441
118.4383346144441
118.4383346144441
118.4383346144441
118.4383346144441
118.4383346144441
118.4383346144441
118.4383346144441
118.4383346144441
118.4383346144441
118.4383346144441
118.4383346144441
118.4383346144441
118.4383346144441
118.4383346144441
118.4383346144441
118.4383346144441
118.4383346144441
118.4383346144441
118.4383346144441
118.4383346144441
118.4383346144441
118.4383346144441
118.4383346144441
118.4383346144441
118.4383346144441
118.4383346144441
118.4383346144441
118.4383346144441
118.4383346144441
118.4383346144441
118.4383346144441
118.4383346144441
118.4383346144441
118.4383346144441
118.4383346144441
118.4383346144441
118.4383346144441
118.4383346144441
118.4383346144441
118.4383346144441
118.4383346144441
118.4383346144441
118.4383346144441
118.4383346144441
118.4383346144441
118.4383346144441
118.4383346144441
118.4383346144441
118.4383346144441
118.4383346144441
118.4383346144441
118.4383346144441
118.4383346144441
118.4383346144441
118.4383346144441
118.4383346144441
118.4383346144441
118.4383346144441
118.4383346144441
118.4383346144441
118.4383346144441
118.4383346144441
118.4383346144441
118.4383346144441
118.4383346144441
118.4383346144441
118.4383346144441
118.4383346144441
118.4383346144441
118.4383346144441
118.4383346144441
118.4383346144441
118.4383346144441
118.4383346144441
118.4383346144441
118.4383346144441
118.4383346144441
118.4383346144441
118.4383346144441
118.4383346144441
118.4383346144441
118.4383346144441
118.4383346144441
118.4383346144441
118.4383346144441
118.4383346144441
118.4383346144441
118.4383346144441
118.4383346144441
118.4383346144441
118.4383346144441
118.4383346144441
118.4383346144441
118.4383346144441
118.4383346144441
118.4383346144441
118.4383346144441
118.4383346144441
118.4383346144441
118.4383346144441
118.4383346144441
118.4383346144441
118.4383346144441
118.4383346144441
118.4383346144441
118.4383346144441
118.4383346144441
118.4383346144441
118.4383346144441
118.4383346144441
118.4383346144441
118.4383346144441
118.4383346144441
118.4383346144441
118.4383346144441
118.4383346144441
118.4383346144441
118.4383346144441
118.4383346144441
118.4383346144441
118.4383346144441
118.4383346144441
118.4383346144441
118.4383346144441
118.4383346144441
118.4383346144441
118.4383346144441
118.4383346144441
118.4383346144441
118.4383346144441
118.4383346144441
118.4383346144441
118.4383346144441
118.4383346144441
118.4383346144441
118.4383346144441
118.4383346144441
118.4383346144441
118.4383346144441
118.4383346144441
118.4383346144441
118.4383346144441
118.4383346144441
118.4383346144441
118.4383346144441
118.4383346144441
118.4383346144441
118.4383346144441
118.4383346144441
118.4383346144441
118.4383346144441
118.4383346144441
118.4383346144441
118.4383346144441
118.4383346144441
118.4383346144441
118.4383346144441
118.4383346144441
118.4383346144441
118.4383346144441
118.4383346144441
118.4383346144441
118.4383346144441
118.4383346144441
118.4383346144441
118.4383346144441
118.4383346144441
118.4383346144441
118.4383346144441
118.4383346144441
118.4383346144441
118.4383346144441
118.4383346144441
118.4383346144441
118.4383346144441
118.4383346144441
118.4383346144441
118.4383346144441
118.4383346144441
118.4383346144441
118.4383346144441
118.4383346144441
118.4383346144441
118.4383346144441
118.4383346144441
118.4383346144441
118.4383346144441
118.4383346144441
118.4383346144441
118.4383346144441
118.4383346144441
118.4383346144441
118.4383346144441
118.4383346144441
118.4383346144441
118.4383346144441
118.4383346144441
118.4383346144441
118.4383346144441
118.4383346144441
118.4383346144441
118.4383346144441
118.4383346144441
118.4383346144441
118.4383346144441
118.4383346144441
118.4383346144441
118.4383346144441
118.4383346144441
118.4383346144441
118.4383346144441
118.4383346144441
118.4383346144441
118.4383346144441
118.4383346144441
118.4383346144441
118.4383346144441
118.4383346144441
118.4383346144441
118.4383346144441
118.4383346144441
118.4383346144441
118.4383346144441
118.4383346144441
118.4383346144441
118.4383346144441
118.4383346144441
118.4383346144441
118.4383346144441
118.4383346144441
118.4383346144441
118.4383346144441
118.4383346144441
118.4383346144441
118.4383346144441
118.4383346144441
118.4383346144441
118.4383346144441
118.4383346144441
118.4383346144441
118.4383346144441
118.4383346144441
118.4383346144441
118.4383346144441
118.4383346144441
118.4383346144441
118.4383346144441
118.4383346144441
118.4383346144441
118.4383346144441
118.4383346144441
118.4383346144441
118.4383346144441
118.4383346144441
118.4383346144441
118.4383346144441
118.4383346144441
118.4383346144441
118.4383346144441
118.4383346144441
118.4383346144441
118.4383346144441
118.4383346144441
118.4383346144441
118.4383346144441
118.4383346144441
118.4383346144441
118.4383346144441
118.4383346144441
118.4383346144441
118.4383346144441
118.4383346144441
118.4383346144441
118.4383346144441
118.4383346144441
118.4383346144441
118.4383346144441
118.4383346144441
118.4383346144441
118.4383346144441
118.4383346144441
118.4383346144441
118.4383346144441
118.4383346144441
118.4383346144441
118.4383346144441
118.4383346144441
118.4383346144441
118.4383346144441
118.4383346144441
118.4383346144441
118.4383346144441
118.4383346144441
118.4383346144441
118.4383346144441
118.4383346144441
118.4383346144441
118.4383346144441
118.4383346144441
118.4383346144441
118.4383346144441
118.4383346144441
118.4383346144441
118.4383346144441
118.4383346144441
118.4383346144441
118.4383346144441
118.4383346144441
118.4383346144441
118.4383346144441
118.4383346144441
118.4383346144441
118.4383346144441
118.4383346144441
118.4383346144441
118.4383346144441
118.4383346144441
118.4383346144441
118.4383346144441
118.4383346144441
118.4383346144441
118.4383346144441
118.4383346144441
118.4383346144441
118.4383346144441
118.4383346144441
118.4383346144441
118.4383346144441
118.4383346144441
118.4383346144441
118.4383346144441
118.4383346144441
118.4383346144441
118.4383346144441
118.4383346144441
118.4383346144441
118.4383346144441
118.4383346144441
118.4383346144441
118.4383346144441
118.4383346144441
118.4383346144441
118.4383346144441
118.4383346144441
