57083.146849198114
53923.12257754916
51386.47701695796
50734.56441904188
48804.52583474459
48804.52583474459
47351.94533374408
47249.44156188512
45826.54731262682
45121.32347966726
42276.91678585299
42266.30717512524
41977.37280785359
41977.37280785359
39542.772323471036
36031.02203440015
30724.617028038796
27137.02623132791
27137.02623132791
25436.753425980358
22555.45798191334
22504.455385666002
22501.345332013472
19815.728002027863
15873.739322697129
15411.910226085573
15411.910226085573
15411.910226085573
15396.384907617456
15062.20134972671
14317.142045194056
11454.078806728963
11306.733043487844
11306.733043487844
9013.429662620722
8989.872952790853
8989.872952790853
8418.36099372879
6691.956944118618
6018.973283491967
6013.808773192981
5479.547336360489
4384.907363220515
4288.982620446264
3642.816524722106
3049.8638590108267
2908.0668882737364
2897.13153784921
2885.9671767685413
2885.9671767685413
2833.811685460736
2833.811685460736
1687.5733043346688
1687.5733043346688
1687.5733043346688
1687.5733043346688
1506.9778084395887
1497.857391044506
1152.554453734306
1100.0422640833274
953.0835447109047
953.0835447109047
852.9432402613014
816.4123641333371
805.2812382538858
777.241505305436
614.8261609743222
572.3797540246507
572.3797540246507
570.7775562664914
568.4437558478163
564.9323435754249
560.0234995628183
545.552584297575
503.1501829617159
177.8630662867896
175.81383766090252
171.00692835895302
170.00114141050517
158.78456654440052
158.78456654440052
157.57719927300678
151.71992343913166
86.04305557753078
85.31980639973465
85.31980639973465
85.31980639973465
69.64611771966533
69.64611771966533
69.64611771966533
65.67145930466182
65.67145930466182
65.61538851575175
65.61538851575175
60.242678557580604
60.18904996906849
20.185254254588315
20.07768653779855
20.07768653779855
19.981031591339374
17.479982232906732
17.479982232906732
17.447790101687445
17.447790101687445
16.613790567915267
16.613790567915267
15.414993949330183
13.31422853597334
12.853218436385323
10.56622120454078
10.467343144286785
10.196200173065385
9.881062114181605
9.881062114181605
9.180815400509912
9.172024154954688
5.222678912984745
5.222678912984745
5.222678912984745
5.222678912984745
4.501136023656516
4.501136023656516
4.501136023656516
3.5198353794706736
3.5198353794706736
3.387447785388181
3.3407920433068408
3.3316929884639803
3.330702614038317
3.330702614038317
3.2715486867810246
3.2573796424177126
3.1220268173088566
2.4724976976214137
2.380809643713284
1.6851438880540415
1.6805290249639246
1.6202518484112456
1.134175113366019
1.134175113366019
1.1067651578978348
1.1067651578978348
1.042851578949524
1.0009161409485448
0.8974200658173256
0.8115135069714012
0.8082849835015683
0.8082849835015683
0.7847606607370995
0.504100369086376
0.5030978251865447
0.5005658681575255
0.5005658681575255
0.2911152317531034
0.2911152317531034
0.2870466994118062
0.27307513073152273
0.16508950327656005
0.16508950327656005
0.1638859585912037
0.1638859585912037
0.16347465495930333
0.16347465495930333
0.15874705416078536
0.15874705416078536
0.09770522721571936
0.08817714174458063
0.0780201840442061
0.07572197432597799
0.07572197432597799
0.07422050946903783
0.07413358850887991
0.07166542412436439
0.07164940778584528
0.04070915541493774
0.03797240789047757
0.03495800566638961
0.03495800566638961
0.028397645483793647
0.028371195799672497
0.02652088392618756
0.02652088392618756
0.02652088392618756
0.02385468804426132
0.023672986747357686
0.023672986747357686
0.01655540244858507
0.016535277982508235
0.01652417462303288
0.01652417462303288
0.01652417462303288
0.01577514568799959
0.011174195446112752
0.011149330507005333
0.011149330507005333
0.009884900677526681
0.009532349320291985
0.009532349320291985
0.008943403403675432
0.004030438164640279
0.00399031682092655
0.0039902495065859064
0.003813161642493949
0.0038013622547971595
0.003738609547601228
0.0037313557759219395
0.00372040701788261
0.00372040701788261
0.0035122448792935307
0.002207816742448394
0.0022077790930094205
0.0022077790930094205
0.0018770092490138675
0.001413714281155404
0.001290790385241081
0.001290790385241081
0.0012892219754857715
0.0010702902600096154
0.0010702902600096154
0.0006895801769740224
0.0004430201398363082
0.00044180592514669886
0.00044180592514669886
0.000430083823208466
0.0003346441334660617
0.0003346437328739809
0.0003346437328739809
0.0002875633812076187
0.0002834727239927369
0.00026360075837712684
0.00025242618024696903
0.00025242618024696903
0.00025208115881252284
0.00022219896655353597
0.00021991251762676795
0.0002197163788384811
0.0002197163788384811
0.00021958077869642088
0.00011726984686952843
0.00011726984686952843
9.195754150538493e-05
9.195754150538493e-05
7.804973055194049e-05
7.804973055194049e-05
7.703839867775867e-05
7.624334603568495e-05
7.131690485271155e-05
7.131690485271155e-05
4.9025907468482864e-05
4.820430015817375e-05
4.782219969962887e-05
4.284491479582082e-05
4.282394229402373e-05
4.257846881538164e-05
4.257846881538164e-05
3.968227571053834e-05
3.37494046064282e-05
2.4927005674479665e-05
2.4927005674479665e-05
2.489354904463752e-05
2.4879578511479915e-05
2.4819042502442782e-05
1.8664238446226644e-05
1.7198580774109303e-05
1.7076922894908672e-05
1.7076922894908672e-05
1.6399241735080914e-05
1.6399241735080914e-05
1.4984408123709277e-05
1.4618336793717343e-05
1.3372049365121046e-05
9.366265370274042e-06
9.366265370274042e-06
8.97174629845339e-06
8.97059003066583e-06
4.81119374073609e-06
4.81119374073609e-06
4.747957126809542e-06
4.747910553811546e-06
4.411159368877043e-06
4.411159368877043e-06
4.411159368877043e-06
4.411159368877043e-06
3.1504866829944014e-06
3.130644879654696e-06
3.130644879654696e-06
2.512037511777486e-06
2.434950171195408e-06
1.8087777068964416e-06
1.8035705296835062e-06
1.7843364906947314e-06
1.7843364906947314e-06
1.7843364906947314e-06
1.1018545580871738e-06
1.0907081559268245e-06
1.0838195281397778e-06
1.0737033648613706e-06
1.0704606313374543e-06
1.0704606313374543e-06
5.492088847629741e-07
5.488540431644836e-07
5.443041787205252e-07
5.310642126804638e-07
5.163892571406916e-07
2.6534790289855446e-07
1.9866994206579823e-07
1.9861534627078436e-07
1.9861534627078436e-07
1.9781438009217474e-07
1.933799226781526e-07
1.933799226781526e-07
1.933686761158212e-07
1.9160512713008445e-07
1.9137839196860375e-07
1.8806546946647133e-07
1.5997827317360987e-07
1.542294380453289e-07
1.4803240376217813e-07
1.4803240376217813e-07
1.3198948156886725e-07
8.947497045902998e-08
6.205365621355579e-08
6.190963130973805e-08
6.074022093104713e-08
6.074022093104713e-08
6.074022093104713e-08
5.951616445914265e-08
5.493243161616042e-08
4.837730230251109e-08
4.835587210618787e-08
4.835587210618787e-08
4.727318495964056e-08
4.65836773370419e-08
4.62386894824203e-08
4.62386894824203e-08
4.168019871199713e-08
3.3530114023397915e-08
3.2827011066030414e-08
3.2827011066030414e-08
3.2827011066030414e-08
3.282545214980661e-08
3.2817108874610914e-08
2.9430903701813095e-08
2.5551162125022623e-08
2.5551162125022623e-08
2.4636952676488616e-08
2.1926379499826376e-08
2.1508652270987756e-08
2.1508652270987756e-08
2.004877895816866e-08
1.823975951465918e-08
1.6723885324887452e-08
9.812534437455993e-09
9.812534437455993e-09
9.812534437455993e-09
8.426598319720824e-09
8.426598319720824e-09
7.467349448696932e-09
7.467349448696932e-09
3.138282354080622e-09
3.138282354080622e-09
3.0160994071642673e-09
3.01449256331658e-09
3.0143020318552648e-09
3.005801060263126e-09
3.005801060263126e-09
3.002638902766865e-09
2.77121567440129e-09
2.77121567440129e-09
2.767982194896485e-09
2.508170391315778e-09
2.507406675636901e-09
2.48942992286801e-09
1.451213186638931e-09
1.4300194324102212e-09
1.4178360577297554e-09
1.1286154859903565e-09
1.1284655263452746e-09
8.658900691235241e-10
8.433141194494153e-10
8.433141194494153e-10
8.433141194494153e-10
8.238442406213019e-10
8.231271755009526e-10
6.684503476401561e-10
5.805202458204545e-10
5.798112584085067e-10
5.639495193569304e-10
5.63789574217356e-10
4.3090565218316246e-10
4.3045623156872284e-10
2.7962521596111587e-10
2.7901659714338835e-10
2.7901659714338835e-10
2.7901659714338835e-10
2.2439170348001187e-10
1.7274632434291147e-10
1.7274632434291147e-10
1.1423981039615016e-10
1.1423981039615016e-10
1.028276924963663e-10
1.028276924963663e-10
1.028276924963663e-10
1.0279925848284429e-10
1.0247544774791636e-10
7.065688306414136e-11
7.065688306414136e-11
7.0577780053306e-11
7.0577780053306e-11
7.05610812821437e-11
7.03870036144104e-11
7.034256049514063e-11
7.034256049514063e-11
5.395026582710232e-11
5.393873402884427e-11
5.3937410249230133e-11
5.3937410249230133e-11
4.8475830706250594e-11
4.79807581136528e-11
4.369948140546618e-11
3.789444016036945e-11
1.875103762614181e-11
1.8492266307605876e-11
1.8219723349673273e-11
1.4739837786888582e-11
1.4576261777011236e-11
1.1582225747477192e-11
1.152685955784186e-11
1.1516609853595598e-11
1.1516609853595598e-11
1.150913186731522e-11
1.150913186731522e-11
7.2257465439668395e-12
7.067087630371419e-12
6.926222051566886e-12
5.8491554036202705e-12
5.188147846919847e-12
5.154507672585655e-12
5.154507672585655e-12
3.543471592195243e-12
3.5426226335870823e-12
3.4877769342187617e-12
3.4877769342187617e-12
3.367401859187742e-12
3.1074476851829426e-12
3.0967533475047935e-12
3.095313757117769e-12
2.3621905333532135e-12
2.3621905333532135e-12
2.3621905333532135e-12
2.3621905333532135e-12
2.3178255753443542e-12
1.9687784215215467e-12
7.564335120850149e-13
7.564335120850149e-13
7.532998917311269e-13
7.532998917311269e-13
7.532732499283262e-13
7.532732499283262e-13
4.880670419826575e-13
4.87075765299919e-13
4.850505733739352e-13
4.683006671704139e-13
4.683006671704139e-13
3.813978918617402e-13
3.813978918617402e-13
3.762636209931113e-13
3.3340409267233297e-13
1.6606687167445553e-13
1.6606687167445553e-13
1.6606687167445553e-13
1.6606687167445553e-13
1.5598359970167274e-13
1.3581110415810008e-13
1.0263159700157759e-13
1.0223597777376616e-13
9.663697574153014e-14
9.411257218017777e-14
9.275680614749288e-14
9.198811607960298e-14
9.149440169834283e-14
8.51696414683936e-14
8.51696414683936e-14
6.732896122311466e-14
6.580168790349754e-14
6.474490121072499e-14
5.873077587652409e-14
5.873077587652409e-14
5.768198287318323e-14
2.0908749393691048e-14
2.0293238649322085e-14
2.0293238649322085e-14
2.0293238649322085e-14
1.5241452802314165e-14
1.2585056982284254e-14
1.2585056982284254e-14
1.2585056982284254e-14
1.167595182003708e-14
1.1581034780833557e-14
1.1581034780833557e-14
1.0449251350885225e-14
1.0222388871168303e-14
1.0222388871168303e-14
1.0222388871168303e-14
5.890513141068073e-15
5.85203140434193e-15
5.85203140434193e-15
5.85203140434193e-15
5.85203140434193e-15
5.85203140434193e-15
5.85203140434193e-15
5.85203140434193e-15
5.85203140434193e-15
5.713065923335595e-15
5.190586697461311e-15
4.358011019765315e-15
4.358011019765315e-15
4.324251977349163e-15
3.668767166479589e-15
3.668767166479589e-15
3.219244798525001e-15
2.9730016812888292e-15
2.9730016812888292e-15
2.9730016812888292e-15
2.9730016812888292e-15
2.9730016812888292e-15
2.9251044388332816e-15
1.8104839171179407e-15
1.8104839171179407e-15
1.4549038431642614e-15
1.4549038431642614e-15
1.3743649271071013e-15
1.3743649271071013e-15
1.3743649271071013e-15
1.3743649271071013e-15
1.3743649271071013e-15
1.0361731998171072e-15
9.958497135620685e-16
9.958497135620685e-16
9.958497135620685e-16
9.958497135620685e-16
9.958497135620685e-16
9.958497135620685e-16
9.958497135620685e-16
9.958497135620685e-16
9.958497135620685e-16
9.958497135620685e-16
9.958497135620685e-16
9.958497135620685e-16
9.958497135620685e-16
9.958497135620685e-16
9.958497135620685e-16
9.958497135620685e-16
9.958497135620685e-16
9.958497135620685e-16
9.958497135620685e-16
9.958497135620685e-16
9.958497135620685e-16
9.958497135620685e-16
9.958497135620685e-16
9.848031585194489e-16
9.848031585194489e-16
9.848031585194489e-16
9.848031585194489e-16
9.848031585194489e-16
9.848031585194489e-16
9.848031585194489e-16
9.848031585194489e-16
9.738131025483913e-16
9.738131025483913e-16
9.738131025483913e-16
9.738131025483913e-16
9.738131025483913e-16
9.738131025483913e-16
9.738131025483913e-16
9.738131025483913e-16
9.738131025483913e-16
9.738131025483913e-16
9.738131025483913e-16
9.277925885086371e-16
9.277925885086371e-16
9.277925885086371e-16
9.277925885086371e-16
9.277925885086371e-16
9.277925885086371e-16
7.113466200722664e-16
7.113466200722664e-16
7.113466200722664e-16
7.113466200722664e-16
7.113466200722664e-16
7.113466200722664e-16
7.113466200722664e-16
7.113466200722664e-16
7.113466200722664e-16
7.113466200722664e-16
7.113466200722664e-16
7.113466200722664e-16
7.113466200722664e-16
7.113466200722664e-16
7.113466200722664e-16
7.113466200722664e-16
7.113466200722664e-16
7.113466200722664e-16
7.113466200722664e-16
7.113466200722664e-16
7.113466200722664e-16
7.113466200722664e-16
7.113466200722664e-16
7.113466200722664e-16
7.113466200722664e-16
7.113466200722664e-16
7.113466200722664e-16
7.113466200722664e-16
7.113466200722664e-16
7.113466200722664e-16
7.113466200722664e-16
7.113466200722664e-16
7.113466200722664e-16
7.113466200722664e-16
7.113466200722664e-16
7.113466200722664e-16
7.113466200722664e-16
7.113466200722664e-16
7.113466200722664e-16
7.113466200722664e-16
7.113466200722664e-16
7.113466200722664e-16
7.113466200722664e-16
7.113466200722664e-16
7.113466200722664e-16
7.113466200722664e-16
7.113466200722664e-16
7.113466200722664e-16
7.113466200722664e-16
7.113466200722664e-16
7.113466200722664e-16
7.113466200722664e-16
7.113466200722664e-16
7.113466200722664e-16
7.113466200722664e-16
7.113466200722664e-16
7.113466200722664e-16
7.113466200722664e-16
7.113466200722664e-16
7.113466200722664e-16
7.113466200722664e-16
7.113466200722664e-16
7.113466200722664e-16
7.113466200722664e-16
7.113466200722664e-16
7.113466200722664e-16
7.113466200722664e-16
7.113466200722664e-16
7.113466200722664e-16
7.113466200722664e-16
7.113466200722664e-16
7.113466200722664e-16
7.113466200722664e-16
7.113466200722664e-16
7.113466200722664e-16
7.113466200722664e-16
7.113466200722664e-16
7.113466200722664e-16
7.113466200722664e-16
7.113466200722664e-16
7.113466200722664e-16
7.113466200722664e-16
7.113466200722664e-16
7.113466200722664e-16
7.113466200722664e-16
7.113466200722664e-16
7.113466200722664e-16
7.113466200722664e-16
7.113466200722664e-16
7.113466200722664e-16
7.113466200722664e-16
7.113466200722664e-16
7.113466200722664e-16
7.113466200722664e-16
7.113466200722664e-16
7.113466200722664e-16
7.113466200722664e-16
7.113466200722664e-16
7.113466200722664e-16
7.113466200722664e-16
7.113466200722664e-16
7.113466200722664e-16
7.113466200722664e-16
7.113466200722664e-16
7.113466200722664e-16
7.113466200722664e-16
7.113466200722664e-16
7.113466200722664e-16
7.113466200722664e-16
7.113466200722664e-16
7.113466200722664e-16
7.113466200722664e-16
7.113466200722664e-16
7.113466200722664e-16
7.113466200722664e-16
7.113466200722664e-16
7.113466200722664e-16
7.113466200722664e-16
7.113466200722664e-16
7.113466200722664e-16
7.113466200722664e-16
7.113466200722664e-16
7.113466200722664e-16
7.113466200722664e-16
7.113466200722664e-16
7.113466200722664e-16
7.113466200722664e-16
7.113466200722664e-16
7.113466200722664e-16
7.113466200722664e-16
7.113466200722664e-16
7.113466200722664e-16
7.113466200722664e-16
7.113466200722664e-16
7.113466200722664e-16
7.113466200722664e-16
7.113466200722664e-16
7.113466200722664e-16
7.113466200722664e-16
7.113466200722664e-16
7.113466200722664e-16
7.113466200722664e-16
7.113466200722664e-16
7.113466200722664e-16
7.113466200722664e-16
7.113466200722664e-16
7.113466200722664e-16
7.113466200722664e-16
7.113466200722664e-16
7.113466200722664e-16
7.113466200722664e-16
7.113466200722664e-16
7.113466200722664e-16
7.113466200722664e-16
7.113466200722664e-16
7.113466200722664e-16
7.113466200722664e-16
7.113466200722664e-16
7.113466200722664e-16
7.113466200722664e-16
7.113466200722664e-16
7.113466200722664e-16
7.113466200722664e-16
7.113466200722664e-16
7.113466200722664e-16
7.113466200722664e-16
7.113466200722664e-16
7.113466200722664e-16
7.113466200722664e-16
7.113466200722664e-16
7.113466200722664e-16
7.113466200722664e-16
7.113466200722664e-16
7.113466200722664e-16
7.113466200722664e-16
7.113466200722664e-16
7.113466200722664e-16
7.113466200722664e-16
7.113466200722664e-16
7.113466200722664e-16
7.113466200722664e-16
7.113466200722664e-16
7.113466200722664e-16
7.113466200722664e-16
7.113466200722664e-16
7.113466200722664e-16
7.113466200722664e-16
7.113466200722664e-16
7.113466200722664e-16
7.113466200722664e-16
7.113466200722664e-16
7.113466200722664e-16
7.113466200722664e-16
7.113466200722664e-16
7.113466200722664e-16
7.113466200722664e-16
7.113466200722664e-16
7.113466200722664e-16
7.113466200722664e-16
7.113466200722664e-16
7.113466200722664e-16
7.113466200722664e-16
7.113466200722664e-16
7.113466200722664e-16
7.113466200722664e-16
7.113466200722664e-16
7.113466200722664e-16
7.113466200722664e-16
7.113466200722664e-16
7.113466200722664e-16
7.113466200722664e-16
7.113466200722664e-16
7.113466200722664e-16
7.113466200722664e-16
7.113466200722664e-16
7.113466200722664e-16
7.113466200722664e-16
7.113466200722664e-16
7.113466200722664e-16
7.113466200722664e-16
7.113466200722664e-16
7.113466200722664e-16
7.113466200722664e-16
7.113466200722664e-16
7.113466200722664e-16
7.113466200722664e-16
7.113466200722664e-16
7.113466200722664e-16
7.113466200722664e-16
7.113466200722664e-16
7.113466200722664e-16
7.113466200722664e-16
7.113466200722664e-16
7.113466200722664e-16
7.113466200722664e-16
7.113466200722664e-16
7.113466200722664e-16
7.113466200722664e-16
7.113466200722664e-16
7.113466200722664e-16
7.113466200722664e-16
7.113466200722664e-16
7.113466200722664e-16
7.113466200722664e-16
7.113466200722664e-16
7.113466200722664e-16
7.113466200722664e-16
7.113466200722664e-16
7.113466200722664e-16
7.113466200722664e-16
7.113466200722664e-16
7.113466200722664e-16
7.113466200722664e-16
7.113466200722664e-16
7.113466200722664e-16
7.113466200722664e-16
7.113466200722664e-16
7.113466200722664e-16
7.113466200722664e-16
7.113466200722664e-16
7.113466200722664e-16
7.113466200722664e-16
7.113466200722664e-16
7.113466200722664e-16
7.113466200722664e-16
7.113466200722664e-16
7.113466200722664e-16
7.113466200722664e-16
7.113466200722664e-16
7.113466200722664e-16
7.113466200722664e-16
7.113466200722664e-16
7.113466200722664e-16
7.113466200722664e-16
7.113466200722664e-16
7.113466200722664e-16
7.113466200722664e-16
7.113466200722664e-16
7.113466200722664e-16
7.113466200722664e-16
7.113466200722664e-16
7.113466200722664e-16
7.113466200722664e-16
7.113466200722664e-16
7.113466200722664e-16
7.113466200722664e-16
7.113466200722664e-16
7.113466200722664e-16
7.113466200722664e-16
7.113466200722664e-16
7.113466200722664e-16
7.113466200722664e-16
7.113466200722664e-16
7.113466200722664e-16
7.113466200722664e-16
7.113466200722664e-16
7.113466200722664e-16
7.113466200722664e-16
7.113466200722664e-16
7.113466200722664e-16
7.113466200722664e-16
7.113466200722664e-16
7.113466200722664e-16
7.113466200722664e-16
7.113466200722664e-16
7.113466200722664e-16
7.113466200722664e-16
7.113466200722664e-16
7.113466200722664e-16
7.113466200722664e-16
7.113466200722664e-16
7.113466200722664e-16
7.113466200722664e-16
7.113466200722664e-16
7.113466200722664e-16
7.113466200722664e-16
7.113466200722664e-16
7.113466200722664e-16
7.113466200722664e-16
7.113466200722664e-16
7.113466200722664e-16
7.113466200722664e-16
7.113466200722664e-16
7.113466200722664e-16
7.113466200722664e-16
7.113466200722664e-16
7.113466200722664e-16
7.113466200722664e-16
7.113466200722664e-16
7.113466200722664e-16
7.113466200722664e-16
7.113466200722664e-16
7.113466200722664e-16
7.113466200722664e-16
7.113466200722664e-16
7.113466200722664e-16
7.113466200722664e-16
7.113466200722664e-16
7.113466200722664e-16
7.113466200722664e-16
7.113466200722664e-16
7.113466200722664e-16
7.113466200722664e-16
7.113466200722664e-16
7.113466200722664e-16
7.113466200722664e-16
7.113466200722664e-16
7.113466200722664e-16
7.113466200722664e-16
7.113466200722664e-16
7.113466200722664e-16
7.113466200722664e-16
7.113466200722664e-16
7.113466200722664e-16
7.113466200722664e-16
7.113466200722664e-16
7.113466200722664e-16
7.113466200722664e-16
7.113466200722664e-16
7.113466200722664e-16
7.113466200722664e-16
7.113466200722664e-16
7.113466200722664e-16
7.113466200722664e-16
7.113466200722664e-16
7.113466200722664e-16
7.113466200722664e-16
7.113466200722664e-16
7.113466200722664e-16
7.113466200722664e-16
7.113466200722664e-16
7.113466200722664e-16
7.113466200722664e-16
7.113466200722664e-16
7.113466200722664e-16
7.113466200722664e-16
7.113466200722664e-16
7.113466200722664e-16
7.113466200722664e-16
7.113466200722664e-16
7.113466200722664e-16
7.113466200722664e-16
7.113466200722664e-16
7.113466200722664e-16
7.113466200722664e-16
7.113466200722664e-16
7.113466200722664e-16
7.113466200722664e-16
7.113466200722664e-16
7.113466200722664e-16
7.113466200722664e-16
7.113466200722664e-16
7.113466200722664e-16
7.113466200722664e-16
7.113466200722664e-16
7.113466200722664e-16
7.113466200722664e-16
7.113466200722664e-16
7.113466200722664e-16
7.113466200722664e-16
7.113466200722664e-16
7.113466200722664e-16
7.113466200722664e-16
7.113466200722664e-16
7.113466200722664e-16
7.113466200722664e-16
7.113466200722664e-16
7.113466200722664e-16
7.113466200722664e-16
7.113466200722664e-16
7.113466200722664e-16
7.113466200722664e-16
7.113466200722664e-16
7.113466200722664e-16
7.113466200722664e-16
