1598452.9277768882
1446985.2985962117
1446985.2985962117
1446985.2985962117
1372608.149088024
1367693.178761967
1248594.1792343224
1225163.4713938495
1108123.9331799124
1024730.070053841
951679.1546482452
934224.3798211667
930166.007094717
909734.1447191444
843355.4991778276
821637.4497811497
821637.4497811497
795084.4809174534
708662.41706028
678724.9788798197
598080.6112296218
574951.8911549402
512920.9733614517
512853.739423403
512853.739423403
502705.8086879652
455617.4170869342
431921.00887553394
421329.64107126044
318104.5278611134
309240.2312876325
290915.106643666
287782.89820785477
263961.9719005642
263961.9719005642
250101.90313321914
237582.2094487802
226934.94770364827
226934.94770364827
219289.37519162399
218375.77684378086
200165.32906080675
200165.32906080675
131261.54167503543
131261.54167503543
129771.39709928235
123766.7253481773
123748.09193878503
75877.18536762593
74804.43171181557
74804.43171181557
51283.070817323474
48867.91186862594
48552.13951651974
48552.13951651974
47993.76967449467
44538.6107472486
41723.71182171055
26870.52810239512
26870.52810239512
24989.867742768656
23033.04302502572
18552.801868434486
18274.561164143623
17770.543251676238
17769.228060891368
17769.228060891368
17477.355796576478
15655.328427115113
15644.985892043169
15644.985892043169
15116.779233743138
10106.831709293961
10106.831709293961
9455.864177390755
8989.217869760314
8809.227550746065
8809.227550746065
7857.619086761017
7827.064718897727
7713.044597098599
4221.889078387921
4176.008479083862
4176.008479083862
4176.008479083862
4176.008479083862
3209.9059779409017
3209.9059779409017
3173.5901716226244
3173.5901716226244
2438.522202414476
2385.5322923495296
2031.3872241278204
1817.4750971952992
1812.5000287872017
1804.9053161932854
1628.3202296937272
1004.2620384983991
1001.4797676254082
908.2577009232319
906.6356035370369
895.3139742590382
895.3139742590382
895.3139742590382
895.3139742590382
887.400264010199
777.819383253243
766.979382940905
766.979382940905
732.4651990919722
727.7509907811933
722.7377191396187
689.7631352974088
681.1421014318269
632.8424505319883
604.7693916776327
529.3655667909375
443.53140357322116
443.53140357322116
374.6929525455146
362.9511606909718
362.9511606909718
359.0372092725259
344.60933362824267
344.60933362824267
344.60933362824267
338.7166420934776
253.46798874427398
251.25121585624345
250.28480618656417
250.28480618656417
244.57306005404504
244.57306005404504
238.60215071047148
233.62531689458586
233.62531689458586
227.44921037880738
227.44921037880738
210.02654008153192
210.02654008153192
189.48500278870785
189.48500278870785
187.96154514686765
181.62968195203177
181.62968195203177
178.46572591192754
178.46572591192754
178.46572591192754
178.13353866178426
173.25081039929609
173.25081039929609
168.0825130879388
159.6854399418196
156.0855116106565
154.71359944431396
139.1610272317876
138.59114304993415
138.59114304993415
133.42815649535535
130.4415396849801
130.4415396849801
128.1378594693032
128.1378594693032
121.55644449128215
120.82348098240448
116.05205443193466
115.41723843229062
113.0989753461177
112.68830259746312
112.40573443374382
112.40573443374382
111.8963581838027
110.22709232597612
109.5420737703507
106.95684340299206
106.95684340299206
101.57337225911883
101.57337225911883
101.57337225911883
100.40448492618734
95.27960267154859
93.21197458980205
93.21197458980205
93.21197458980205
87.83482734912903
87.83482734912903
87.83482734912903
87.83482734912903
83.72525424771169
83.72525424771169
83.72525424771169
83.08538373252773
80.92608062476242
80.53269452963019
79.14090101985619
77.64463408788257
75.80807151161338
73.6432315188388
71.33991417725073
70.66721255254703
70.66721255254703
70.57417369788388
66.1214544892573
66.1214544892573
66.1214544892573
61.08983704859713
61.08983704859713
55.15959395066008
55.15959395066008
55.15959395066008
55.15959395066008
49.42071539241772
49.42071539241772
48.484405114591766
48.484405114591766
47.51652943576863
47.51652943576863
47.51652943576863
45.78543364837691
44.22729504001447
42.26303575760994
42.26303575760994
41.29932178997842
39.16807954170838
39.16807954170838
39.16807954170838
32.46856878938445
32.46856878938445
32.36688325265692
32.36688325265692
32.36688325265692
32.359855802112634
31.513364182957844
31.513364182957844
31.47893553197855
31.462728355529293
31.462728355529293
29.931751919567887
26.254608496332082
23.80875733520537
23.80875733520537
23.80875733520537
23.6617773884426
23.565398059644792
23.565398059644792
23.334913053411356
23.334913053411356
23.327896186636167
21.332807971956697
21.330667974780795
21.330667974780795
21.330667974780795
21.330667974780795
21.225895923162398
19.692329397998662
19.578443217813458
19.276374098257634
17.274357156995222
17.032399456280473
17.032399456280473
14.530923085232985
12.38613889379235
12.380376835195705
12.377397557811435
12.377397557811435
12.377397557811435
12.377397557811435
12.131196180654968
12.131196180654968
12.131196180654968
12.131196180654968
12.07592012435174
12.010425338732887
11.903171365349692
11.357419933605001
11.227199404495707
11.227199404495707
11.227199404495707
11.227199404495707
11.227199404495707
11.227199404495707
11.185261882047143
11.14462877820904
10.049836663229257
10.043958725645666
10.043958725645666
10.043958725645666
8.464915122927437
8.464915122927437
8.441436855693212
8.016297309866445
7.97896071448065
7.97896071448065
7.846677654230348
5.373162948870117
5.3729741590666436
5.3729741590666436
5.368632518034474
5.358343257103911
5.286413407603618
5.202838536507215
5.202838536507215
5.202838536507215
5.198768246567965
5.198151564110958
5.198123160762407
5.198123160762407
5.196501479626477
4.2195810520610735
4.217838823446243
4.217838823446243
3.825250333519307
3.8184287063709235
3.8184287063709235
3.8184287063709235
3.817627904911376
3.817592174080062
3.7982366328718626
3.6844395042868996
3.4656588010491305
3.1085490507635427
3.1085186227013537
3.107520136147457
3.107228327846599
3.049367814527045
3.049367814527045
2.7746940354521143
2.6609683353634637
2.6123720355281534
2.612360288527668
2.612360288527668
2.610788673395973
2.610788673395973
2.592108745588348
2.4499884271922383
1.585314143087544
1.585314143087544
1.5820375705013134
1.5820375705013134
1.5659798144870365
1.565958981260792
1.565958981260792
1.5533935994610601
1.5331301017328656
1.533049225387515
1.527609881853266
1.5227980431328092
1.5223394608360081
1.5045797780618386
1.5045797780618386
1.5045125010935863
1.5044936601820496
1.4994958129644829
1.4994958129644829
1.499344887117843
1.499344887117843
1.4993395388941053
1.4625159924917739
1.4459445134286852
1.4430859929327085
1.368049847559064
1.368049847559064
1.368049847559064
1.2495322211270832
1.1519801462620194
1.1519801462620194
1.1519801462620194
1.1519801462620194
1.1519712603689527
1.0849535119415918
1.0846475153375081
1.0821449109413948
1.0821449109413948
1.0821449109413948
1.0680318599691532
1.0680318599691532
1.067814593466494
1.0672544915372555
0.14268184814409324
0.14268165685780332
0.14216552441774866
0.14216552441774866
0.13341152930445332
0.13341152930445332
0.13341152930445332
0.13339873202363606
0.12361712028314287
0.12361185241690009
0.12333208975007892
0.054345236404230945
0.05430964809301031
0.054309565120433945
0.054309565120433945
0.054308813568979986
0.028674930042484448
0.028674930042484448
0.028674930042484448
0.028563471410791408
0.022474538807443878
0.010279616037053074
0.010279616037053074
0.009768645585211289
0.009768645585211289
0.009767382523875767
0.009761075438518674
0.00976106962451695
0.009754240887616561
0.00974535290509948
0.009734771540991005
0.009734771540991005
0.009718991349927819
0.009067991950075793
0.007574897994743424
0.007574897994743424
0.007574897994743424
0.00757489772416875
0.00757489772416875
0.007431719703333783
0.0074269371642685655
0.0074269371642685655
0.006999378086959496
0.006976757652978449
0.006976753936385194
0.00646169778372041
0.006367355503584804
0.006172595252905921
0.004264556326688762
0.004264556326688762
0.002605663344581899
0.002605637153578755
0.002605637153578755
0.0009365172453499326
0.000885435430348025
0.0008664012788131004
0.0008249759001159873
0.0005920311180602766
0.0005918732617260503
0.0005918732617260503
0.000591873161397416
0.000591873161397416
0.0004961708597193137
0.0004955082588367077
0.0004955081925004379
0.0004953728241048339
0.0004644199864856091
0.0004644199864856091
0.0004644199864856091
0.00046441998534874074
0.00046441997540114244
0.00045303931500484396
0.00045301687339360797
0.00045301687339360797
0.00045301664403041286
0.00045301664403041286
0.00045301664403041286
0.000452953544254342
0.0004529417062144603
0.00045294170155329994
0.0001723256211221269
0.00017232554552037982
0.00017232552369250698
0.00017232552369250698
0.00017231956707064455
0.0001703818866758411
0.00015644477235809973
0.00015617575542137274
0.00015617575542137274
0.00015617575041915188
0.0001561757432000377
0.00015613912563594567
0.00015613270494441167
0.00015248853060256806
0.00015248652448462963
0.0001508718164586753
4.987150981605737e-05
4.98642748993916e-05
4.98642748993916e-05
4.98642748993916e-05
4.935110081305538e-05
4.853307342500557e-05
4.8527915112117626e-05
4.8527915112117626e-05
4.849586542832185e-05
4.849585053534611e-05
2.6909712914857664e-05
2.6909712914857664e-05
2.6909712914857664e-05
2.6909712914857664e-05
2.3812143354007276e-05
2.3812131757949828e-05
2.3812109361642797e-05
2.246806178618499e-05
2.226152787443425e-05
2.226129430482615e-05
2.2261190451899893e-05
2.2261187780259206e-05
2.2261187780259206e-05
2.2261187780259206e-05
2.2261187780259206e-05
2.2248099469379667e-05
2.2248099469379667e-05
9.434344349301682e-06
9.434344349301682e-06
9.433368802547193e-06
9.433368802547193e-06
9.388138721533323e-06
5.7890790685632965e-06
5.788999203559797e-06
5.788998464595352e-06
5.788998464595352e-06
5.694289882285375e-06
5.6421254726046755e-06
5.6421254726046755e-06
4.831337207633624e-06
4.309744838337792e-06
4.231901584716979e-06
2.362274926781538e-06
2.2963639025874727e-06
2.0364184933896468e-06
2.0364184933896468e-06
2.035651448295539e-06
2.0093679040655843e-06
1.3662100855071913e-06
1.3594737993116723e-06
1.1834053452730586e-06
1.183187976039335e-06
1.183187976039335e-06
1.183187976039335e-06
1.1826152785943123e-06
1.0519995612412458e-06
1.032275065426802e-06
1.032275065426802e-06
9.46369993926055e-07
9.46369993926055e-07
9.463699370826362e-07
9.463699370826362e-07
9.373293323733378e-07
9.369302347295161e-07
9.369302347295161e-07
9.369294957650709e-07
9.369294957650709e-07
8.416704986302648e-07
8.416704986302648e-07
1.3307874269230524e-07
1.3307874269230524e-07
1.3307874269230524e-07
1.3100441265123663e-07
1.3100441265123663e-07
1.3100441265123663e-07
1.3100424212098005e-07
1.2763109680236084e-07
8.452093425148632e-08
8.452093425148632e-08
8.452087740806746e-08
8.452065003439202e-08
5.492466925716144e-08
5.492466925716144e-08
5.492466925716144e-08
5.492466925716144e-08
5.492466925716144e-08
5.43801093044749e-08
5.43801093044749e-08
5.4351744438463356e-08
4.304484946260345e-08
2.136505372618558e-08
2.1364883195928996e-08
2.1364883195928996e-08
2.1364883195928996e-08
1.983636366276187e-08
1.983636366276187e-08
1.983636366276187e-08
1.983636366276187e-08
1.1147164968861034e-08
1.0978112641168991e-08
7.509356692025904e-09
6.896641480125254e-09
6.896641480125254e-09
6.8606595959863625e-09
6.8606595959863625e-09
6.860602752567502e-09
6.860602752567502e-09
6.857931111881044e-09
6.857931111881044e-09
6.856566869828384e-09
6.856453182990663e-09
5.395008884079289e-09
4.429011823958717e-09
4.429011823958717e-09
4.426908617460867e-09
4.299295142118353e-09
4.299295142118353e-09
4.295827693567844e-09
4.295827693567844e-09
4.244952833687421e-09
4.079822701896774e-09
4.067260306328535e-09
4.067260306328535e-09
3.081879640376428e-09
2.6346356207795907e-09
2.6192878976871725e-09
2.6192878976871725e-09
6.440359356929548e-10
6.439222488552332e-10
6.439222488552332e-10
6.439222488552332e-10
6.430127541534603e-10
6.429559107345995e-10
4.969820111000445e-10
4.969820111000445e-10
4.954472387908027e-10
3.3787728170864284e-10
3.3787728170864284e-10
3.3787728170864284e-10
3.369677870068699e-10
3.369677870068699e-10
3.369677870068699e-10
3.369677870068699e-10
3.369677870068699e-10
3.175841811753344e-10
3.175841811753344e-10
3.175841811753344e-10
3.175841811753344e-10
3.175841811753344e-10
2.8535396268125623e-10
1.0112444215337746e-10
1.0084022505907342e-10
9.879386198008433e-11
9.566747394273989e-11
9.566747394273989e-11
9.566747394273989e-11
9.561063052387908e-11
9.561063052387908e-11
9.561063052387908e-11
9.561063052387908e-11
9.561063052387908e-11
6.201616997714154e-11
6.201616997714154e-11
6.201616997714154e-11
6.201616997714154e-11
6.201616997714154e-11
4.411049303598702e-11
4.1154635255225e-11
4.1154635255225e-11
4.1097791836364195e-11
4.1097791836364195e-11
3.984723662142642e-11
3.984723662142642e-11
3.984723662142642e-11
3.984723662142642e-11
3.984723662142642e-11
3.979039320256561e-11
3.490185918053612e-11
1.722355591482483e-11
1.722355591482483e-11
1.7109869077103212e-11
1.688249540165998e-11
1.1766587704187259e-11
1.1539214028744027e-11
1.1539214028744027e-11
1.1198153515579179e-11
8.469669410260394e-12
8.469669410260394e-12
8.469669410260394e-12
8.412825991399586e-12
8.412825991399586e-12
7.389644451905042e-12
4.206412995699793e-12
4.206412995699793e-12
4.206412995699793e-12
4.206412995699793e-12
4.206412995699793e-12
4.206412995699793e-12
3.979039320256561e-12
3.467448550509289e-12
3.467448550509289e-12
3.467448550509289e-12
3.126388037344441e-12
3.126388037344441e-12
2.9558577807620168e-12
2.8421709430404007e-12
2.8421709430404007e-12
2.7284841053187847e-12
2.6147972675971687e-12
1.5347723092418164e-12
1.4779288903810084e-12
1.1368683772161603e-12
9.094947017729282e-13
9.094947017729282e-13
9.094947017729282e-13
9.094947017729282e-13
7.389644451905042e-13
5.115907697472721e-13
5.115907697472721e-13
4.547473508864641e-13
4.547473508864641e-13
4.547473508864641e-13
4.547473508864641e-13
3.979039320256561e-13
3.979039320256561e-13
3.410605131648481e-13
3.410605131648481e-13
3.410605131648481e-13
3.410605131648481e-13
2.2737367544323206e-13
2.2737367544323206e-13
1.7053025658242404e-13
1.7053025658242404e-13
1.7053025658242404e-13
1.7053025658242404e-13
1.7053025658242404e-13
1.7053025658242404e-13
1.1368683772161603e-13
1.1368683772161603e-13
1.1368683772161603e-13
1.1368683772161603e-13
1.1368683772161603e-13
1.1368683772161603e-13
1.1368683772161603e-13
1.1368683772161603e-13
1.1368683772161603e-13
1.1368683772161603e-13
1.1368683772161603e-13
1.1368683772161603e-13
1.1368683772161603e-13
1.1368683772161603e-13
1.1368683772161603e-13
1.1368683772161603e-13
1.1368683772161603e-13
1.1368683772161603e-13
1.1368683772161603e-13
1.1368683772161603e-13
1.1368683772161603e-13
1.1368683772161603e-13
1.1368683772161603e-13
5.684341886080802e-14
5.684341886080802e-14
5.684341886080802e-14
5.684341886080802e-14
5.684341886080802e-14
5.684341886080802e-14
5.684341886080802e-14
5.684341886080802e-14
5.684341886080802e-14
5.684341886080802e-14
5.684341886080802e-14
5.684341886080802e-14
5.684341886080802e-14
5.684341886080802e-14
5.684341886080802e-14
5.684341886080802e-14
5.684341886080802e-14
5.684341886080802e-14
5.684341886080802e-14
5.684341886080802e-14
5.684341886080802e-14
5.684341886080802e-14
5.684341886080802e-14
5.684341886080802e-14
5.684341886080802e-14
5.684341886080802e-14
5.684341886080802e-14
5.684341886080802e-14
5.684341886080802e-14
5.684341886080802e-14
5.684341886080802e-14
5.684341886080802e-14
5.684341886080802e-14
5.684341886080802e-14
5.684341886080802e-14
5.684341886080802e-14
5.684341886080802e-14
5.684341886080802e-14
5.684341886080802e-14
5.684341886080802e-14
5.684341886080802e-14
5.684341886080802e-14
5.684341886080802e-14
5.684341886080802e-14
5.684341886080802e-14
5.684341886080802e-14
5.684341886080802e-14
5.684341886080802e-14
5.684341886080802e-14
5.684341886080802e-14
5.684341886080802e-14
5.684341886080802e-14
5.684341886080802e-14
5.684341886080802e-14
5.684341886080802e-14
5.684341886080802e-14
5.684341886080802e-14
5.684341886080802e-14
5.684341886080802e-14
5.684341886080802e-14
5.684341886080802e-14
5.684341886080802e-14
5.684341886080802e-14
5.684341886080802e-14
5.684341886080802e-14
5.684341886080802e-14
5.684341886080802e-14
5.684341886080802e-14
5.684341886080802e-14
5.684341886080802e-14
5.684341886080802e-14
5.684341886080802e-14
5.684341886080802e-14
5.684341886080802e-14
5.684341886080802e-14
5.684341886080802e-14
5.684341886080802e-14
5.684341886080802e-14
5.684341886080802e-14
5.684341886080802e-14
5.684341886080802e-14
5.684341886080802e-14
5.684341886080802e-14
5.684341886080802e-14
5.684341886080802e-14
5.684341886080802e-14
5.684341886080802e-14
5.684341886080802e-14
5.684341886080802e-14
5.684341886080802e-14
5.684341886080802e-14
5.684341886080802e-14
5.684341886080802e-14
5.684341886080802e-14
5.684341886080802e-14
5.684341886080802e-14
5.684341886080802e-14
5.684341886080802e-14
5.684341886080802e-14
5.684341886080802e-14
5.684341886080802e-14
5.684341886080802e-14
5.684341886080802e-14
5.684341886080802e-14
5.684341886080802e-14
5.684341886080802e-14
5.684341886080802e-14
5.684341886080802e-14
5.684341886080802e-14
5.684341886080802e-14
5.684341886080802e-14
5.684341886080802e-14
5.684341886080802e-14
5.684341886080802e-14
5.684341886080802e-14
5.684341886080802e-14
5.684341886080802e-14
5.684341886080802e-14
5.684341886080802e-14
5.684341886080802e-14
5.684341886080802e-14
5.684341886080802e-14
5.684341886080802e-14
5.684341886080802e-14
5.684341886080802e-14
5.684341886080802e-14
5.684341886080802e-14
5.684341886080802e-14
5.684341886080802e-14
5.684341886080802e-14
5.684341886080802e-14
5.684341886080802e-14
5.684341886080802e-14
5.684341886080802e-14
5.684341886080802e-14
5.684341886080802e-14
5.684341886080802e-14
5.684341886080802e-14
5.684341886080802e-14
5.684341886080802e-14
5.684341886080802e-14
5.684341886080802e-14
5.684341886080802e-14
5.684341886080802e-14
5.684341886080802e-14
5.684341886080802e-14
5.684341886080802e-14
5.684341886080802e-14
5.684341886080802e-14
5.684341886080802e-14
5.684341886080802e-14
5.684341886080802e-14
5.684341886080802e-14
5.684341886080802e-14
5.684341886080802e-14
5.684341886080802e-14
5.684341886080802e-14
5.684341886080802e-14
5.684341886080802e-14
5.684341886080802e-14
5.684341886080802e-14
5.684341886080802e-14
5.684341886080802e-14
5.684341886080802e-14
5.684341886080802e-14
5.684341886080802e-14
5.684341886080802e-14
5.684341886080802e-14
5.684341886080802e-14
5.684341886080802e-14
5.684341886080802e-14
5.684341886080802e-14
5.684341886080802e-14
5.684341886080802e-14
5.684341886080802e-14
5.684341886080802e-14
5.684341886080802e-14
5.684341886080802e-14
5.684341886080802e-14
5.684341886080802e-14
5.684341886080802e-14
5.684341886080802e-14
5.684341886080802e-14
5.684341886080802e-14
5.684341886080802e-14
5.684341886080802e-14
5.684341886080802e-14
5.684341886080802e-14
5.684341886080802e-14
5.684341886080802e-14
5.684341886080802e-14
5.684341886080802e-14
5.684341886080802e-14
5.684341886080802e-14
5.684341886080802e-14
5.684341886080802e-14
5.684341886080802e-14
5.684341886080802e-14
5.684341886080802e-14
5.684341886080802e-14
5.684341886080802e-14
5.684341886080802e-14
5.684341886080802e-14
5.684341886080802e-14
5.684341886080802e-14
5.684341886080802e-14
5.684341886080802e-14
5.684341886080802e-14
5.684341886080802e-14
5.684341886080802e-14
5.684341886080802e-14
5.684341886080802e-14
5.684341886080802e-14
5.684341886080802e-14
5.684341886080802e-14
5.684341886080802e-14
5.684341886080802e-14
5.684341886080802e-14
5.684341886080802e-14
5.684341886080802e-14
5.684341886080802e-14
5.684341886080802e-14
5.684341886080802e-14
5.684341886080802e-14
5.684341886080802e-14
5.684341886080802e-14
5.684341886080802e-14
5.684341886080802e-14
5.684341886080802e-14
5.684341886080802e-14
5.684341886080802e-14
5.684341886080802e-14
5.684341886080802e-14
5.684341886080802e-14
5.684341886080802e-14
5.684341886080802e-14
5.684341886080802e-14
5.684341886080802e-14
5.684341886080802e-14
5.684341886080802e-14
5.684341886080802e-14
5.684341886080802e-14
5.684341886080802e-14
5.684341886080802e-14
5.684341886080802e-14
5.684341886080802e-14
5.684341886080802e-14
5.684341886080802e-14
5.684341886080802e-14
5.684341886080802e-14
5.684341886080802e-14
5.684341886080802e-14
5.684341886080802e-14
5.684341886080802e-14
5.684341886080802e-14
5.684341886080802e-14
5.684341886080802e-14
5.684341886080802e-14
5.684341886080802e-14
5.684341886080802e-14
5.684341886080802e-14
5.684341886080802e-14
5.684341886080802e-14
5.684341886080802e-14
5.684341886080802e-14
5.684341886080802e-14
5.684341886080802e-14
5.684341886080802e-14
5.684341886080802e-14
5.684341886080802e-14
5.684341886080802e-14
5.684341886080802e-14
5.684341886080802e-14
5.684341886080802e-14
5.684341886080802e-14
5.684341886080802e-14
5.684341886080802e-14
5.684341886080802e-14
5.684341886080802e-14
5.684341886080802e-14
5.684341886080802e-14
5.684341886080802e-14
5.684341886080802e-14
5.684341886080802e-14
5.684341886080802e-14
5.684341886080802e-14
5.684341886080802e-14
5.684341886080802e-14
5.684341886080802e-14
5.684341886080802e-14
5.684341886080802e-14
5.684341886080802e-14
5.684341886080802e-14
5.684341886080802e-14
5.684341886080802e-14
5.684341886080802e-14
5.684341886080802e-14
5.684341886080802e-14
5.684341886080802e-14
5.684341886080802e-14
5.684341886080802e-14
5.684341886080802e-14
5.684341886080802e-14
5.684341886080802e-14
5.684341886080802e-14
5.684341886080802e-14
5.684341886080802e-14
5.684341886080802e-14
5.684341886080802e-14
5.684341886080802e-14
5.684341886080802e-14
5.684341886080802e-14
5.684341886080802e-14
5.684341886080802e-14
5.684341886080802e-14
5.684341886080802e-14
5.684341886080802e-14
5.684341886080802e-14
5.684341886080802e-14
5.684341886080802e-14
5.684341886080802e-14
5.684341886080802e-14
5.684341886080802e-14
5.684341886080802e-14
5.684341886080802e-14
5.684341886080802e-14
5.684341886080802e-14
5.684341886080802e-14
5.684341886080802e-14
5.684341886080802e-14
5.684341886080802e-14
5.684341886080802e-14
5.684341886080802e-14
5.684341886080802e-14
5.684341886080802e-14
5.684341886080802e-14
5.684341886080802e-14
5.684341886080802e-14
5.684341886080802e-14
5.684341886080802e-14
5.684341886080802e-14
5.684341886080802e-14
5.684341886080802e-14
5.684341886080802e-14
5.684341886080802e-14
5.684341886080802e-14
5.684341886080802e-14
5.684341886080802e-14
5.684341886080802e-14
5.684341886080802e-14
5.684341886080802e-14
5.684341886080802e-14
5.684341886080802e-14
5.684341886080802e-14
5.684341886080802e-14
5.684341886080802e-14
5.684341886080802e-14
5.684341886080802e-14
5.684341886080802e-14
5.684341886080802e-14
5.684341886080802e-14
5.684341886080802e-14
5.684341886080802e-14
5.684341886080802e-14
5.684341886080802e-14
5.684341886080802e-14
5.684341886080802e-14
5.684341886080802e-14
5.684341886080802e-14
5.684341886080802e-14
5.684341886080802e-14
5.684341886080802e-14
5.684341886080802e-14
5.684341886080802e-14
5.684341886080802e-14
5.684341886080802e-14
5.684341886080802e-14
5.684341886080802e-14
5.684341886080802e-14
5.684341886080802e-14
5.684341886080802e-14
5.684341886080802e-14
5.684341886080802e-14
5.684341886080802e-14
5.684341886080802e-14
5.684341886080802e-14
5.684341886080802e-14
5.684341886080802e-14
5.684341886080802e-14
5.684341886080802e-14
5.684341886080802e-14
5.684341886080802e-14
5.684341886080802e-14
5.684341886080802e-14
5.684341886080802e-14
5.684341886080802e-14
5.684341886080802e-14
5.684341886080802e-14
5.684341886080802e-14
5.684341886080802e-14
5.684341886080802e-14
5.684341886080802e-14
5.684341886080802e-14
5.684341886080802e-14
5.684341886080802e-14
5.684341886080802e-14
5.684341886080802e-14
5.684341886080802e-14
5.684341886080802e-14
5.684341886080802e-14
5.684341886080802e-14
5.684341886080802e-14
5.684341886080802e-14
5.684341886080802e-14
5.684341886080802e-14
5.684341886080802e-14
5.684341886080802e-14
5.684341886080802e-14
5.684341886080802e-14
5.684341886080802e-14
5.684341886080802e-14
5.684341886080802e-14
5.684341886080802e-14
5.684341886080802e-14
5.684341886080802e-14
5.684341886080802e-14
5.684341886080802e-14
5.684341886080802e-14
5.684341886080802e-14
5.684341886080802e-14
5.684341886080802e-14
5.684341886080802e-14
5.684341886080802e-14
5.684341886080802e-14
5.684341886080802e-14
5.684341886080802e-14
5.684341886080802e-14
5.684341886080802e-14
5.684341886080802e-14
5.684341886080802e-14
5.684341886080802e-14
5.684341886080802e-14
5.684341886080802e-14
5.684341886080802e-14
5.684341886080802e-14
5.684341886080802e-14
5.684341886080802e-14
5.684341886080802e-14
5.684341886080802e-14
5.684341886080802e-14
5.684341886080802e-14
5.684341886080802e-14
5.684341886080802e-14
5.684341886080802e-14
5.684341886080802e-14
5.684341886080802e-14
5.684341886080802e-14
5.684341886080802e-14
5.684341886080802e-14
5.684341886080802e-14
5.684341886080802e-14
5.684341886080802e-14
5.684341886080802e-14
5.684341886080802e-14
5.684341886080802e-14
5.684341886080802e-14
5.684341886080802e-14
5.684341886080802e-14
5.684341886080802e-14
5.684341886080802e-14
5.684341886080802e-14
5.684341886080802e-14
5.684341886080802e-14
5.684341886080802e-14
5.684341886080802e-14
5.684341886080802e-14
5.684341886080802e-14
5.684341886080802e-14
5.684341886080802e-14
5.684341886080802e-14
5.684341886080802e-14
5.684341886080802e-14
5.684341886080802e-14
5.684341886080802e-14
5.684341886080802e-14
5.684341886080802e-14
5.684341886080802e-14
5.684341886080802e-14
5.684341886080802e-14
5.684341886080802e-14
5.684341886080802e-14
5.684341886080802e-14
5.684341886080802e-14
5.684341886080802e-14
5.684341886080802e-14
5.684341886080802e-14
5.684341886080802e-14
5.684341886080802e-14
5.684341886080802e-14
5.684341886080802e-14
5.684341886080802e-14
5.684341886080802e-14
5.684341886080802e-14
5.684341886080802e-14
5.684341886080802e-14
5.684341886080802e-14
5.684341886080802e-14
5.684341886080802e-14
5.684341886080802e-14
5.684341886080802e-14
5.684341886080802e-14
5.684341886080802e-14
5.684341886080802e-14
5.684341886080802e-14
5.684341886080802e-14
5.684341886080802e-14
5.684341886080802e-14
5.684341886080802e-14
5.684341886080802e-14
5.684341886080802e-14
5.684341886080802e-14
5.684341886080802e-14
5.684341886080802e-14
5.684341886080802e-14
5.684341886080802e-14
5.684341886080802e-14
5.684341886080802e-14
5.684341886080802e-14
5.684341886080802e-14
5.684341886080802e-14
5.684341886080802e-14
5.684341886080802e-14
5.684341886080802e-14
5.684341886080802e-14
5.684341886080802e-14
5.684341886080802e-14
5.684341886080802e-14
5.684341886080802e-14
5.684341886080802e-14
5.684341886080802e-14
5.684341886080802e-14
5.684341886080802e-14
5.684341886080802e-14
5.684341886080802e-14
5.684341886080802e-14
5.684341886080802e-14
5.684341886080802e-14
5.684341886080802e-14
5.684341886080802e-14
5.684341886080802e-14
5.684341886080802e-14
5.684341886080802e-14
5.684341886080802e-14
5.684341886080802e-14
5.684341886080802e-14
5.684341886080802e-14
5.684341886080802e-14
5.684341886080802e-14
5.684341886080802e-14
5.684341886080802e-14
5.684341886080802e-14
5.684341886080802e-14
5.684341886080802e-14
5.684341886080802e-14
5.684341886080802e-14
5.684341886080802e-14
5.684341886080802e-14
5.684341886080802e-14
5.684341886080802e-14
5.684341886080802e-14
5.684341886080802e-14
5.684341886080802e-14
5.684341886080802e-14
5.684341886080802e-14
5.684341886080802e-14
5.684341886080802e-14
5.684341886080802e-14
5.684341886080802e-14
5.684341886080802e-14
5.684341886080802e-14
5.684341886080802e-14
5.684341886080802e-14
5.684341886080802e-14
5.684341886080802e-14
5.684341886080802e-14
5.684341886080802e-14
5.684341886080802e-14
5.684341886080802e-14
5.684341886080802e-14
5.684341886080802e-14
5.684341886080802e-14
5.684341886080802e-14
5.684341886080802e-14
5.684341886080802e-14
5.684341886080802e-14
5.684341886080802e-14
5.684341886080802e-14
5.684341886080802e-14
5.684341886080802e-14
5.684341886080802e-14
5.684341886080802e-14
5.684341886080802e-14
5.684341886080802e-14
5.684341886080802e-14
5.684341886080802e-14
5.684341886080802e-14
5.684341886080802e-14
5.684341886080802e-14
5.684341886080802e-14
5.684341886080802e-14
5.684341886080802e-14
5.684341886080802e-14
5.684341886080802e-14
5.684341886080802e-14
5.684341886080802e-14
5.684341886080802e-14
5.684341886080802e-14
5.684341886080802e-14
5.684341886080802e-14
5.684341886080802e-14
5.684341886080802e-14
5.684341886080802e-14
5.684341886080802e-14
5.684341886080802e-14
5.684341886080802e-14
5.684341886080802e-14
5.684341886080802e-14
5.684341886080802e-14
5.684341886080802e-14
5.684341886080802e-14
5.684341886080802e-14
5.684341886080802e-14
5.684341886080802e-14
5.684341886080802e-14
5.684341886080802e-14
5.684341886080802e-14
5.684341886080802e-14
5.684341886080802e-14
5.684341886080802e-14
5.684341886080802e-14
5.684341886080802e-14
5.684341886080802e-14
5.684341886080802e-14
5.684341886080802e-14
5.684341886080802e-14
5.684341886080802e-14
5.684341886080802e-14
5.684341886080802e-14
5.684341886080802e-14
5.684341886080802e-14
5.684341886080802e-14
5.684341886080802e-14
5.684341886080802e-14
5.684341886080802e-14
5.684341886080802e-14
5.684341886080802e-14
5.684341886080802e-14
5.684341886080802e-14
5.684341886080802e-14
5.684341886080802e-14
5.684341886080802e-14
5.684341886080802e-14
5.684341886080802e-14
5.684341886080802e-14
5.684341886080802e-14
5.684341886080802e-14
5.684341886080802e-14
5.684341886080802e-14
5.684341886080802e-14
5.684341886080802e-14
5.684341886080802e-14
5.684341886080802e-14
5.684341886080802e-14
5.684341886080802e-14
5.684341886080802e-14
5.684341886080802e-14
5.684341886080802e-14
5.684341886080802e-14
5.684341886080802e-14
5.684341886080802e-14
5.684341886080802e-14
5.684341886080802e-14
5.684341886080802e-14
5.684341886080802e-14
5.684341886080802e-14
5.684341886080802e-14
5.684341886080802e-14
5.684341886080802e-14
5.684341886080802e-14
5.684341886080802e-14
5.684341886080802e-14
5.684341886080802e-14
5.684341886080802e-14
5.684341886080802e-14
5.684341886080802e-14
5.684341886080802e-14
5.684341886080802e-14
5.684341886080802e-14
5.684341886080802e-14
5.684341886080802e-14
5.684341886080802e-14
5.684341886080802e-14
5.684341886080802e-14
5.684341886080802e-14
5.684341886080802e-14
5.684341886080802e-14
5.684341886080802e-14
5.684341886080802e-14
5.684341886080802e-14
5.684341886080802e-14
5.684341886080802e-14
5.684341886080802e-14
5.684341886080802e-14
5.684341886080802e-14
5.684341886080802e-14
5.684341886080802e-14
5.684341886080802e-14
5.684341886080802e-14
5.684341886080802e-14
5.684341886080802e-14
5.684341886080802e-14
5.684341886080802e-14
5.684341886080802e-14
5.684341886080802e-14
5.684341886080802e-14
5.684341886080802e-14
5.684341886080802e-14
5.684341886080802e-14
5.684341886080802e-14
5.684341886080802e-14
5.684341886080802e-14
5.684341886080802e-14
5.684341886080802e-14
5.684341886080802e-14
5.684341886080802e-14
5.684341886080802e-14
5.684341886080802e-14
5.684341886080802e-14
5.684341886080802e-14
5.684341886080802e-14
5.684341886080802e-14
5.684341886080802e-14
5.684341886080802e-14
5.684341886080802e-14
5.684341886080802e-14
5.684341886080802e-14
5.684341886080802e-14
5.684341886080802e-14
5.684341886080802e-14
5.684341886080802e-14
5.684341886080802e-14
5.684341886080802e-14
5.684341886080802e-14
5.684341886080802e-14
5.684341886080802e-14
5.684341886080802e-14
5.684341886080802e-14
5.684341886080802e-14
5.684341886080802e-14
5.684341886080802e-14
5.684341886080802e-14
5.684341886080802e-14
5.684341886080802e-14
5.684341886080802e-14
5.684341886080802e-14
5.684341886080802e-14
5.684341886080802e-14
5.684341886080802e-14
5.684341886080802e-14
5.684341886080802e-14
5.684341886080802e-14
5.684341886080802e-14
5.684341886080802e-14
5.684341886080802e-14
5.684341886080802e-14
5.684341886080802e-14
5.684341886080802e-14
5.684341886080802e-14
5.684341886080802e-14
5.684341886080802e-14
5.684341886080802e-14
5.684341886080802e-14
5.684341886080802e-14
5.684341886080802e-14
5.684341886080802e-14
5.684341886080802e-14
5.684341886080802e-14
5.684341886080802e-14
5.684341886080802e-14
5.684341886080802e-14
5.684341886080802e-14
5.684341886080802e-14
5.684341886080802e-14
5.684341886080802e-14
5.684341886080802e-14
5.684341886080802e-14
5.684341886080802e-14
5.684341886080802e-14
5.684341886080802e-14
5.684341886080802e-14
5.684341886080802e-14
5.684341886080802e-14
5.684341886080802e-14
5.684341886080802e-14
5.684341886080802e-14
5.684341886080802e-14
5.684341886080802e-14
5.684341886080802e-14
5.684341886080802e-14
5.684341886080802e-14
5.684341886080802e-14
5.684341886080802e-14
5.684341886080802e-14
5.684341886080802e-14
5.684341886080802e-14
5.684341886080802e-14
5.684341886080802e-14
5.684341886080802e-14
5.684341886080802e-14
5.684341886080802e-14
5.684341886080802e-14
5.684341886080802e-14
5.684341886080802e-14
5.684341886080802e-14
5.684341886080802e-14
5.684341886080802e-14
5.684341886080802e-14
5.684341886080802e-14
5.684341886080802e-14
5.684341886080802e-14
5.684341886080802e-14
5.684341886080802e-14
5.684341886080802e-14
5.684341886080802e-14
5.684341886080802e-14
5.684341886080802e-14
5.684341886080802e-14
5.684341886080802e-14
5.684341886080802e-14
5.684341886080802e-14
5.684341886080802e-14
5.684341886080802e-14
5.684341886080802e-14
5.684341886080802e-14
5.684341886080802e-14
5.684341886080802e-14
5.684341886080802e-14
5.684341886080802e-14
5.684341886080802e-14
5.684341886080802e-14
5.684341886080802e-14
5.684341886080802e-14
5.684341886080802e-14
5.684341886080802e-14
5.684341886080802e-14
5.684341886080802e-14
5.684341886080802e-14
5.684341886080802e-14
5.684341886080802e-14
5.684341886080802e-14
5.684341886080802e-14
5.684341886080802e-14
5.684341886080802e-14
5.684341886080802e-14
5.684341886080802e-14
5.684341886080802e-14
5.684341886080802e-14
5.684341886080802e-14
5.684341886080802e-14
5.684341886080802e-14
5.684341886080802e-14
5.684341886080802e-14
0.0
0.0
0.0
0.0
0.0
0.0
0.0
0.0
0.0
0.0
0.0
0.0
0.0
0.0
0.0
0.0
0.0
0.0
0.0
0.0
0.0
0.0
0.0
0.0
0.0
0.0
0.0
0.0
0.0
0.0
0.0
0.0
0.0
0.0
0.0
0.0
0.0
0.0
0.0
0.0
0.0
0.0
0.0
0.0
0.0
0.0
0.0
0.0
0.0
0.0
0.0
0.0
0.0
0.0
0.0
0.0
0.0
0.0
0.0
0.0
0.0
0.0
0.0
0.0
0.0
0.0
0.0
0.0
0.0
0.0
0.0
0.0
0.0
0.0
0.0
0.0
0.0
0.0
0.0
0.0
0.0
0.0
0.0
0.0
0.0
0.0
0.0
0.0
0.0
0.0
0.0
0.0
0.0
0.0
0.0
0.0
0.0
0.0
0.0
0.0
0.0
0.0
0.0
0.0
0.0
0.0
0.0
0.0
0.0
0.0
0.0
0.0
0.0
0.0
0.0
0.0
0.0
0.0
0.0
0.0
0.0
0.0
0.0
0.0
0.0
0.0
0.0
0.0
0.0
0.0
0.0
0.0
0.0
0.0
0.0
0.0
0.0
0.0
0.0
0.0
0.0
0.0
0.0
0.0
0.0
0.0
0.0
0.0
0.0
0.0
0.0
0.0
0.0
0.0
0.0
0.0
0.0
0.0
0.0
0.0
0.0
0.0
0.0
0.0
0.0
0.0
0.0
0.0
0.0
0.0
0.0
0.0
0.0
0.0
0.0
0.0
0.0
0.0
0.0
0.0
0.0
0.0
0.0
0.0
0.0
0.0
0.0
0.0
0.0
0.0
0.0
0.0
0.0
0.0
0.0
0.0
0.0
0.0
0.0
0.0
0.0
0.0
0.0
0.0
0.0
0.0
0.0
0.0
0.0
0.0
0.0
0.0
0.0
0.0
0.0
0.0
0.0
0.0
0.0
0.0
0.0
0.0
0.0
0.0
0.0
0.0
0.0
0.0
0.0
0.0
0.0
0.0
0.0
0.0
0.0
0.0
0.0
0.0
0.0
0.0
0.0
0.0
0.0
0.0
0.0
0.0
0.0
0.0
0.0
0.0
0.0
0.0
0.0
0.0
0.0
0.0
0.0
0.0
0.0
0.0
0.0
0.0
0.0
0.0
0.0
0.0
0.0
0.0
0.0
0.0
0.0
0.0
0.0
0.0
0.0
0.0
0.0
0.0
0.0
0.0
0.0
0.0
0.0
0.0
0.0
0.0
0.0
0.0
0.0
0.0
0.0
0.0
0.0
0.0
0.0
0.0
0.0
0.0
0.0
0.0
0.0
0.0
0.0
0.0
0.0
0.0
0.0
0.0
0.0
0.0
0.0
0.0
0.0
0.0
0.0
0.0
0.0
0.0
0.0
0.0
0.0
0.0
0.0
0.0
0.0
0.0
0.0
0.0
0.0
0.0
0.0
0.0
0.0
0.0
0.0
0.0
0.0
0.0
0.0
0.0
0.0
0.0
0.0
0.0
0.0
0.0
0.0
0.0
0.0
0.0
0.0
0.0
0.0
0.0
0.0
0.0
0.0
0.0
0.0
0.0
0.0
0.0
0.0
0.0
0.0
0.0
0.0
0.0
0.0
0.0
0.0
0.0
0.0
0.0
0.0
0.0
0.0
0.0
0.0
0.0
0.0
0.0
0.0
0.0
0.0
0.0
0.0
0.0
0.0
0.0
0.0
0.0
0.0
0.0
0.0
0.0
0.0
0.0
0.0
0.0
0.0
0.0
0.0
0.0
0.0
0.0
0.0
0.0
0.0
0.0
0.0
0.0
0.0
0.0
0.0
0.0
0.0
0.0
0.0
0.0
0.0
0.0
0.0
0.0
0.0
0.0
0.0
0.0
0.0
0.0
0.0
0.0
0.0
0.0
0.0
0.0
0.0
0.0
0.0
0.0
0.0
0.0
0.0
0.0
0.0
0.0
0.0
0.0
0.0
0.0
0.0
0.0
0.0
0.0
0.0
0.0
0.0
0.0
0.0
0.0
0.0
0.0
0.0
0.0
0.0
0.0
0.0
0.0
0.0
0.0
0.0
0.0
0.0
0.0
0.0
0.0
0.0
0.0
0.0
0.0
0.0
0.0
0.0
0.0
0.0
0.0
0.0
0.0
0.0
0.0
0.0
0.0
0.0
0.0
0.0
0.0
0.0
0.0
0.0
0.0
0.0
0.0
0.0
0.0
0.0
0.0
0.0
0.0
0.0
0.0
0.0
0.0
0.0
0.0
0.0
0.0
0.0
0.0
0.0
0.0
0.0
0.0
0.0
0.0
0.0
0.0
0.0
0.0
0.0
0.0
0.0
0.0
0.0
0.0
0.0
0.0
0.0
0.0
0.0
0.0
0.0
0.0
0.0
0.0
0.0
0.0
0.0
0.0
0.0
0.0
0.0
0.0
0.0
0.0
0.0
0.0
0.0
0.0
0.0
0.0
0.0
0.0
0.0
0.0
0.0
0.0
0.0
0.0
0.0
0.0
0.0
0.0
0.0
0.0
0.0
0.0
0.0
0.0
0.0
0.0
0.0
0.0
0.0
0.0
0.0
0.0
0.0
0.0
0.0
0.0
0.0
0.0
0.0
0.0
0.0
0.0
0.0
0.0
0.0
0.0
0.0
0.0
0.0
0.0
0.0
0.0
0.0
0.0
0.0
0.0
0.0
0.0
0.0
0.0
0.0
0.0
0.0
0.0
0.0
0.0
0.0
0.0
0.0
0.0
0.0
0.0
0.0
0.0
0.0
0.0
0.0
0.0
0.0
0.0
0.0
0.0
0.0
0.0
0.0
0.0
0.0
0.0
0.0
0.0
0.0
0.0
0.0
0.0
0.0
0.0
0.0
0.0
0.0
0.0
0.0
0.0
0.0
0.0
0.0
0.0
0.0
0.0
0.0
0.0
0.0
0.0
0.0
0.0
0.0
0.0
0.0
0.0
0.0
0.0
0.0
0.0
0.0
0.0
0.0
0.0
0.0
0.0
0.0
0.0
0.0
0.0
0.0
0.0
0.0
0.0
0.0
0.0
0.0
0.0
0.0
0.0
0.0
0.0
0.0
0.0
0.0
0.0
0.0
0.0
0.0
0.0
0.0
0.0
0.0
0.0
0.0
0.0
0.0
0.0
0.0
0.0
0.0
0.0
0.0
0.0
0.0
0.0
0.0
0.0
0.0
0.0
0.0
0.0
0.0
0.0
0.0
0.0
0.0
0.0
0.0
0.0
0.0
0.0
0.0
0.0
0.0
0.0
0.0
0.0
0.0
0.0
0.0
0.0
0.0
0.0
0.0
0.0
0.0
0.0
0.0
0.0
0.0
0.0
0.0
0.0
0.0
0.0
0.0
0.0
0.0
0.0
0.0
0.0
0.0
0.0
0.0
0.0
0.0
0.0
0.0
0.0
0.0
0.0
0.0
0.0
0.0
0.0
0.0
0.0
0.0
0.0
0.0
0.0
0.0
0.0
0.0
0.0
0.0
0.0
0.0
0.0
0.0
0.0
0.0
0.0
0.0
0.0
0.0
0.0
0.0
0.0
0.0
0.0
0.0
0.0
0.0
0.0
0.0
0.0
0.0
0.0
0.0
0.0
0.0
0.0
0.0
0.0
0.0
0.0
0.0
0.0
0.0
0.0
0.0
0.0
0.0
0.0
0.0
0.0
0.0
0.0
0.0
0.0
0.0
0.0
0.0
0.0
0.0
0.0
0.0
0.0
0.0
0.0
0.0
0.0
0.0
0.0
0.0
0.0
0.0
0.0
0.0
0.0
0.0
0.0
0.0
0.0
0.0
0.0
0.0
0.0
0.0
0.0
0.0
0.0
0.0
0.0
0.0
0.0
0.0
0.0
0.0
0.0
0.0
0.0
0.0
0.0
0.0
0.0
0.0
0.0
0.0
0.0
0.0
0.0
0.0
0.0
0.0
0.0
0.0
0.0
0.0
0.0
0.0
0.0
0.0
0.0
0.0
0.0
0.0
0.0
0.0
0.0
0.0
0.0
0.0
0.0
0.0
0.0
0.0
0.0
0.0
0.0
0.0
0.0
0.0
0.0
0.0
0.0
0.0
0.0
0.0
0.0
0.0
0.0
0.0
0.0
0.0
0.0
0.0
0.0
0.0
0.0
0.0
0.0
0.0
0.0
0.0
0.0
0.0
0.0
0.0
0.0
0.0
0.0
0.0
0.0
0.0
0.0
0.0
0.0
0.0
0.0
0.0
0.0
0.0
0.0
0.0
0.0
0.0
0.0
0.0
0.0
0.0
0.0
0.0
0.0
0.0
0.0
0.0
0.0
0.0
0.0
0.0
0.0
0.0
0.0
0.0
0.0
0.0
0.0
0.0
0.0
0.0
0.0
0.0
0.0
0.0
0.0
0.0
0.0
0.0
0.0
0.0
0.0
0.0
0.0
0.0
0.0
0.0
0.0
0.0
0.0
0.0
0.0
0.0
0.0
0.0
0.0
0.0
0.0
0.0
0.0
0.0
0.0
0.0
0.0
0.0
0.0
0.0
0.0
0.0
0.0
0.0
0.0
0.0
0.0
0.0
0.0
0.0
0.0
0.0
0.0
0.0
0.0
0.0
0.0
0.0
0.0
0.0
0.0
0.0
0.0
0.0
0.0
0.0
0.0
0.0
0.0
0.0
0.0
0.0
0.0
0.0
0.0
0.0
0.0
0.0
0.0
0.0
0.0
0.0
0.0
0.0
0.0
0.0
0.0
0.0
0.0
0.0
0.0
0.0
0.0
0.0
0.0
0.0
0.0
0.0
0.0
0.0
0.0
0.0
0.0
0.0
0.0
0.0
0.0
0.0
0.0
0.0
0.0
0.0
0.0
0.0
0.0
0.0
0.0
0.0
0.0
0.0
0.0
0.0
0.0
0.0
0.0
0.0
0.0
0.0
0.0
0.0
0.0
0.0
0.0
0.0
0.0
0.0
0.0
0.0
0.0
0.0
0.0
0.0
0.0
0.0
0.0
0.0
0.0
0.0
0.0
0.0
0.0
0.0
0.0
0.0
0.0
0.0
0.0
0.0
0.0
0.0
0.0
0.0
0.0
0.0
0.0
0.0
0.0
0.0
0.0
0.0
0.0
0.0
0.0
0.0
0.0
0.0
0.0
0.0
0.0
0.0
0.0
0.0
0.0
0.0
0.0
0.0
0.0
0.0
0.0
0.0
0.0
0.0
0.0
0.0
0.0
0.0
0.0
0.0
0.0
0.0
0.0
0.0
0.0
0.0
0.0
0.0
0.0
0.0
0.0
0.0
0.0
0.0
0.0
0.0
0.0
0.0
0.0
0.0
0.0
0.0
0.0
0.0
0.0
0.0
0.0
0.0
0.0
0.0
0.0
0.0
0.0
0.0
0.0
0.0
0.0
0.0
0.0
0.0
0.0
0.0
0.0
0.0
0.0
0.0
0.0
0.0
0.0
0.0
0.0
0.0
0.0
0.0
0.0
0.0
0.0
0.0
0.0
0.0
0.0
0.0
0.0
0.0
0.0
0.0
0.0
0.0
0.0
0.0
0.0
0.0
0.0
0.0
0.0
0.0
0.0
0.0
0.0
0.0
0.0
0.0
0.0
0.0
0.0
0.0
0.0
0.0
0.0
0.0
0.0
0.0
0.0
0.0
0.0
0.0
0.0
0.0
0.0
0.0
0.0
0.0
0.0
0.0
0.0
0.0
0.0
0.0
0.0
0.0
0.0
0.0
0.0
0.0
0.0
0.0
0.0
0.0
0.0
0.0
0.0
0.0
0.0
0.0
0.0
0.0
0.0
0.0
0.0
0.0
0.0
0.0
0.0
0.0
0.0
0.0
0.0
0.0
0.0
0.0
0.0
0.0
0.0
0.0
0.0
0.0
0.0
0.0
0.0
0.0
0.0
0.0
0.0
0.0
0.0
0.0
0.0
0.0
0.0
0.0
0.0
0.0
0.0
0.0
0.0
0.0
0.0
0.0
0.0
0.0
0.0
0.0
0.0
0.0
0.0
0.0
0.0
0.0
0.0
0.0
0.0
0.0
0.0
0.0
0.0
0.0
0.0
0.0
0.0
0.0
0.0
0.0
0.0
0.0
0.0
0.0
0.0
0.0
0.0
0.0
0.0
0.0
0.0
0.0
0.0
0.0
0.0
0.0
0.0
0.0
0.0
0.0
0.0
0.0
0.0
0.0
0.0
0.0
0.0
0.0
0.0
0.0
0.0
0.0
0.0
0.0
0.0
0.0
0.0
0.0
0.0
0.0
0.0
0.0
0.0
0.0
0.0
0.0
0.0
0.0
0.0
0.0
0.0
0.0
0.0
0.0
0.0
0.0
0.0
0.0
0.0
0.0
0.0
0.0
0.0
0.0
0.0
0.0
0.0
0.0
0.0
0.0
0.0
0.0
0.0
0.0
0.0
0.0
0.0
0.0
0.0
0.0
0.0
0.0
0.0
0.0
0.0
0.0
0.0
0.0
0.0
0.0
0.0
0.0
0.0
0.0
0.0
0.0
0.0
0.0
0.0
0.0
0.0
0.0
0.0
0.0
0.0
0.0
0.0
0.0
0.0
0.0
0.0
0.0
0.0
0.0
0.0
0.0
0.0
0.0
0.0
0.0
0.0
0.0
0.0
0.0
0.0
0.0
0.0
0.0
0.0
0.0
0.0
0.0
0.0
0.0
0.0
0.0
0.0
0.0
0.0
0.0
0.0
0.0
0.0
0.0
0.0
0.0
0.0
0.0
0.0
0.0
0.0
0.0
0.0
0.0
0.0
0.0
0.0
0.0
0.0
0.0
0.0
0.0
0.0
0.0
0.0
0.0
0.0
0.0
0.0
0.0
0.0
0.0
0.0
0.0
0.0
0.0
0.0
0.0
0.0
0.0
0.0
0.0
0.0
0.0
0.0
0.0
0.0
0.0
0.0
0.0
0.0
0.0
0.0
0.0
0.0
0.0
0.0
0.0
0.0
0.0
0.0
0.0
0.0
0.0
0.0
0.0
0.0
0.0
0.0
0.0
0.0
0.0
0.0
0.0
0.0
0.0
0.0
0.0
0.0
0.0
0.0
0.0
0.0
0.0
0.0
0.0
0.0
0.0
0.0
0.0
0.0
0.0
0.0
0.0
0.0
0.0
0.0
0.0
0.0
0.0
0.0
0.0
0.0
0.0
0.0
0.0
0.0
0.0
0.0
0.0
0.0
0.0
0.0
0.0
0.0
0.0
0.0
0.0
0.0
0.0
0.0
0.0
0.0
0.0
0.0
0.0
0.0
0.0
0.0
0.0
0.0
0.0
0.0
0.0
0.0
0.0
0.0
0.0
0.0
0.0
0.0
0.0
0.0
0.0
0.0
0.0
0.0
0.0
0.0
0.0
0.0
0.0
0.0
0.0
0.0
0.0
0.0
0.0
0.0
0.0
0.0
0.0
0.0
0.0
0.0
0.0
0.0
0.0
0.0
0.0
0.0
0.0
0.0
0.0
0.0
0.0
0.0
0.0
0.0
0.0
0.0
0.0
0.0
0.0
0.0
0.0
0.0
0.0
0.0
0.0
0.0
0.0
0.0
0.0
0.0
0.0
0.0
0.0
0.0
0.0
0.0
0.0
0.0
0.0
0.0
0.0
0.0
0.0
0.0
0.0
0.0
0.0
0.0
0.0
0.0
0.0
0.0
0.0
0.0
0.0
0.0
0.0
0.0
0.0
0.0
0.0
0.0
0.0
0.0
0.0
0.0
0.0
0.0
0.0
0.0
0.0
0.0
0.0
0.0
0.0
0.0
0.0
0.0
0.0
0.0
0.0
0.0
0.0
0.0
0.0
0.0
0.0
0.0
0.0
0.0
0.0
0.0
0.0
0.0
0.0
0.0
0.0
0.0
0.0
0.0
0.0
0.0
0.0
0.0
0.0
0.0
0.0
0.0
0.0
0.0
0.0
0.0
0.0
0.0
0.0
0.0
0.0
0.0
0.0
0.0
0.0
0.0
0.0
0.0
0.0
0.0
0.0
0.0
0.0
0.0
0.0
0.0
0.0
0.0
0.0
0.0
0.0
0.0
0.0
0.0
0.0
0.0
0.0
0.0
0.0
0.0
0.0
0.0
0.0
0.0
0.0
0.0
0.0
0.0
0.0
0.0
0.0
0.0
0.0
0.0
0.0
0.0
0.0
0.0
0.0
0.0
0.0
0.0
0.0
0.0
0.0
0.0
0.0
0.0
0.0
0.0
0.0
0.0
0.0
0.0
0.0
0.0
0.0
0.0
0.0
0.0
0.0
0.0
0.0
0.0
0.0
0.0
0.0
0.0
0.0
0.0
0.0
0.0
0.0
0.0
0.0
0.0
0.0
0.0
0.0
0.0
0.0
0.0
0.0
0.0
0.0
0.0
0.0
0.0
0.0
0.0
0.0
0.0
0.0
0.0
0.0
0.0
0.0
0.0
0.0
0.0
0.0
0.0
0.0
0.0
0.0
0.0
0.0
0.0
0.0
0.0
0.0
0.0
0.0
0.0
0.0
0.0
0.0
0.0
0.0
0.0
0.0
0.0
0.0
0.0
0.0
0.0
0.0
0.0
0.0
0.0
0.0
0.0
0.0
0.0
0.0
0.0
0.0
0.0
0.0
0.0
0.0
0.0
0.0
0.0
0.0
0.0
0.0
0.0
0.0
0.0
0.0
0.0
0.0
0.0
0.0
0.0
0.0
0.0
0.0
0.0
0.0
0.0
0.0
0.0
0.0
0.0
0.0
0.0
0.0
0.0
0.0
0.0
0.0
0.0
0.0
0.0
0.0
0.0
0.0
0.0
0.0
0.0
0.0
0.0
0.0
0.0
0.0
0.0
0.0
0.0
0.0
0.0
0.0
0.0
0.0
0.0
0.0
0.0
0.0
0.0
0.0
0.0
0.0
0.0
0.0
0.0
0.0
0.0
0.0
0.0
0.0
0.0
0.0
0.0
0.0
0.0
0.0
0.0
0.0
0.0
0.0
0.0
0.0
0.0
0.0
0.0
0.0
0.0
0.0
0.0
0.0
0.0
0.0
0.0
0.0
0.0
0.0
0.0
0.0
0.0
0.0
0.0
0.0
0.0
0.0
0.0
0.0
0.0
0.0
0.0
0.0
0.0
0.0
0.0
0.0
0.0
0.0
0.0
0.0
0.0
0.0
0.0
0.0
0.0
0.0
0.0
0.0
0.0
0.0
0.0
0.0
0.0
0.0
0.0
0.0
0.0
0.0
0.0
0.0
0.0
0.0
0.0
0.0
0.0
0.0
0.0
0.0
0.0
0.0
0.0
0.0
0.0
0.0
0.0
0.0
0.0
0.0
0.0
0.0
0.0
0.0
0.0
0.0
0.0
0.0
0.0
0.0
0.0
0.0
0.0
0.0
0.0
0.0
0.0
0.0
0.0
0.0
0.0
0.0
0.0
0.0
0.0
0.0
0.0
0.0
0.0
0.0
0.0
0.0
0.0
0.0
0.0
0.0
0.0
0.0
0.0
0.0
0.0
0.0
0.0
0.0
0.0
0.0
0.0
0.0
0.0
0.0
0.0
0.0
0.0
0.0
0.0
0.0
0.0
0.0
0.0
0.0
0.0
0.0
0.0
0.0
0.0
0.0
0.0
0.0
0.0
0.0
0.0
0.0
0.0
0.0
0.0
0.0
0.0
0.0
0.0
0.0
0.0
0.0
0.0
0.0
0.0
0.0
0.0
0.0
0.0
0.0
0.0
0.0
0.0
0.0
0.0
0.0
0.0
0.0
0.0
0.0
0.0
0.0
0.0
0.0
0.0
0.0
0.0
0.0
0.0
0.0
0.0
0.0
0.0
0.0
0.0
0.0
0.0
0.0
0.0
0.0
0.0
0.0
0.0
0.0
0.0
0.0
0.0
0.0
0.0
0.0
0.0
0.0
0.0
0.0
0.0
0.0
0.0
0.0
0.0
0.0
0.0
0.0
0.0
0.0
0.0
0.0
0.0
0.0
0.0
0.0
0.0
0.0
0.0
0.0
0.0
0.0
0.0
0.0
0.0
0.0
0.0
0.0
0.0
0.0
0.0
0.0
0.0
0.0
0.0
0.0
0.0
0.0
0.0
0.0
0.0
0.0
0.0
0.0
0.0
0.0
0.0
0.0
0.0
0.0
0.0
0.0
0.0
0.0
0.0
0.0
0.0
0.0
0.0
0.0
0.0
0.0
0.0
0.0
0.0
0.0
0.0
0.0
0.0
0.0
0.0
0.0
0.0
0.0
0.0
0.0
0.0
0.0
0.0
0.0
0.0
0.0
0.0
0.0
0.0
0.0
0.0
0.0
0.0
0.0
0.0
0.0
0.0
0.0
0.0
0.0
0.0
0.0
0.0
0.0
0.0
0.0
0.0
0.0
0.0
0.0
0.0
0.0
0.0
0.0
0.0
0.0
0.0
0.0
0.0
0.0
0.0
0.0
0.0
0.0
0.0
0.0
0.0
0.0
0.0
0.0
0.0
0.0
0.0
0.0
0.0
0.0
0.0
0.0
0.0
0.0
0.0
0.0
0.0
0.0
0.0
0.0
0.0
0.0
0.0
0.0
0.0
0.0
0.0
0.0
0.0
0.0
0.0
0.0
0.0
0.0
0.0
0.0
0.0
0.0
0.0
0.0
0.0
0.0
0.0
0.0
0.0
0.0
0.0
0.0
0.0
0.0
0.0
0.0
0.0
0.0
0.0
0.0
0.0
0.0
0.0
0.0
0.0
0.0
0.0
0.0
0.0
0.0
0.0
0.0
0.0
0.0
0.0
0.0
0.0
0.0
0.0
0.0
0.0
0.0
0.0
0.0
0.0
0.0
0.0
0.0
0.0
0.0
0.0
0.0
0.0
0.0
0.0
0.0
0.0
0.0
0.0
0.0
0.0
0.0
0.0
0.0
0.0
0.0
0.0
0.0
0.0
0.0
0.0
0.0
0.0
0.0
0.0
0.0
0.0
0.0
0.0
0.0
0.0
0.0
0.0
0.0
0.0
0.0
0.0
0.0
0.0
0.0
0.0
0.0
0.0
0.0
0.0
0.0
0.0
0.0
0.0
0.0
0.0
0.0
0.0
0.0
0.0
0.0
0.0
0.0
0.0
0.0
0.0
0.0
0.0
0.0
0.0
0.0
0.0
0.0
0.0
0.0
0.0
0.0
0.0
0.0
0.0
0.0
0.0
0.0
0.0
0.0
0.0
0.0
0.0
0.0
0.0
0.0
0.0
0.0
0.0
0.0
0.0
0.0
0.0
0.0
0.0
0.0
0.0
0.0
0.0
0.0
0.0
0.0
0.0
0.0
0.0
0.0
0.0
0.0
0.0
0.0
0.0
0.0
0.0
0.0
0.0
0.0
0.0
0.0
0.0
0.0
0.0
0.0
0.0
0.0
0.0
0.0
0.0
0.0
0.0
0.0
0.0
0.0
0.0
0.0
0.0
0.0
0.0
0.0
0.0
0.0
0.0
0.0
0.0
0.0
0.0
0.0
0.0
0.0
0.0
0.0
0.0
0.0
0.0
0.0
0.0
0.0
0.0
0.0
0.0
0.0
0.0
0.0
0.0
0.0
0.0
0.0
0.0
0.0
0.0
0.0
0.0
0.0
0.0
0.0
0.0
0.0
0.0
0.0
0.0
0.0
0.0
0.0
0.0
0.0
0.0
0.0
0.0
0.0
0.0
0.0
0.0
0.0
0.0
0.0
0.0
0.0
0.0
0.0
0.0
0.0
0.0
0.0
0.0
0.0
0.0
0.0
0.0
0.0
0.0
0.0
0.0
0.0
0.0
0.0
0.0
0.0
0.0
0.0
0.0
0.0
0.0
0.0
0.0
0.0
0.0
0.0
0.0
0.0
0.0
0.0
0.0
0.0
0.0
0.0
0.0
0.0
0.0
0.0
0.0
0.0
0.0
0.0
0.0
0.0
0.0
0.0
0.0
0.0
0.0
0.0
0.0
0.0
0.0
0.0
0.0
0.0
0.0
0.0
0.0
0.0
0.0
0.0
0.0
0.0
0.0
0.0
0.0
0.0
0.0
0.0
0.0
0.0
0.0
0.0
0.0
0.0
0.0
0.0
0.0
0.0
0.0
0.0
0.0
0.0
0.0
0.0
0.0
0.0
0.0
0.0
0.0
0.0
0.0
0.0
0.0
0.0
0.0
0.0
0.0
0.0
0.0
0.0
0.0
0.0
0.0
0.0
0.0
0.0
0.0
0.0
0.0
0.0
0.0
0.0
0.0
0.0
0.0
0.0
0.0
0.0
0.0
0.0
0.0
0.0
0.0
0.0
0.0
0.0
0.0
0.0
0.0
0.0
0.0
0.0
0.0
0.0
0.0
0.0
0.0
0.0
0.0
0.0
0.0
0.0
0.0
0.0
0.0
0.0
0.0
0.0
0.0
0.0
0.0
0.0
0.0
0.0
0.0
0.0
0.0
0.0
0.0
0.0
0.0
0.0
0.0
0.0
0.0
0.0
0.0
0.0
0.0
0.0
0.0
0.0
0.0
0.0
0.0
0.0
0.0
0.0
0.0
0.0
0.0
0.0
0.0
0.0
0.0
0.0
0.0
0.0
0.0
0.0
0.0
0.0
0.0
0.0
0.0
0.0
0.0
0.0
0.0
0.0
0.0
0.0
0.0
0.0
0.0
0.0
0.0
0.0
0.0
0.0
0.0
0.0
0.0
0.0
0.0
0.0
0.0
0.0
0.0
0.0
0.0
0.0
0.0
0.0
0.0
0.0
0.0
0.0
0.0
0.0
0.0
0.0
0.0
0.0
0.0
0.0
0.0
0.0
0.0
0.0
0.0
0.0
0.0
0.0
0.0
0.0
0.0
0.0
0.0
0.0
0.0
0.0
0.0
0.0
0.0
0.0
0.0
0.0
0.0
0.0
0.0
0.0
0.0
0.0
0.0
0.0
0.0
0.0
0.0
0.0
0.0
0.0
0.0
0.0
0.0
0.0
0.0
0.0
0.0
0.0
0.0
0.0
0.0
0.0
0.0
0.0
0.0
0.0
0.0
0.0
0.0
0.0
0.0
0.0
0.0
0.0
0.0
0.0
0.0
0.0
0.0
0.0
0.0
0.0
0.0
0.0
0.0
0.0
0.0
0.0
0.0
0.0
0.0
0.0
0.0
0.0
0.0
0.0
0.0
0.0
0.0
0.0
0.0
0.0
0.0
0.0
0.0
0.0
0.0
0.0
0.0
0.0
0.0
0.0
0.0
0.0
0.0
0.0
0.0
0.0
0.0
0.0
0.0
0.0
0.0
0.0
0.0
0.0
0.0
0.0
0.0
0.0
0.0
0.0
0.0
0.0
0.0
0.0
0.0
0.0
0.0
0.0
0.0
0.0
0.0
0.0
0.0
0.0
0.0
0.0
0.0
0.0
0.0
0.0
0.0
0.0
0.0
0.0
0.0
0.0
0.0
0.0
0.0
0.0
0.0
0.0
0.0
0.0
0.0
0.0
0.0
0.0
0.0
0.0
0.0
0.0
0.0
0.0
0.0
0.0
0.0
0.0
0.0
0.0
0.0
0.0
0.0
0.0
0.0
0.0
0.0
0.0
0.0
0.0
0.0
0.0
0.0
0.0
0.0
0.0
0.0
0.0
0.0
0.0
0.0
0.0
0.0
0.0
0.0
0.0
0.0
0.0
0.0
0.0
0.0
0.0
0.0
0.0
0.0
0.0
0.0
0.0
0.0
0.0
0.0
0.0
0.0
0.0
0.0
0.0
0.0
0.0
0.0
0.0
0.0
0.0
0.0
0.0
0.0
0.0
0.0
0.0
0.0
0.0
0.0
0.0
0.0
0.0
0.0
0.0
0.0
0.0
0.0
0.0
0.0
0.0
0.0
0.0
0.0
0.0
0.0
0.0
0.0
0.0
0.0
0.0
0.0
0.0
0.0
0.0
0.0
0.0
0.0
0.0
0.0
0.0
0.0
0.0
0.0
0.0
0.0
0.0
0.0
0.0
0.0
0.0
0.0
0.0
0.0
0.0
0.0
0.0
0.0
0.0
0.0
0.0
0.0
0.0
0.0
0.0
0.0
0.0
0.0
0.0
0.0
0.0
0.0
0.0
0.0
0.0
0.0
0.0
0.0
0.0
0.0
0.0
0.0
0.0
0.0
0.0
0.0
0.0
0.0
0.0
0.0
0.0
0.0
0.0
0.0
0.0
0.0
0.0
0.0
0.0
0.0
0.0
0.0
0.0
0.0
0.0
0.0
0.0
0.0
0.0
0.0
0.0
0.0
0.0
0.0
0.0
0.0
0.0
0.0
0.0
0.0
0.0
0.0
0.0
0.0
0.0
0.0
0.0
0.0
0.0
0.0
0.0
0.0
0.0
0.0
0.0
0.0
0.0
0.0
0.0
0.0
0.0
0.0
0.0
0.0
0.0
0.0
0.0
0.0
0.0
0.0
0.0
0.0
0.0
0.0
0.0
0.0
0.0
0.0
0.0
0.0
0.0
0.0
0.0
0.0
0.0
0.0
0.0
0.0
0.0
0.0
0.0
0.0
0.0
0.0
0.0
0.0
0.0
0.0
0.0
0.0
0.0
0.0
0.0
0.0
0.0
0.0
0.0
0.0
0.0
0.0
0.0
0.0
0.0
0.0
0.0
0.0
0.0
0.0
0.0
0.0
0.0
0.0
0.0
0.0
0.0
0.0
0.0
0.0
0.0
0.0
0.0
0.0
0.0
0.0
0.0
0.0
0.0
0.0
0.0
0.0
0.0
0.0
0.0
0.0
0.0
0.0
0.0
0.0
0.0
0.0
0.0
0.0
0.0
0.0
0.0
0.0
0.0
0.0
0.0
0.0
0.0
0.0
0.0
0.0
0.0
0.0
0.0
0.0
0.0
0.0
0.0
0.0
0.0
0.0
0.0
0.0
0.0
0.0
0.0
0.0
0.0
0.0
0.0
0.0
0.0
0.0
0.0
0.0
0.0
0.0
0.0
0.0
0.0
0.0
0.0
0.0
0.0
0.0
0.0
0.0
0.0
0.0
0.0
0.0
0.0
0.0
0.0
0.0
0.0
0.0
0.0
0.0
0.0
0.0
0.0
0.0
0.0
0.0
0.0
0.0
0.0
0.0
0.0
0.0
0.0
0.0
0.0
0.0
0.0
0.0
0.0
0.0
0.0
0.0
0.0
0.0
0.0
0.0
0.0
0.0
0.0
0.0
0.0
0.0
0.0
0.0
0.0
0.0
0.0
0.0
0.0
0.0
0.0
0.0
0.0
0.0
0.0
0.0
0.0
0.0
0.0
0.0
0.0
0.0
0.0
0.0
0.0
0.0
0.0
0.0
0.0
0.0
0.0
0.0
0.0
0.0
0.0
0.0
0.0
0.0
0.0
0.0
0.0
0.0
0.0
0.0
0.0
0.0
0.0
0.0
0.0
0.0
0.0
0.0
0.0
0.0
0.0
0.0
0.0
0.0
0.0
0.0
0.0
0.0
0.0
0.0
0.0
0.0
0.0
0.0
0.0
0.0
0.0
0.0
0.0
0.0
0.0
0.0
0.0
0.0
0.0
0.0
0.0
0.0
0.0
0.0
0.0
0.0
0.0
0.0
0.0
0.0
0.0
0.0
0.0
0.0
0.0
0.0
0.0
0.0
0.0
0.0
0.0
0.0
0.0
0.0
0.0
0.0
0.0
0.0
0.0
0.0
0.0
0.0
0.0
0.0
0.0
0.0
0.0
0.0
0.0
0.0
0.0
0.0
0.0
0.0
0.0
0.0
0.0
0.0
0.0
0.0
0.0
0.0
0.0
0.0
0.0
0.0
0.0
0.0
0.0
0.0
0.0
0.0
0.0
0.0
0.0
0.0
0.0
0.0
0.0
0.0
0.0
0.0
0.0
0.0
0.0
0.0
0.0
0.0
0.0
0.0
0.0
0.0
0.0
0.0
0.0
0.0
0.0
0.0
0.0
0.0
0.0
0.0
0.0
0.0
0.0
0.0
0.0
0.0
0.0
0.0
0.0
0.0
0.0
0.0
0.0
0.0
0.0
0.0
0.0
0.0
0.0
0.0
0.0
0.0
0.0
0.0
0.0
0.0
0.0
0.0
0.0
0.0
0.0
0.0
0.0
0.0
0.0
0.0
0.0
0.0
0.0
0.0
0.0
0.0
0.0
0.0
0.0
0.0
0.0
0.0
0.0
0.0
0.0
0.0
0.0
0.0
0.0
0.0
0.0
0.0
0.0
0.0
0.0
0.0
0.0
0.0
0.0
0.0
0.0
0.0
0.0
0.0
0.0
0.0
0.0
0.0
0.0
0.0
0.0
0.0
0.0
0.0
0.0
0.0
0.0
0.0
0.0
0.0
0.0
0.0
0.0
0.0
0.0
0.0
0.0
0.0
0.0
0.0
0.0
0.0
0.0
0.0
0.0
0.0
0.0
0.0
0.0
0.0
0.0
0.0
0.0
0.0
0.0
0.0
0.0
0.0
0.0
0.0
0.0
0.0
0.0
0.0
0.0
0.0
0.0
0.0
0.0
0.0
0.0
0.0
0.0
0.0
0.0
0.0
0.0
0.0
0.0
0.0
0.0
0.0
0.0
0.0
0.0
0.0
0.0
0.0
0.0
0.0
0.0
0.0
0.0
0.0
0.0
0.0
0.0
0.0
0.0
0.0
0.0
0.0
0.0
0.0
0.0
0.0
0.0
0.0
0.0
0.0
0.0
0.0
0.0
0.0
0.0
0.0
0.0
0.0
0.0
0.0
0.0
0.0
0.0
0.0
0.0
0.0
0.0
0.0
0.0
0.0
0.0
0.0
0.0
0.0
0.0
0.0
0.0
0.0
0.0
0.0
0.0
0.0
0.0
0.0
0.0
0.0
0.0
0.0
0.0
0.0
0.0
0.0
0.0
0.0
0.0
0.0
0.0
0.0
0.0
0.0
0.0
0.0
0.0
0.0
0.0
0.0
0.0
0.0
0.0
0.0
0.0
0.0
0.0
0.0
0.0
0.0
0.0
0.0
0.0
0.0
0.0
0.0
0.0
0.0
0.0
0.0
0.0
0.0
0.0
0.0
0.0
0.0
0.0
0.0
0.0
0.0
0.0
0.0
0.0
0.0
0.0
0.0
0.0
0.0
0.0
0.0
0.0
0.0
0.0
0.0
0.0
0.0
0.0
0.0
0.0
0.0
0.0
0.0
0.0
0.0
0.0
0.0
0.0
0.0
0.0
0.0
0.0
0.0
0.0
0.0
0.0
0.0
0.0
0.0
0.0
0.0
0.0
0.0
0.0
0.0
0.0
0.0
0.0
0.0
0.0
0.0
0.0
0.0
0.0
0.0
0.0
0.0
0.0
0.0
0.0
0.0
0.0
0.0
0.0
0.0
0.0
0.0
0.0
0.0
0.0
0.0
0.0
0.0
0.0
0.0
0.0
0.0
0.0
0.0
0.0
0.0
0.0
0.0
0.0
0.0
0.0
0.0
0.0
0.0
0.0
0.0
0.0
0.0
0.0
0.0
0.0
0.0
0.0
0.0
0.0
0.0
0.0
0.0
0.0
0.0
0.0
0.0
0.0
0.0
0.0
0.0
0.0
0.0
0.0
0.0
0.0
0.0
0.0
0.0
0.0
0.0
0.0
0.0
0.0
0.0
0.0
0.0
0.0
0.0
0.0
0.0
0.0
0.0
0.0
0.0
0.0
0.0
0.0
0.0
0.0
0.0
0.0
0.0
0.0
0.0
0.0
0.0
0.0
0.0
0.0
0.0
0.0
0.0
0.0
0.0
0.0
0.0
0.0
0.0
0.0
0.0
0.0
0.0
0.0
0.0
0.0
0.0
0.0
0.0
0.0
0.0
0.0
0.0
0.0
0.0
0.0
0.0
0.0
0.0
0.0
0.0
0.0
0.0
0.0
0.0
0.0
0.0
0.0
0.0
0.0
0.0
0.0
0.0
0.0
0.0
0.0
0.0
0.0
0.0
0.0
0.0
0.0
0.0
0.0
0.0
0.0
0.0
0.0
0.0
0.0
0.0
0.0
0.0
0.0
0.0
0.0
0.0
0.0
0.0
0.0
0.0
0.0
0.0
0.0
0.0
0.0
0.0
0.0
0.0
0.0
0.0
0.0
0.0
0.0
0.0
0.0
0.0
0.0
0.0
0.0
0.0
0.0
0.0
0.0
0.0
0.0
0.0
0.0
0.0
0.0
0.0
0.0
0.0
0.0
0.0
0.0
0.0
0.0
0.0
0.0
0.0
0.0
0.0
0.0
0.0
0.0
0.0
0.0
0.0
0.0
0.0
0.0
0.0
0.0
0.0
0.0
0.0
0.0
0.0
0.0
0.0
0.0
0.0
0.0
0.0
0.0
0.0
0.0
0.0
0.0
0.0
0.0
0.0
0.0
0.0
0.0
0.0
0.0
0.0
0.0
0.0
0.0
0.0
0.0
0.0
0.0
0.0
0.0
0.0
0.0
0.0
0.0
0.0
0.0
0.0
0.0
0.0
0.0
0.0
0.0
0.0
0.0
0.0
0.0
0.0
0.0
0.0
0.0
0.0
0.0
0.0
0.0
0.0
0.0
0.0
0.0
0.0
0.0
0.0
0.0
0.0
0.0
0.0
0.0
0.0
0.0
0.0
0.0
0.0
0.0
0.0
0.0
0.0
0.0
0.0
0.0
0.0
0.0
0.0
0.0
0.0
0.0
0.0
0.0
0.0
0.0
0.0
0.0
0.0
0.0
0.0
0.0
0.0
0.0
0.0
0.0
0.0
0.0
0.0
0.0
0.0
0.0
0.0
0.0
0.0
0.0
0.0
0.0
0.0
0.0
0.0
0.0
0.0
0.0
0.0
0.0
0.0
0.0
0.0
0.0
0.0
0.0
0.0
0.0
0.0
0.0
0.0
0.0
0.0
0.0
0.0
0.0
0.0
0.0
0.0
0.0
0.0
0.0
0.0
0.0
0.0
0.0
0.0
0.0
0.0
0.0
0.0
0.0
0.0
0.0
0.0
0.0
0.0
0.0
0.0
0.0
0.0
0.0
0.0
0.0
0.0
0.0
0.0
0.0
0.0
0.0
0.0
0.0
0.0
0.0
0.0
0.0
0.0
0.0
0.0
0.0
0.0
0.0
0.0
0.0
0.0
0.0
0.0
0.0
0.0
0.0
0.0
0.0
0.0
0.0
0.0
0.0
0.0
0.0
0.0
0.0
0.0
0.0
0.0
0.0
0.0
0.0
0.0
0.0
0.0
0.0
0.0
0.0
0.0
0.0
0.0
0.0
0.0
0.0
0.0
0.0
0.0
0.0
0.0
0.0
0.0
0.0
0.0
0.0
0.0
0.0
0.0
0.0
0.0
0.0
0.0
0.0
0.0
0.0
0.0
0.0
0.0
0.0
0.0
0.0
0.0
0.0
0.0
0.0
0.0
0.0
0.0
0.0
0.0
0.0
0.0
0.0
0.0
0.0
0.0
0.0
0.0
0.0
0.0
0.0
0.0
0.0
0.0
0.0
0.0
0.0
0.0
0.0
0.0
0.0
0.0
0.0
0.0
0.0
0.0
0.0
0.0
0.0
0.0
0.0
0.0
0.0
0.0
0.0
0.0
0.0
0.0
0.0
0.0
0.0
0.0
0.0
0.0
0.0
0.0
0.0
0.0
0.0
0.0
0.0
0.0
0.0
0.0
0.0
0.0
0.0
0.0
0.0
0.0
0.0
0.0
0.0
0.0
0.0
0.0
0.0
0.0
0.0
0.0
0.0
0.0
0.0
0.0
0.0
0.0
0.0
0.0
0.0
0.0
0.0
0.0
0.0
0.0
0.0
0.0
0.0
0.0
0.0
0.0
0.0
0.0
0.0
0.0
0.0
0.0
0.0
0.0
0.0
0.0
0.0
0.0
0.0
0.0
0.0
0.0
0.0
0.0
0.0
0.0
0.0
0.0
0.0
0.0
0.0
0.0
0.0
0.0
0.0
0.0
0.0
0.0
0.0
0.0
0.0
0.0
0.0
0.0
0.0
0.0
0.0
0.0
0.0
0.0
0.0
0.0
0.0
0.0
0.0
0.0
0.0
0.0
0.0
0.0
0.0
0.0
0.0
0.0
0.0
0.0
0.0
0.0
0.0
0.0
0.0
0.0
0.0
0.0
0.0
0.0
0.0
0.0
0.0
0.0
0.0
0.0
0.0
0.0
0.0
0.0
0.0
0.0
0.0
0.0
0.0
0.0
0.0
0.0
0.0
0.0
0.0
0.0
0.0
0.0
0.0
0.0
0.0
0.0
0.0
0.0
0.0
0.0
0.0
0.0
0.0
0.0
0.0
0.0
0.0
0.0
0.0
0.0
0.0
0.0
0.0
0.0
0.0
0.0
0.0
0.0
0.0
0.0
0.0
0.0
0.0
0.0
0.0
0.0
0.0
0.0
0.0
0.0
0.0
0.0
0.0
0.0
0.0
0.0
0.0
0.0
0.0
0.0
0.0
0.0
0.0
0.0
0.0
0.0
0.0
0.0
0.0
0.0
0.0
0.0
0.0
0.0
0.0
0.0
0.0
0.0
0.0
0.0
0.0
0.0
0.0
0.0
0.0
0.0
0.0
0.0
0.0
0.0
0.0
0.0
0.0
0.0
0.0
0.0
0.0
0.0
0.0
0.0
0.0
0.0
0.0
0.0
0.0
0.0
0.0
0.0
0.0
0.0
0.0
0.0
0.0
0.0
0.0
0.0
0.0
0.0
0.0
0.0
0.0
0.0
0.0
0.0
0.0
0.0
0.0
0.0
0.0
0.0
0.0
0.0
0.0
0.0
0.0
0.0
0.0
0.0
0.0
0.0
0.0
0.0
0.0
0.0
0.0
0.0
0.0
0.0
0.0
0.0
0.0
0.0
0.0
0.0
0.0
0.0
0.0
0.0
0.0
0.0
0.0
0.0
0.0
0.0
0.0
0.0
0.0
0.0
0.0
0.0
0.0
0.0
0.0
0.0
0.0
0.0
0.0
0.0
0.0
0.0
0.0
0.0
0.0
0.0
0.0
0.0
0.0
0.0
0.0
0.0
0.0
0.0
0.0
0.0
0.0
0.0
0.0
0.0
0.0
0.0
0.0
0.0
0.0
0.0
0.0
0.0
0.0
0.0
0.0
0.0
0.0
0.0
0.0
0.0
0.0
0.0
0.0
0.0
0.0
0.0
0.0
0.0
0.0
0.0
0.0
0.0
0.0
0.0
0.0
0.0
0.0
0.0
0.0
0.0
0.0
0.0
0.0
0.0
0.0
0.0
0.0
0.0
0.0
0.0
0.0
0.0
0.0
0.0
0.0
0.0
0.0
0.0
0.0
0.0
0.0
0.0
0.0
0.0
0.0
0.0
0.0
0.0
0.0
0.0
0.0
0.0
0.0
0.0
0.0
0.0
0.0
0.0
0.0
0.0
0.0
0.0
0.0
0.0
0.0
0.0
0.0
0.0
0.0
0.0
0.0
0.0
0.0
0.0
0.0
0.0
0.0
0.0
0.0
0.0
0.0
0.0
0.0
0.0
0.0
0.0
0.0
0.0
0.0
0.0
0.0
0.0
0.0
0.0
0.0
0.0
0.0
0.0
0.0
0.0
0.0
0.0
0.0
0.0
0.0
0.0
0.0
0.0
0.0
0.0
0.0
0.0
0.0
0.0
0.0
0.0
0.0
0.0
0.0
0.0
0.0
0.0
0.0
0.0
0.0
0.0
0.0
0.0
0.0
0.0
0.0
0.0
0.0
0.0
0.0
0.0
0.0
0.0
0.0
0.0
0.0
0.0
0.0
0.0
0.0
0.0
0.0
0.0
0.0
0.0
0.0
0.0
0.0
0.0
0.0
0.0
0.0
0.0
0.0
0.0
0.0
0.0
0.0
0.0
0.0
0.0
0.0
0.0
0.0
0.0
0.0
0.0
0.0
0.0
0.0
0.0
0.0
0.0
0.0
0.0
0.0
0.0
0.0
0.0
0.0
0.0
0.0
0.0
0.0
0.0
0.0
0.0
0.0
0.0
0.0
0.0
0.0
0.0
0.0
0.0
0.0
0.0
0.0
0.0
0.0
0.0
0.0
0.0
0.0
0.0
0.0
0.0
0.0
0.0
0.0
0.0
0.0
0.0
0.0
0.0
0.0
0.0
0.0
0.0
0.0
0.0
0.0
0.0
0.0
0.0
0.0
0.0
0.0
0.0
0.0
0.0
0.0
0.0
0.0
0.0
0.0
0.0
0.0
0.0
0.0
0.0
0.0
0.0
0.0
0.0
0.0
0.0
0.0
0.0
0.0
0.0
0.0
0.0
0.0
0.0
0.0
0.0
0.0
0.0
0.0
0.0
0.0
0.0
0.0
0.0
0.0
0.0
0.0
0.0
0.0
0.0
0.0
0.0
0.0
0.0
0.0
0.0
0.0
0.0
0.0
0.0
0.0
0.0
0.0
0.0
0.0
0.0
0.0
0.0
0.0
0.0
0.0
0.0
0.0
0.0
0.0
0.0
0.0
0.0
0.0
0.0
0.0
0.0
0.0
0.0
0.0
0.0
0.0
0.0
0.0
0.0
0.0
0.0
0.0
0.0
0.0
0.0
0.0
0.0
0.0
0.0
0.0
0.0
0.0
0.0
0.0
0.0
0.0
0.0
0.0
0.0
0.0
0.0
0.0
0.0
0.0
0.0
0.0
0.0
0.0
0.0
0.0
0.0
0.0
0.0
0.0
0.0
0.0
0.0
0.0
0.0
0.0
0.0
0.0
0.0
0.0
0.0
0.0
0.0
0.0
0.0
0.0
0.0
0.0
0.0
0.0
0.0
0.0
0.0
0.0
0.0
0.0
0.0
0.0
0.0
0.0
0.0
0.0
0.0
0.0
0.0
0.0
0.0
0.0
0.0
0.0
0.0
0.0
0.0
0.0
0.0
0.0
0.0
0.0
0.0
0.0
0.0
0.0
0.0
0.0
0.0
0.0
0.0
0.0
0.0
0.0
0.0
0.0
0.0
0.0
0.0
0.0
0.0
0.0
0.0
0.0
0.0
0.0
0.0
0.0
0.0
0.0
0.0
0.0
0.0
0.0
0.0
0.0
0.0
0.0
0.0
0.0
0.0
0.0
0.0
0.0
0.0
0.0
0.0
0.0
0.0
0.0
0.0
0.0
0.0
0.0
0.0
0.0
0.0
0.0
0.0
0.0
0.0
0.0
0.0
0.0
0.0
0.0
0.0
0.0
0.0
0.0
0.0
0.0
0.0
0.0
0.0
0.0
0.0
0.0
0.0
0.0
0.0
0.0
0.0
0.0
0.0
0.0
0.0
0.0
0.0
0.0
0.0
0.0
0.0
0.0
0.0
0.0
0.0
0.0
0.0
0.0
0.0
0.0
0.0
0.0
0.0
0.0
0.0
0.0
0.0
0.0
0.0
0.0
0.0
0.0
0.0
0.0
0.0
0.0
0.0
0.0
0.0
0.0
0.0
0.0
0.0
0.0
0.0
0.0
0.0
0.0
0.0
0.0
0.0
0.0
0.0
0.0
0.0
0.0
0.0
0.0
0.0
0.0
0.0
0.0
0.0
0.0
0.0
0.0
0.0
0.0
0.0
0.0
0.0
0.0
0.0
0.0
0.0
0.0
0.0
0.0
0.0
0.0
0.0
0.0
0.0
0.0
0.0
0.0
0.0
0.0
0.0
0.0
0.0
0.0
0.0
0.0
0.0
0.0
0.0
0.0
0.0
0.0
0.0
0.0
0.0
0.0
0.0
0.0
0.0
0.0
0.0
0.0
0.0
0.0
0.0
0.0
0.0
0.0
0.0
0.0
0.0
0.0
0.0
0.0
0.0
0.0
0.0
0.0
0.0
0.0
0.0
0.0
0.0
0.0
0.0
0.0
0.0
0.0
0.0
0.0
0.0
0.0
0.0
0.0
0.0
0.0
0.0
0.0
0.0
0.0
0.0
0.0
0.0
0.0
0.0
0.0
0.0
0.0
0.0
0.0
0.0
0.0
0.0
0.0
0.0
0.0
0.0
0.0
0.0
0.0
0.0
0.0
0.0
0.0
0.0
0.0
0.0
0.0
0.0
0.0
0.0
0.0
0.0
0.0
0.0
0.0
0.0
0.0
0.0
0.0
0.0
0.0
0.0
0.0
0.0
0.0
0.0
0.0
0.0
0.0
0.0
0.0
0.0
0.0
0.0
0.0
0.0
0.0
0.0
0.0
0.0
0.0
0.0
0.0
0.0
0.0
0.0
0.0
0.0
0.0
0.0
0.0
0.0
0.0
0.0
0.0
0.0
0.0
0.0
0.0
0.0
0.0
0.0
0.0
0.0
0.0
0.0
0.0
0.0
0.0
0.0
0.0
0.0
0.0
0.0
0.0
0.0
0.0
0.0
0.0
0.0
0.0
0.0
0.0
0.0
0.0
0.0
0.0
0.0
0.0
0.0
0.0
0.0
0.0
0.0
0.0
0.0
0.0
0.0
0.0
0.0
0.0
0.0
0.0
0.0
0.0
0.0
0.0
0.0
0.0
0.0
0.0
0.0
0.0
0.0
0.0
0.0
0.0
0.0
0.0
0.0
0.0
0.0
0.0
0.0
0.0
0.0
0.0
0.0
0.0
0.0
0.0
0.0
0.0
0.0
0.0
0.0
0.0
0.0
0.0
0.0
0.0
0.0
0.0
0.0
0.0
0.0
0.0
0.0
0.0
0.0
0.0
0.0
0.0
0.0
0.0
0.0
0.0
0.0
0.0
0.0
0.0
0.0
0.0
0.0
0.0
0.0
0.0
0.0
0.0
0.0
0.0
0.0
0.0
0.0
0.0
0.0
0.0
0.0
0.0
0.0
0.0
0.0
0.0
0.0
0.0
0.0
0.0
0.0
0.0
0.0
0.0
0.0
0.0
0.0
0.0
0.0
0.0
0.0
0.0
0.0
0.0
0.0
0.0
0.0
0.0
0.0
0.0
0.0
0.0
0.0
0.0
0.0
0.0
0.0
0.0
0.0
0.0
0.0
0.0
0.0
0.0
0.0
0.0
0.0
0.0
0.0
0.0
0.0
0.0
0.0
0.0
0.0
0.0
0.0
0.0
0.0
0.0
0.0
0.0
0.0
0.0
0.0
0.0
0.0
0.0
0.0
0.0
0.0
0.0
0.0
0.0
0.0
0.0
0.0
0.0
0.0
0.0
0.0
0.0
0.0
0.0
0.0
0.0
0.0
0.0
0.0
0.0
0.0
0.0
0.0
0.0
0.0
0.0
0.0
0.0
0.0
0.0
0.0
0.0
0.0
0.0
0.0
0.0
0.0
0.0
0.0
0.0
0.0
0.0
0.0
0.0
0.0
0.0
0.0
0.0
0.0
0.0
0.0
0.0
0.0
0.0
0.0
0.0
0.0
0.0
0.0
0.0
0.0
0.0
0.0
0.0
0.0
0.0
0.0
0.0
0.0
0.0
0.0
0.0
0.0
0.0
0.0
0.0
0.0
0.0
0.0
0.0
0.0
0.0
0.0
0.0
0.0
0.0
0.0
0.0
0.0
0.0
0.0
0.0
0.0
0.0
0.0
0.0
0.0
0.0
0.0
0.0
0.0
0.0
0.0
0.0
0.0
0.0
0.0
0.0
0.0
0.0
0.0
0.0
0.0
0.0
0.0
0.0
0.0
0.0
0.0
0.0
0.0
0.0
0.0
0.0
0.0
0.0
0.0
0.0
0.0
0.0
0.0
0.0
0.0
0.0
0.0
0.0
0.0
0.0
0.0
0.0
0.0
0.0
0.0
0.0
0.0
0.0
0.0
0.0
0.0
0.0
0.0
0.0
0.0
0.0
0.0
0.0
0.0
0.0
0.0
0.0
0.0
0.0
0.0
0.0
0.0
0.0
0.0
0.0
0.0
0.0
0.0
0.0
0.0
0.0
0.0
0.0
0.0
0.0
0.0
0.0
0.0
0.0
0.0
0.0
0.0
0.0
0.0
0.0
0.0
0.0
0.0
0.0
0.0
0.0
0.0
0.0
0.0
0.0
0.0
0.0
0.0
0.0
0.0
0.0
0.0
0.0
0.0
0.0
0.0
0.0
0.0
0.0
0.0
0.0
0.0
0.0
0.0
0.0
0.0
0.0
0.0
0.0
0.0
0.0
0.0
0.0
0.0
0.0
0.0
0.0
0.0
0.0
0.0
0.0
0.0
0.0
0.0
0.0
0.0
0.0
0.0
0.0
0.0
0.0
0.0
0.0
0.0
0.0
0.0
0.0
0.0
0.0
0.0
0.0
0.0
0.0
0.0
0.0
0.0
0.0
0.0
0.0
0.0
0.0
0.0
0.0
0.0
0.0
0.0
0.0
0.0
0.0
0.0
0.0
0.0
0.0
0.0
0.0
0.0
0.0
0.0
0.0
0.0
0.0
0.0
0.0
0.0
0.0
0.0
0.0
0.0
0.0
0.0
0.0
0.0
0.0
0.0
0.0
0.0
0.0
0.0
0.0
0.0
0.0
0.0
0.0
0.0
0.0
0.0
0.0
0.0
0.0
0.0
0.0
0.0
0.0
0.0
0.0
0.0
0.0
0.0
0.0
0.0
0.0
0.0
0.0
0.0
0.0
0.0
0.0
0.0
0.0
0.0
0.0
0.0
0.0
0.0
0.0
0.0
0.0
0.0
0.0
0.0
0.0
0.0
0.0
0.0
0.0
0.0
0.0
0.0
0.0
0.0
0.0
0.0
0.0
0.0
0.0
0.0
0.0
0.0
0.0
0.0
0.0
0.0
0.0
0.0
0.0
0.0
0.0
0.0
0.0
0.0
0.0
0.0
0.0
0.0
0.0
0.0
0.0
0.0
0.0
0.0
0.0
0.0
0.0
0.0
0.0
0.0
0.0
0.0
0.0
0.0
0.0
0.0
0.0
0.0
0.0
0.0
0.0
0.0
0.0
0.0
0.0
0.0
0.0
0.0
0.0
0.0
0.0
0.0
0.0
0.0
0.0
0.0
0.0
0.0
0.0
0.0
0.0
0.0
0.0
0.0
0.0
0.0
0.0
0.0
0.0
0.0
0.0
0.0
0.0
0.0
0.0
0.0
0.0
0.0
0.0
0.0
0.0
0.0
0.0
0.0
0.0
0.0
0.0
0.0
0.0
0.0
0.0
0.0
0.0
0.0
0.0
0.0
0.0
0.0
0.0
0.0
0.0
0.0
0.0
0.0
0.0
0.0
0.0
0.0
0.0
0.0
0.0
0.0
0.0
0.0
0.0
0.0
0.0
0.0
0.0
0.0
0.0
0.0
0.0
0.0
0.0
0.0
0.0
0.0
0.0
0.0
0.0
0.0
0.0
0.0
0.0
0.0
0.0
0.0
0.0
0.0
0.0
0.0
0.0
0.0
0.0
0.0
0.0
0.0
0.0
0.0
0.0
0.0
0.0
0.0
0.0
0.0
0.0
0.0
0.0
0.0
0.0
0.0
0.0
0.0
0.0
0.0
0.0
0.0
0.0
0.0
0.0
0.0
0.0
0.0
0.0
0.0
0.0
0.0
0.0
0.0
0.0
0.0
0.0
0.0
0.0
0.0
0.0
0.0
0.0
0.0
0.0
0.0
0.0
0.0
0.0
0.0
0.0
0.0
0.0
0.0
0.0
0.0
0.0
0.0
0.0
0.0
0.0
0.0
0.0
0.0
0.0
0.0
0.0
0.0
0.0
0.0
0.0
0.0
0.0
0.0
0.0
0.0
0.0
0.0
0.0
0.0
0.0
0.0
0.0
0.0
0.0
0.0
0.0
0.0
0.0
0.0
0.0
0.0
0.0
0.0
0.0
0.0
0.0
0.0
0.0
0.0
0.0
0.0
0.0
0.0
0.0
0.0
0.0
0.0
0.0
0.0
0.0
0.0
0.0
0.0
0.0
0.0
0.0
0.0
0.0
0.0
0.0
0.0
0.0
0.0
0.0
0.0
0.0
0.0
0.0
0.0
0.0
0.0
0.0
0.0
0.0
0.0
0.0
0.0
0.0
0.0
0.0
0.0
0.0
0.0
0.0
0.0
0.0
0.0
0.0
0.0
0.0
0.0
0.0
0.0
0.0
0.0
0.0
0.0
0.0
0.0
0.0
0.0
0.0
0.0
0.0
0.0
0.0
0.0
0.0
0.0
0.0
0.0
0.0
0.0
0.0
0.0
0.0
0.0
0.0
0.0
0.0
0.0
0.0
0.0
0.0
0.0
0.0
0.0
0.0
0.0
0.0
0.0
0.0
0.0
0.0
0.0
0.0
0.0
0.0
0.0
0.0
0.0
0.0
0.0
0.0
0.0
0.0
0.0
0.0
0.0
0.0
0.0
0.0
0.0
0.0
0.0
0.0
0.0
0.0
0.0
0.0
0.0
0.0
0.0
0.0
0.0
0.0
0.0
0.0
0.0
0.0
0.0
0.0
0.0
0.0
0.0
0.0
0.0
0.0
0.0
0.0
0.0
0.0
0.0
0.0
0.0
0.0
0.0
0.0
0.0
0.0
0.0
0.0
0.0
0.0
0.0
0.0
0.0
0.0
0.0
0.0
0.0
0.0
0.0
0.0
0.0
0.0
0.0
0.0
0.0
0.0
0.0
0.0
0.0
0.0
0.0
0.0
0.0
0.0
0.0
0.0
0.0
0.0
0.0
0.0
0.0
0.0
0.0
0.0
0.0
0.0
0.0
0.0
0.0
0.0
0.0
0.0
0.0
0.0
0.0
0.0
0.0
0.0
0.0
0.0
0.0
0.0
0.0
0.0
0.0
0.0
0.0
0.0
0.0
0.0
0.0
0.0
0.0
0.0
0.0
0.0
0.0
0.0
0.0
0.0
0.0
0.0
0.0
0.0
0.0
0.0
0.0
0.0
0.0
0.0
0.0
0.0
0.0
0.0
0.0
0.0
0.0
0.0
0.0
0.0
0.0
0.0
0.0
0.0
0.0
0.0
0.0
0.0
0.0
0.0
0.0
0.0
0.0
0.0
0.0
0.0
0.0
0.0
0.0
0.0
0.0
0.0
0.0
0.0
0.0
0.0
0.0
0.0
0.0
0.0
0.0
0.0
0.0
0.0
0.0
0.0
0.0
0.0
0.0
0.0
0.0
0.0
0.0
0.0
0.0
0.0
0.0
0.0
0.0
0.0
0.0
0.0
0.0
0.0
0.0
0.0
0.0
0.0
0.0
0.0
0.0
0.0
0.0
0.0
0.0
0.0
0.0
0.0
0.0
0.0
0.0
0.0
0.0
0.0
0.0
0.0
0.0
0.0
0.0
0.0
0.0
0.0
0.0
0.0
0.0
0.0
0.0
0.0
0.0
0.0
0.0
0.0
0.0
0.0
0.0
0.0
0.0
0.0
0.0
0.0
0.0
0.0
0.0
0.0
0.0
0.0
0.0
0.0
0.0
0.0
0.0
0.0
0.0
0.0
0.0
0.0
0.0
0.0
0.0
0.0
0.0
0.0
0.0
0.0
0.0
0.0
0.0
0.0
0.0
0.0
0.0
0.0
0.0
0.0
0.0
0.0
0.0
0.0
0.0
0.0
0.0
0.0
0.0
0.0
0.0
0.0
0.0
0.0
0.0
0.0
0.0
0.0
0.0
0.0
0.0
0.0
0.0
0.0
0.0
0.0
0.0
0.0
0.0
0.0
0.0
0.0
0.0
0.0
0.0
0.0
0.0
0.0
0.0
0.0
0.0
0.0
0.0
0.0
0.0
0.0
0.0
0.0
0.0
0.0
0.0
0.0
0.0
0.0
0.0
0.0
0.0
0.0
0.0
0.0
0.0
0.0
0.0
0.0
0.0
0.0
0.0
0.0
0.0
0.0
0.0
0.0
0.0
0.0
0.0
0.0
0.0
0.0
0.0
0.0
0.0
0.0
0.0
0.0
0.0
0.0
0.0
0.0
0.0
0.0
0.0
0.0
0.0
0.0
0.0
0.0
0.0
0.0
0.0
0.0
0.0
0.0
0.0
0.0
0.0
0.0
0.0
0.0
0.0
0.0
0.0
0.0
0.0
0.0
0.0
0.0
0.0
0.0
0.0
0.0
0.0
0.0
0.0
0.0
0.0
0.0
0.0
0.0
0.0
0.0
0.0
0.0
0.0
0.0
0.0
0.0
0.0
0.0
0.0
0.0
0.0
0.0
0.0
0.0
0.0
0.0
0.0
0.0
0.0
0.0
0.0
0.0
0.0
0.0
0.0
0.0
0.0
0.0
0.0
0.0
0.0
0.0
0.0
0.0
0.0
0.0
0.0
0.0
0.0
0.0
0.0
0.0
0.0
0.0
0.0
0.0
0.0
0.0
0.0
0.0
0.0
0.0
0.0
0.0
0.0
0.0
0.0
0.0
0.0
0.0
0.0
0.0
0.0
0.0
0.0
0.0
0.0
0.0
0.0
0.0
0.0
0.0
0.0
0.0
0.0
0.0
0.0
0.0
0.0
0.0
0.0
0.0
0.0
0.0
0.0
0.0
0.0
0.0
0.0
0.0
0.0
0.0
0.0
0.0
0.0
0.0
0.0
0.0
0.0
0.0
0.0
0.0
0.0
0.0
0.0
0.0
0.0
0.0
0.0
0.0
0.0
0.0
0.0
0.0
0.0
0.0
0.0
0.0
0.0
0.0
0.0
0.0
0.0
0.0
0.0
0.0
0.0
0.0
0.0
0.0
0.0
0.0
0.0
0.0
0.0
0.0
0.0
0.0
0.0
0.0
0.0
0.0
0.0
0.0
0.0
0.0
0.0
0.0
0.0
0.0
0.0
0.0
0.0
0.0
0.0
0.0
0.0
0.0
0.0
0.0
0.0
0.0
0.0
0.0
0.0
0.0
0.0
0.0
0.0
0.0
0.0
0.0
0.0
0.0
0.0
0.0
0.0
0.0
0.0
0.0
0.0
0.0
0.0
0.0
0.0
0.0
0.0
0.0
0.0
0.0
0.0
0.0
0.0
0.0
0.0
0.0
0.0
0.0
0.0
0.0
0.0
0.0
0.0
0.0
0.0
0.0
0.0
0.0
0.0
0.0
0.0
0.0
0.0
0.0
0.0
0.0
0.0
0.0
0.0
0.0
0.0
0.0
0.0
0.0
0.0
0.0
0.0
0.0
0.0
0.0
0.0
0.0
0.0
0.0
0.0
0.0
0.0
0.0
0.0
0.0
0.0
0.0
0.0
0.0
0.0
0.0
0.0
0.0
0.0
0.0
0.0
0.0
0.0
0.0
0.0
0.0
0.0
0.0
0.0
0.0
0.0
0.0
0.0
0.0
0.0
0.0
0.0
0.0
0.0
0.0
0.0
0.0
0.0
0.0
0.0
0.0
0.0
0.0
0.0
0.0
0.0
0.0
0.0
0.0
0.0
0.0
0.0
0.0
0.0
0.0
0.0
0.0
0.0
0.0
0.0
0.0
0.0
0.0
0.0
0.0
0.0
0.0
0.0
0.0
0.0
0.0
0.0
0.0
0.0
0.0
0.0
0.0
0.0
0.0
0.0
0.0
0.0
0.0
0.0
0.0
0.0
0.0
0.0
0.0
0.0
0.0
0.0
0.0
0.0
0.0
0.0
0.0
0.0
0.0
0.0
0.0
0.0
0.0
0.0
0.0
0.0
0.0
0.0
0.0
0.0
0.0
0.0
0.0
0.0
0.0
0.0
0.0
0.0
0.0
0.0
0.0
0.0
0.0
0.0
0.0
0.0
0.0
0.0
0.0
0.0
0.0
0.0
0.0
0.0
0.0
0.0
0.0
0.0
0.0
0.0
0.0
0.0
0.0
0.0
0.0
0.0
0.0
0.0
0.0
0.0
0.0
0.0
0.0
0.0
0.0
0.0
0.0
0.0
0.0
0.0
0.0
0.0
0.0
0.0
0.0
0.0
0.0
0.0
0.0
0.0
0.0
0.0
0.0
0.0
0.0
0.0
0.0
0.0
0.0
0.0
0.0
0.0
0.0
0.0
0.0
0.0
0.0
0.0
0.0
0.0
0.0
0.0
0.0
0.0
0.0
0.0
0.0
0.0
0.0
0.0
0.0
0.0
0.0
0.0
0.0
0.0
0.0
0.0
0.0
0.0
0.0
0.0
0.0
0.0
0.0
0.0
0.0
0.0
0.0
0.0
0.0
0.0
0.0
0.0
0.0
0.0
0.0
0.0
0.0
0.0
0.0
0.0
0.0
0.0
0.0
0.0
0.0
0.0
0.0
0.0
0.0
0.0
0.0
0.0
0.0
0.0
0.0
0.0
0.0
0.0
0.0
0.0
0.0
0.0
0.0
0.0
0.0
0.0
0.0
0.0
0.0
0.0
0.0
0.0
0.0
0.0
0.0
0.0
0.0
0.0
0.0
0.0
0.0
0.0
0.0
0.0
0.0
0.0
0.0
0.0
0.0
0.0
0.0
0.0
0.0
0.0
0.0
0.0
0.0
0.0
0.0
0.0
0.0
0.0
0.0
0.0
0.0
0.0
0.0
0.0
0.0
0.0
0.0
0.0
0.0
0.0
0.0
0.0
0.0
0.0
0.0
0.0
0.0
0.0
0.0
0.0
0.0
0.0
0.0
0.0
0.0
0.0
0.0
0.0
0.0
0.0
0.0
0.0
0.0
0.0
0.0
0.0
0.0
0.0
0.0
0.0
0.0
0.0
0.0
0.0
0.0
0.0
0.0
0.0
0.0
0.0
0.0
0.0
0.0
0.0
0.0
0.0
0.0
0.0
0.0
0.0
0.0
0.0
0.0
0.0
0.0
0.0
0.0
0.0
0.0
0.0
0.0
0.0
0.0
0.0
0.0
0.0
0.0
0.0
0.0
0.0
0.0
0.0
0.0
0.0
0.0
0.0
0.0
0.0
0.0
0.0
0.0
0.0
0.0
0.0
0.0
0.0
0.0
0.0
0.0
0.0
0.0
0.0
0.0
0.0
0.0
0.0
0.0
0.0
0.0
0.0
0.0
0.0
0.0
0.0
0.0
0.0
0.0
0.0
0.0
0.0
0.0
0.0
0.0
0.0
0.0
0.0
0.0
0.0
0.0
0.0
0.0
0.0
0.0
0.0
0.0
0.0
0.0
0.0
0.0
0.0
0.0
0.0
0.0
0.0
0.0
0.0
0.0
0.0
0.0
0.0
0.0
0.0
0.0
0.0
0.0
0.0
0.0
0.0
0.0
0.0
0.0
0.0
0.0
0.0
0.0
0.0
0.0
0.0
0.0
0.0
0.0
0.0
0.0
0.0
0.0
0.0
0.0
0.0
0.0
0.0
0.0
0.0
0.0
0.0
0.0
0.0
0.0
0.0
0.0
0.0
0.0
0.0
0.0
0.0
0.0
0.0
0.0
0.0
0.0
0.0
0.0
0.0
0.0
0.0
0.0
0.0
0.0
0.0
0.0
0.0
0.0
0.0
0.0
0.0
0.0
0.0
0.0
0.0
0.0
0.0
0.0
0.0
0.0
0.0
0.0
0.0
0.0
0.0
0.0
0.0
0.0
0.0
0.0
0.0
0.0
0.0
0.0
0.0
0.0
0.0
0.0
0.0
0.0
0.0
0.0
0.0
0.0
0.0
0.0
0.0
0.0
0.0
0.0
0.0
0.0
0.0
0.0
0.0
0.0
0.0
0.0
0.0
0.0
0.0
0.0
0.0
0.0
0.0
0.0
0.0
0.0
0.0
0.0
0.0
0.0
0.0
0.0
0.0
0.0
0.0
0.0
0.0
0.0
0.0
0.0
0.0
0.0
0.0
0.0
0.0
0.0
0.0
0.0
0.0
0.0
0.0
0.0
0.0
0.0
0.0
0.0
0.0
0.0
0.0
0.0
0.0
0.0
0.0
0.0
0.0
0.0
0.0
0.0
0.0
0.0
0.0
0.0
0.0
0.0
0.0
0.0
0.0
0.0
0.0
0.0
0.0
0.0
0.0
0.0
0.0
0.0
0.0
0.0
0.0
0.0
0.0
0.0
0.0
0.0
0.0
0.0
0.0
0.0
0.0
0.0
0.0
0.0
0.0
0.0
0.0
0.0
0.0
0.0
0.0
0.0
0.0
0.0
0.0
0.0
0.0
0.0
0.0
0.0
0.0
0.0
0.0
0.0
0.0
0.0
0.0
0.0
0.0
0.0
0.0
0.0
0.0
0.0
0.0
0.0
0.0
0.0
0.0
0.0
0.0
0.0
0.0
0.0
0.0
0.0
0.0
0.0
0.0
0.0
0.0
0.0
0.0
0.0
0.0
0.0
0.0
0.0
0.0
0.0
0.0
0.0
0.0
0.0
0.0
0.0
0.0
0.0
0.0
0.0
0.0
0.0
0.0
0.0
0.0
0.0
0.0
0.0
0.0
0.0
0.0
0.0
0.0
0.0
0.0
0.0
0.0
0.0
0.0
0.0
0.0
0.0
0.0
0.0
0.0
0.0
0.0
0.0
0.0
0.0
0.0
0.0
0.0
0.0
0.0
0.0
0.0
0.0
0.0
0.0
0.0
0.0
0.0
0.0
0.0
0.0
0.0
0.0
0.0
0.0
0.0
0.0
0.0
0.0
0.0
0.0
0.0
0.0
0.0
0.0
0.0
0.0
0.0
0.0
0.0
0.0
0.0
0.0
0.0
0.0
0.0
0.0
0.0
0.0
0.0
0.0
0.0
0.0
0.0
0.0
0.0
0.0
0.0
0.0
0.0
0.0
0.0
0.0
0.0
0.0
0.0
0.0
0.0
0.0
0.0
0.0
0.0
0.0
0.0
0.0
0.0
0.0
0.0
0.0
0.0
0.0
0.0
0.0
0.0
0.0
0.0
0.0
0.0
0.0
0.0
0.0
0.0
0.0
0.0
0.0
0.0
0.0
0.0
0.0
0.0
0.0
0.0
0.0
0.0
0.0
0.0
0.0
0.0
0.0
0.0
0.0
0.0
0.0
0.0
0.0
0.0
0.0
0.0
0.0
0.0
0.0
0.0
0.0
0.0
0.0
0.0
0.0
0.0
0.0
0.0
0.0
0.0
0.0
0.0
0.0
0.0
0.0
0.0
0.0
0.0
0.0
0.0
0.0
0.0
0.0
0.0
0.0
0.0
0.0
0.0
0.0
0.0
0.0
0.0
0.0
0.0
0.0
0.0
0.0
0.0
0.0
0.0
0.0
0.0
0.0
0.0
0.0
0.0
0.0
0.0
0.0
0.0
0.0
0.0
0.0
0.0
0.0
0.0
0.0
0.0
0.0
0.0
0.0
0.0
0.0
0.0
0.0
0.0
0.0
0.0
0.0
0.0
0.0
0.0
0.0
0.0
0.0
0.0
0.0
0.0
0.0
0.0
0.0
0.0
0.0
0.0
0.0
0.0
0.0
0.0
0.0
0.0
0.0
0.0
0.0
0.0
0.0
0.0
0.0
0.0
0.0
0.0
0.0
0.0
0.0
0.0
0.0
0.0
0.0
0.0
0.0
0.0
0.0
0.0
0.0
0.0
0.0
0.0
0.0
0.0
0.0
0.0
0.0
0.0
0.0
0.0
0.0
0.0
0.0
0.0
0.0
0.0
0.0
0.0
0.0
0.0
0.0
0.0
0.0
0.0
0.0
0.0
0.0
0.0
0.0
0.0
0.0
0.0
0.0
0.0
0.0
0.0
0.0
0.0
0.0
0.0
0.0
0.0
0.0
0.0
0.0
0.0
0.0
0.0
0.0
0.0
0.0
0.0
0.0
0.0
0.0
0.0
0.0
0.0
0.0
0.0
0.0
0.0
0.0
0.0
0.0
0.0
0.0
0.0
0.0
0.0
0.0
0.0
0.0
0.0
0.0
0.0
0.0
0.0
0.0
0.0
0.0
0.0
0.0
0.0
0.0
0.0
0.0
0.0
0.0
0.0
0.0
0.0
0.0
0.0
0.0
0.0
0.0
0.0
0.0
0.0
0.0
0.0
0.0
0.0
0.0
0.0
0.0
0.0
0.0
0.0
0.0
0.0
0.0
0.0
0.0
0.0
0.0
0.0
0.0
0.0
0.0
0.0
0.0
0.0
0.0
0.0
0.0
0.0
0.0
0.0
0.0
0.0
0.0
0.0
0.0
0.0
0.0
0.0
0.0
0.0
0.0
0.0
0.0
0.0
0.0
0.0
0.0
0.0
0.0
0.0
0.0
0.0
0.0
0.0
0.0
0.0
0.0
0.0
0.0
0.0
0.0
0.0
0.0
0.0
0.0
0.0
0.0
0.0
0.0
0.0
0.0
0.0
0.0
0.0
0.0
0.0
0.0
0.0
0.0
0.0
0.0
0.0
0.0
0.0
0.0
0.0
0.0
0.0
0.0
0.0
0.0
0.0
0.0
0.0
0.0
0.0
0.0
0.0
0.0
0.0
0.0
0.0
0.0
0.0
0.0
0.0
0.0
0.0
0.0
0.0
0.0
0.0
0.0
0.0
0.0
0.0
0.0
0.0
0.0
0.0
0.0
0.0
0.0
0.0
0.0
0.0
0.0
0.0
0.0
0.0
0.0
0.0
0.0
0.0
0.0
0.0
0.0
0.0
0.0
0.0
0.0
0.0
0.0
0.0
0.0
0.0
0.0
0.0
0.0
0.0
0.0
0.0
0.0
0.0
0.0
0.0
0.0
0.0
0.0
0.0
0.0
0.0
0.0
0.0
0.0
0.0
0.0
0.0
0.0
0.0
0.0
0.0
0.0
0.0
0.0
0.0
0.0
0.0
0.0
0.0
0.0
0.0
0.0
0.0
0.0
0.0
0.0
0.0
0.0
0.0
0.0
0.0
0.0
0.0
0.0
0.0
0.0
0.0
0.0
0.0
0.0
0.0
0.0
0.0
0.0
0.0
0.0
0.0
0.0
0.0
0.0
0.0
0.0
0.0
0.0
0.0
0.0
0.0
0.0
0.0
0.0
0.0
0.0
0.0
0.0
0.0
0.0
0.0
0.0
0.0
0.0
0.0
0.0
0.0
0.0
0.0
0.0
0.0
0.0
0.0
0.0
0.0
0.0
0.0
0.0
0.0
0.0
0.0
0.0
0.0
0.0
0.0
0.0
0.0
0.0
0.0
0.0
0.0
0.0
0.0
0.0
0.0
0.0
0.0
0.0
0.0
0.0
0.0
0.0
0.0
0.0
0.0
0.0
0.0
0.0
0.0
0.0
0.0
0.0
0.0
0.0
0.0
0.0
0.0
0.0
0.0
0.0
0.0
0.0
0.0
0.0
0.0
0.0
0.0
0.0
0.0
0.0
0.0
0.0
0.0
0.0
0.0
0.0
0.0
0.0
0.0
0.0
0.0
0.0
0.0
0.0
0.0
0.0
