3342607.5981506826
2786505.1816218444
2786505.1816218444
2786505.1816218444
2645635.082851445
2633738.0070962566
2633738.0070962566
2044596.3504978167
1964103.441750701
1781738.288049345
1768784.5400167096
1329879.6753046406
1329879.6753046406
1234104.0977547995
1234104.0977547995
1234104.0977547995
1093664.0069645154
722136.8543292405
691544.2267713089
691544.2267713089
691544.2267713089
470179.20309028006
461225.112442789
460201.4146434195
459818.341595438
459818.341595438
459818.341595438
406732.26407994726
149933.77764371637
149019.82832970686
125187.35842585981
125187.35842585981
103766.06995064278
103766.06995064278
103766.06995064278
103766.06995064278
99743.56273878465
97748.50965990874
95395.40576766705
95395.40576766705
95376.43584761782
95254.07150412638
89271.11682770262
88887.1374296844
69647.23382926178
69647.23382926178
67233.02351492918
63721.03359694818
63192.32832129042
49944.63839875322
38228.69855495418
37629.53678852179
37629.53678852179
34473.35863938664
29799.51933708251
29149.69374100053
27858.34091555833
27689.403732950712
27689.403732950712
27689.403732950712
18062.92140653245
18062.92140653245
17973.083243082663
14674.307946285899
14542.215877268038
9555.94060482356
8938.076951744784
6925.605274106479
6925.605274106479
6897.842908129921
6880.892190433467
6564.504862127314
3913.259526701554
3888.7200969725595
3878.571427214951
3668.1996138230293
3668.1996138230293
3668.1996138230293
3625.8641936437793
3625.8641936437793
3625.8641936437793
3593.2138578300332
3593.2138578300332
3593.2138578300332
3593.2138578300332
3424.2402654104844
3384.8297703837306
3384.8297703837306
2466.114538934367
2466.114538934367
2466.114538934367
2085.0778715657584
2009.9981950323197
1746.3861724102953
1746.3861724102953
1746.3861724102953
1746.3861724102953
1732.3483051197659
1732.3483051197659
1374.3918727720518
1373.0481243584659
1373.0481243584659
1143.2534734319495
1139.4901931018787
1132.092378221427
1119.2417835281274
617.0094870062404
614.9780389911901
571.2875251361837
567.8745381315232
566.2450080677705
518.424756153622
505.9043191741642
495.8027284062127
495.8027284062127
480.43094557234974
478.0802700119523
477.1383866500072
466.46047743893706
463.83203565215035
462.59177039797055
461.4398134618947
459.8203440445717
459.8203440445717
459.8203440445717
432.51515942669056
378.0787704985562
370.31869170321175
370.31869170321175
367.3811071221898
367.3811071221898
359.5670012144913
352.2511896816129
342.56193991801376
342.56193991801376
342.56193991801376
342.56193991801376
342.56193991801376
331.0545421277117
283.73800464800297
280.93013043169265
280.93013043169265
280.93013043169265
280.93013043169265
275.00685295575624
275.00685295575624
274.7783006815781
274.7783006815781
268.9615001321623
268.9615001321623
268.9615001321623
214.74006508543715
213.76088865795896
213.76088865795896
213.76088865795896
211.3664002402706
196.2142411028393
192.29106349207842
172.14330051715223
170.19408194484606
170.19408194484606
168.29850960594467
167.3090889666617
151.24251900283969
151.24251900283969
151.24251900283969
145.61994106179935
145.61994106179935
145.61994106179935
145.61994106179935
140.51014008701287
140.51014008701287
140.51014008701287
140.51014008701287
135.12235852942365
135.12235852942365
135.12235852942365
134.99151719429568
129.30978012661996
129.30978012661996
129.30978012661996
129.30978012661996
129.30978012661996
129.30978012661996
129.30978012661996
129.30978012661996
129.30978012661996
129.30978012661996
125.54680835747902
125.00465416589918
125.00465416589918
125.00465416589918
125.00465416589918
125.00465416589918
125.00465416589918
115.46665627917221
115.46665627917221
112.80270025975584
112.80270025975584
112.69933544552089
112.69933544552089
112.69933544552089
90.42380061772576
90.42380061772576
90.42380061772576
90.42380061772576
90.42380061772576
85.68341010592415
85.68341010592415
85.68341010592415
85.40621634170923
80.87678591365906
80.43907585676175
80.43907585676175
80.43907585676175
80.43907585676175
79.85501105869236
79.85501105869236
79.85501105869236
79.85501105869236
79.85501105869236
79.85501105869236
76.54163656629464
76.54163656629464
75.71152448069472
75.71152448069472
75.71152448069472
75.71152448069472
75.67159248362194
75.67159248362194
75.67159248362194
75.58215021150868
75.58215021150868
75.58215021150868
70.38946893275654
69.86017540664345
68.0178815847744
68.0178815847744
68.0178815847744
68.0178815847744
68.0178815847744
68.0178815847744
68.0178815847744
68.0178815847744
68.0178815847744
67.12993654884892
66.6757528708279
66.6757528708279
66.6757528708279
66.51314076262696
66.51314076262696
66.51314076262696
66.51314076262696
66.51314076262696
66.51314076262696
66.51314076262696
66.51314076262696
66.51314076262696
66.51314076262696
66.51314076262696
66.51314076262696
66.17224249562645
60.50397419939571
59.99552251678908
58.70259563747662
58.373614175116906
58.373614175116906
58.373614175116906
58.373614175116906
58.373614175116906
58.373614175116906
58.21275796693793
58.16039603401751
58.16039603401751
56.9803314529406
56.9803314529406
56.9803314529406
52.72634032172534
52.72634032172534
52.72634032172534
52.72634032172534
52.72634032172534
51.31180535495759
51.03985100396928
51.03985100396928
51.03985100396928
51.03985100396928
51.03985100396928
51.03985100396928
51.03985100396928
51.03985100396928
51.03985100396928
50.77849669773088
50.77003362207902
50.77003362207902
50.77003362207902
45.18229370584536
44.71297456354631
44.18185263150298
44.18185263150298
44.18185263150298
44.18185263150298
44.18185263150298
44.18185263150298
44.18185263150298
44.18185263150298
43.90633638975993
39.610880908714066
39.610880908714066
39.610880908714066
39.610880908714066
39.610880908714066
39.610880908714066
39.610880908714066
39.610880908714066
39.610880908714066
39.11629201133575
38.781099302012365
38.74917090445163
38.74917090445163
38.74917090445163
35.14064393587329
34.90595056154472
34.90595056154472
34.90595056154472
34.90595056154472
34.90595056154472
34.29319931763198
34.29319931763198
34.29319931763198
34.29319931763198
34.29319931763198
34.29319931763198
34.211428202638764
33.80157071157622
33.80157071157622
30.60426022516451
30.60426022516451
30.60426022516451
29.707723497859646
29.707723497859646
29.707723497859646
29.463259964855048
29.463259964855048
29.463259964855048
29.463259964855048
29.463259964855048
29.463259964855048
29.463259964855048
29.463259964855048
29.463259964855048
29.38411554860817
29.38411554860817
29.34167553239362
29.23097238250772
29.23097238250772
29.23097238250772
27.699480423352068
27.699480423352068
27.49173838624598
27.31184001628026
27.31184001628026
27.31184001628026
27.31184001628026
27.31184001628026
27.140530332206485
27.140530332206485
27.140530332206485
27.140530332206485
25.898223159799517
25.898223159799517
25.898223159799517
25.898223159799517
25.896287885399378
25.896287885399378
25.896287885399378
25.896287885399378
25.259713343755056
25.259713343755056
25.259713343755056
25.035381951050592
25.035381951050592
25.035381951050592
25.035381951050592
25.024925234219705
25.024925234219705
25.01162995587882
24.79039040666598
24.79039040666598
24.79039040666598
24.79039040666598
24.662722024737793
24.662722024737793
24.662722024737793
24.5243016662526
24.5243016662526
24.49074809206009
23.715686826625838
23.715686826625838
23.715686826625838
23.715686826625838
23.638319670299307
23.638319670299307
23.638319670299307
23.623032000288386
23.603436122183464
23.603436122183464
23.603436122183464
23.531862871055797
23.531862871055797
23.531862871055797
23.531862871055797
23.531862871055797
23.531862871055797
23.531862871055797
23.531862871055797
23.531862871055797
22.00502394128286
21.813223487006706
21.813223487006706
21.732371367513867
21.732371367513867
21.732371367513867
21.211706005127247
20.91598076355136
20.91598076355136
20.91598076355136
20.91598076355136
20.91598076355136
19.701146678312544
19.701146678312544
19.701146678312544
19.701146678312544
19.701146678312544
19.619677316854954
19.619677316854954
19.530582779560103
19.530582779560103
19.521796992921832
18.146004261749063
18.13571873384613
18.08550191301288
18.076551739626105
18.076551739626105
18.076551739626105
18.076551739626105
17.88033660023278
17.858545332673405
17.858545332673405
17.21561161141018
17.21561161141018
17.21561161141018
17.21561161141018
17.21561161141018
16.99689144386341
16.99689144386341
16.983604878478566
16.979774187292428
16.979774187292428
16.112859969695098
16.112859969695098
16.112859969695098
15.823699196555365
15.823699196555365
15.823699196555365
15.783949676512805
15.783949676512805
15.783949676512805
15.783949676512805
15.783949676512805
15.783949676512805
15.783949676512805
15.783949676512805
15.783949676512805
15.756815484769172
15.756764291212678
15.756764291212678
15.756764291212678
15.7115286581046
15.7115286581046
15.357867792428133
15.3530334643251
15.3530334643251
15.3530334643251
15.3530334643251
15.3530334643251
15.3530334643251
15.3530334643251
15.264373281913453
15.040683748107298
15.040683748107298
14.918068093698562
14.918068093698562
14.432387254482093
14.403873376850829
14.374828695560343
14.374828695560343
14.374828695560343
14.361515283256672
14.361515283256672
14.321799263237711
14.321799263237711
14.18964330367494
14.18964330367494
14.18964330367494
14.18964330367494
14.18964330367494
14.188253171359484
14.188253171359484
13.935939045885336
13.928965929198522
13.928965929198522
13.830389694363637
13.778280517064273
13.778280517064273
13.778280517064273
13.7714687509063
13.7714687509063
13.7714687509063
13.725623465070797
13.724359935242985
13.724359935242985
13.724359935242985
13.724359935242985
13.724359935242985
13.724359935242985
13.724359935242985
13.724359935242985
13.724359935242985
13.72427996197616
13.538925669514121
13.538033475329936
13.538033475329936
13.538033475329936
13.538033475329936
13.480158777298902
13.358005270633031
13.327381598762825
13.327381598762825
13.327381598762825
13.25033404213136
13.25033404213136
13.25033404213136
12.526714941806397
12.526714941806397
12.351969572753566
11.826057964346196
11.630436451340168
11.20334335462628
11.045592760159586
11.045592760159586
11.045592760159586
11.045592760159586
10.85359016368136
10.749341584114276
10.749341584114276
10.749341584114276
10.749341584114276
10.749341584114276
10.749341584114276
10.749341584114276
10.738597791658274
10.403089156670763
10.403089156670763
10.403089156670763
10.393611709067105
10.393611709067105
10.393611709067105
10.393611709067105
10.393611709067105
10.393611709067105
10.386562571730785
10.386562571730785
10.386562571730785
10.386562571730785
10.386562571730785
10.386562571730785
10.386562571730785
10.379407190880533
10.379407190880533
10.379407190880533
10.379407190880533
10.379407190880533
10.314126232111958
9.709293032575014
9.709293032575014
9.709293032575014
9.709293032575014
9.709293032575014
9.700667815775244
9.700667815775244
9.596394647050312
9.596394647050312
9.596394647050312
9.596394647050312
9.58131212091202
8.295527090258165
8.295527090258165
8.295527090258165
8.27765310427759
8.27765310427759
8.27765310427759
8.27765310427759
8.27340913717168
8.27340913717168
8.27340913717168
8.206889202962147
8.206889202962147
8.143047289370903
8.139688700816782
8.139688700816782
8.137048946744509
7.986344067608461
7.986344067608461
7.986344067608461
7.986344067608461
7.9753327452368445
7.9753327452368445
7.9753327452368445
7.972731936103035
7.972731936103035
7.972731936103035
7.972731936103035
7.972731936103035
7.653500841071583
7.653500841071583
7.653500841071583
7.653500841071583
7.653500841071583
7.653500841071583
7.649892185404952
7.5694739078936175
7.5694739078936175
7.553678028470822
7.553678028470822
7.553678028470822
7.553678028470822
7.425405376205553
7.400227300260987
7.400227300260987
7.400227300260987
7.400227300260987
7.400227300260987
7.374318771313272
7.374318771313272
7.374318771313272
7.374318771313272
7.374318771313272
7.374318771313272
7.374318771313272
7.36575951135258
6.957085124792404
6.957085124792404
6.953874336700253
6.952975528486345
6.952975528486345
6.952975528486345
6.931981646859428
6.931981646859428
6.931981646859428
6.931981646859428
6.9277269328084
6.9277269328084
6.876128554626102
6.808729027455679
5.643407021113869
5.643407021113869
5.642633349266667
5.642633349266667
5.642633349266667
5.642633349266667
5.597847084585961
5.597847084585961
5.597847084585961
5.53819989206724
5.504111260928507
5.504111260928507
5.269076241427817
5.269076241427817
5.269076241427817
5.269076241427817
5.269076241427817
5.238927482588398
5.238927482588398
5.231720338655585
5.231720338655585
5.231720338655585
5.231720338655585
5.2313565207541535
5.2313565207541535
5.2313565207541535
5.2313565207541535
5.2313565207541535
5.2313565207541535
5.2309899014443495
5.222422450531545
5.222422450531545
5.222422450531545
5.211803744582408
5.211803744582408
5.211803744582408
5.211803744582408
5.211803744582408
5.160491191032051
5.160491191032051
5.157614792187086
5.157614792187086
5.157614792187086
5.07673594183122
5.07673594183122
5.07673594183122
5.010483757940554
5.010483757940554
5.010483757940554
5.010483757940554
5.010483757940554
4.992722486641757
4.94060413256568
4.94060413256568
4.94060413256568
4.94060413256568
4.94060413256568
4.879697657797677
4.879668843419819
4.879329124642531
4.879329124642531
4.879329124642531
4.879329124642531
4.879329124642531
4.879329124642531
4.879329124642531
4.879329124642531
4.879329124642531
4.879329124642531
4.685366706306811
4.6852196269606
4.6852196269606
4.6852196269606
4.6852196269606
4.6852196269606
4.6852196269606
4.6852196269606
4.6852196269606
4.6852196269606
4.68146034317253
4.408192518418532
4.408192518418532
4.408192518418532
4.408192518418532
4.408192518418532
4.408192518418532
4.30826474208926
3.818104701464735
3.818104701464735
3.818104701464735
3.809497005228417
3.809497005228417
3.809497005228417
3.809497005228417
3.809497005228417
3.809497005228417
3.807920775590411
3.807920775590411
3.807920775590411
3.1045906874436304
3.1045906874436304
3.1045906874436304
3.1045906874436304
3.045667798833787
3.045667798833787
3.0456481966218605
3.0456481966218605
3.0456481966218605
3.0453197022873137
3.0453197022873137
3.0453197022873137
3.035570973371845
2.893124938468352
2.893124938468352
2.893124938468352
2.8926650156221974
2.8926650156221974
2.8926650156221974
2.8926650156221974
2.8926650156221974
2.8926650156221974
2.8926650156221974
2.8926650156221974
2.8926650156221974
2.8926650156221974
2.8201794826016635
2.8201794826016635
2.8201794826016635
2.817183199975157
2.7485637975601533
2.74241471145957
2.74241471145957
2.74241471145957
2.7346999541735397
2.7346999541735397
2.7346999541735397
2.7346999541735397
2.7270963062208184
2.7270963062208184
2.7270963062208184
2.725672692493802
2.725672692493802
2.725672692493802
2.725672692493802
2.725672692493802
2.725672692493802
2.725672692493802
2.725672692493802
2.725672692493802
2.7215710758756617
2.7215710758756617
2.7215710758756617
2.712825659127205
2.712825659127205
2.7126729836020176
2.7126729836020176
2.7126729836020176
2.7126729836020176
2.7126729836020176
2.7126729836020176
2.7126729836020176
2.7126729836020176
2.7126729836020176
2.7126729836020176
2.7126729836020176
2.7126729836020176
2.7126729836020176
2.7126729836020176
2.7126729836020176
2.7120554877374463
2.7120554877374463
2.7120554877374463
2.711351281700935
2.711351281700935
2.435618494014168
2.435618494014168
2.435618494014168
2.4347020112818463
2.4347020112818463
2.4347020112818463
2.4339492401155827
2.4339492401155827
2.423963905795741
2.423963905795741
2.423963905795741
2.423963905795741
2.423963905795741
2.423963905795741
2.423963905795741
2.423963905795741
2.423963905795741
2.423963905795741
2.4135461620782004
2.4135461620782004
2.4135461620782004
2.4135461620782004
2.4135461620782004
2.4135461620782004
2.4135461620782004
2.4135461620782004
2.4135461620782004
2.4135461620782004
2.4135461620782004
2.4135461620782004
2.4135461620782004
2.4135461620782004
2.4135461620782004
2.4135461620782004
2.4135461620782004
2.366846036723951
2.366846036723951
2.366846036723951
2.366846036723951
2.366846036723951
2.3653045446414276
2.3653045446414276
2.2358613295292415
2.23229307014749
2.2046318402497174
2.2046318402497174
2.2046318402497174
2.2046318402497174
2.16920692365802
2.0914966156050436
2.0914966156050436
2.0899046002547323
2.0605106398782347
2.045342865583679
2.045342865583679
2.045342865583679
2.045076107522687
1.9664518919330816
1.9664518919330816
1.9652498931485038
1.9652498931485038
1.9645772897912093
1.9645772897912093
1.9645772897912093
1.9596050304710821
1.9596050304710821
1.9596050304710821
1.9596050304710821
1.9596050304710821
1.9596050304710821
1.9596050304710821
1.9596050304710821
1.957365481441436
1.957365481441436
1.957365481441436
1.9556106193333822
1.9556106193333822
1.9556106193333822
1.9556106193333822
1.9556106193333822
1.9542457569154947
1.9542457569154947
1.885331953442581
1.885331953442581
1.885331953442581
1.885331953442581
1.885331953442581
1.885331953442581
1.885331953442581
1.885331953442581
1.885331953442581
1.885331953442581
1.885331953442581
1.885331953442581
1.8482674151264584
1.830132219269187
1.830132219269187
1.8227857977018662
1.8218347544591984
1.8218347544591984
1.8187746391934996
1.7888907244244898
1.7888907244244898
1.754551776924236
1.754551776924236
1.5607977434810845
1.56077872818854
1.56077872818854
1.5599454882133614
1.5599454882133614
1.5599454882133614
1.5599454882133614
1.5599454882133614
1.5599454882133614
1.5599454882133614
1.4807957385796418
1.4807957385796418
1.4570213168912376
1.4570213168912376
1.4560242550286813
1.4560242550286813
1.4473170465796568
1.4473170465796568
1.4473170465796568
1.296417875825555
1.296417875825555
1.296417875825555
1.2950880861406937
1.2950880861406937
1.2830938160682226
1.269492510320114
1.269492510320114
1.269492510320114
1.2676140177092468
1.2672009632556567
1.2659203020738585
1.254270868127129
1.1762040126612734
1.1761904999504182
1.1761904999504182
1.1761904999504182
1.1761904999504182
1.1416568130586178
1.1402158188122395
1.1343661965965983
1.1343661965965983
1.1343661965965983
1.1343661965965983
1.1343661965965983
1.1343661965965983
1.1343661965965983
1.1323891507424586
1.090204499800411
1.090204499800411
1.090204499800411
1.090204499800411
1.0356359988125055
1.0356359988125055
1.0343013016281948
1.0343013016281948
1.0343013016281948
