10726.250366485869
9855.72815800306
9855.72815800306
9855.72815800306
9561.437044088247
9532.395352948603
9532.395352948603
9457.395766630138
9338.421842998141
9241.698538018638
9055.374585768044
8790.725074389593
8520.93047833979
8520.93047833979
8408.185482947396
8359.39712363385
8039.491929128624
7861.242962937999
7861.242962937999
7703.903205836154
7438.030539794686
7434.764820510541
7434.764820510541
7390.275422497694
7332.5593745152855
7171.198952702922
6869.475589514844
6854.323716361319
6854.323716361319
6854.323716361319
6854.323716361319
6566.083995277528
6385.378261567279
6385.378261567279
6385.378261567279
6385.378261567279
5901.849891502122
5901.849891502122
5901.849891502122
5887.811585947385
5398.9125212795325
5398.9125212795325
5398.9125212795325
5397.15948218369
5397.15948218369
5397.15948218369
5364.346995143398
5364.346995143398
5321.63348844601
5321.63348844601
5320.898000140444
5258.829326560461
5258.829326560461
5182.645796556714
5132.774862334503
4972.447027777163
4926.631035613638
4911.918626352135
4842.877982524338
4641.977334467269
4641.977334467269
4641.977334467269
4383.679890397241
4289.3839805119405
4289.3839805119405
4289.3839805119405
4197.91162651533
4135.932509204818
4081.303151670483
4015.0151195743565
3963.617447767083
3963.1991193983704
3954.084734721213
3946.3486621596476
3609.8923655768995
3609.8923655768995
3609.8923655768995
3536.633777661682
3495.494230648872
3419.836684181775
3396.686352350356
3114.1238754012247
3114.1238754012247
3114.1238754012247
3114.1238754012247
3114.1238754012247
3073.953724310448
3073.953724310448
3065.2772227676305
3028.8718297315336
3019.607491435314
2974.7127198656253
2939.0255735304363
2720.913533344801
2720.913533344801
2720.913533344801
2567.9274764199563
2565.778678141278
2565.778678141278
2565.674946077417
2565.674946077417
2563.761711448935
2563.755715143063
2563.755715143063
2563.755715143063
2563.755715143063
2558.769473898965
2558.769473898965
2558.769473898965
2382.475114559302
2382.475114559302
2380.4372796736916
2269.3171474173923
2265.8352670457098
2191.070333772621
2191.070333772621
2191.070333772621
2107.122800147945
2106.507228352537
2104.77854880821
2104.77854880821
2102.538518410205
2059.4131935821333
2026.7399151867721
2020.5127152159275
1738.665995495574
1737.4475012063267
1736.55186714495
1736.55186714495
1736.0576062634427
1703.6846282110164
1703.6846282110164
1703.6846282110164
1622.091524290352
1485.024529452392
1484.553538314607
1364.4372590072435
1359.8491805739359
1332.4990870241254
1332.4990870241254
1331.6530614956955
1331.6530614956955
1331.6347801535321
1331.3644398775905
1328.3176129196836
1292.6761542462064
1276.4907404822807
1246.3958993040978
1246.393885024414
1175.2523512803928
1112.9194924717194
1112.7866635327682
1112.7866635327682
1109.709409157953
1065.9565801425215
1065.8876702008874
980.9821842522961
980.9821842522961
980.9821842522961
980.9634620182405
980.9634620182405
909.5275488391453
909.5275488391453
909.3956172370017
909.3956172370017
908.5301237750264
908.5301237750264
908.5274475974566
908.4976708032227
802.8301098145457
802.8301098145457
795.4402720877843
740.1163219103491
739.8602264056244
711.9622862241449
711.950082142881
711.7740737476925
711.7093758230985
711.4333041464815
711.4333041464815
701.3418904488171
701.3408658491662
676.3402029266326
637.626085084712
555.8398321907443
555.8379155594557
555.5599534077683
519.5878710407123
470.9682242554936
469.77392233489627
469.57166716861684
469.5515490623184
469.55150653860073
451.9796979252842
451.9796979252842
425.071641849323
425.071641849323
392.0219792734388
392.02021473491186
392.02021473491186
391.9970217246646
351.10716053118085
349.1279442797222
349.1279442797222
347.7961348196368
347.7961348196368
347.77513708169135
258.7791895800983
258.7791895800983
258.7791895800983
258.5534996585011
258.5531430062256
258.5441285846464
258.54403316605385
258.54361758636514
257.65973712824416
254.498947637956
254.498947637956
254.48122019674338
254.389889147973
253.8025632575518
253.80123847714276
253.80123683461716
248.4960774456904
247.47542266302298
247.47534110229935
247.08900122755585
247.08900122755585
247.02238915584712
246.5556898423747
245.06517054814685
245.06517054814685
244.0322589542593
243.573971411588
242.95733776069756
242.78807972470167
242.78807972470167
242.7445680621022
242.74287893193832
242.74287893193832
241.95281642330883
241.9528146504199
241.94908735615172
241.9252630725423
241.91047729812635
241.41391364249102
240.48125595729107
240.48106382918195
240.48106382918195
239.94687535504636
239.91717800274273
237.4989087680824
237.4989087680824
237.49890825446346
237.49890825446346
237.49890759963273
237.498906695615
237.49460539836764
237.49460539836764
237.49449821803137
237.48418257498997
237.42060937004862
237.41659793382314
237.41594745930524
237.13089146622042
237.13089146622042
237.12637907930366
237.12637907930366
237.12637907930366
237.1261010140679
237.12608165795245
237.12608165795245
237.12607692103302
237.11739784431666
237.11330794917558
237.1132908660038
237.1132875274634
237.113259559379
237.1106853575002
237.1106824179933
237.1106824179933
237.1105923027062
236.9841482079446
236.98401759663648
236.96395801252766
236.96395686513824
236.96395686513824
236.96388843562636
236.96388843562636
236.96387734859672
236.96387734859672
236.96387727373985
236.96349124228982
236.9629088439233
236.96257959919058
236.8906957375566
236.89069573306733
236.89069573306733
236.89069573306733
236.8901170026984
236.8901170026984
236.88868347026983
236.888674659147
236.888674659147
236.88865728724159
236.88865728724159
236.88847138011442
236.88847138011442
236.886526704855
236.886526704855
236.886526704855
236.886526704855
236.886526704855
236.8862279001405
236.88622049795958
236.88284764865057
236.88284677943557
236.88284677943557
236.88281327338518
236.8827718965149
236.8813800464668
236.88088879930547
236.8808726935913
236.878689129142
236.8786850175311
236.87868488529057
236.87868488529057
236.87868488529057
236.87868379780775
236.87868379780775
236.87863128180288
236.87826189295447
236.87826189295447
236.87826187717656
236.87826186837992
236.8782618669502
236.87718986806067
236.8771676321594
236.87700340338415
236.87700340338415
236.8770033867222
236.8770033867204
236.87700328140454
236.87700328140454
236.87700315089205
236.87700315069196
236.87699595059894
236.87697182009651
236.876971796406
236.876971796406
236.87695403717407
236.8769292233137
236.8769292233137
236.87692684779722
236.87692684779722
236.87681174190038
236.87681174190038
236.87681030380008
236.87672204972296
236.87671703861633
236.87671703861633
236.87671703775231
236.87671703775231
236.87671703775231
236.87671408477036
236.87671408477036
236.87671408477036
236.87670090597567
236.8767009059684
236.87670089565654
236.87669481235935
236.87669481235935
236.87669481235935
236.87669478478347
236.87669134061434
236.87669134061434
236.87669134061434
236.87669134024145
236.8766853706802
236.8766760141243
236.8766760141243
236.8766760141243
236.87667580090056
236.87667580089328
236.87667570384656
236.8766757016947
236.87667555421103
236.87667509739003
236.87667509739003
236.87667509677885
236.87667509677885
236.8766745958983
236.87667183649683
236.87667183649683
236.8766718047009
236.87667025192786
236.87667024963412
236.87667018367392
236.87667018367392
236.87667009341567
236.87667009341567
236.87667009341567
236.87666987527882
236.87666972807529
236.8766697268602
236.8766697268602
236.87666965021526
236.87666965021526
236.8766696471739
236.8766696470575
236.87666964685013
236.87666964685013
236.87666959861963
236.87666954663655
236.87666954663655
236.8766695444665
236.87666954418455
236.87666953377993
236.87666944638477
236.87666944637022
236.87666944637022
236.87666942927171
236.87666942894248
236.87666942894248
236.87666942789292
236.87666939432347
236.87666939432347
236.87666939432347
236.87666938894654
236.87666938894654
236.87666932247703
236.87666930863088
236.87666930863088
236.87666928293584
236.87666928293584
236.87666928293584
236.87666928265025
236.87666926191378
236.87666926191378
236.87666926191378
236.87666926179008
236.87666925246594
236.87666925246594
236.87666925127087
236.87666925121084
236.87666925119265
236.8766692508325
236.87666925030499
236.8766692499994
236.87666924999212
236.8766692457939
236.87666923870165
236.87666923870165
236.87666923865436
236.87666923865436
236.87666923817778
236.87666923817778
236.87666923817778
236.87666923817778
236.87666923812685
236.87666923742472
236.87666923638426
236.87666923638426
236.87666923626966
236.87666923491452
236.87666923486722
236.87666923483448
236.87666923423603
236.87666923423603
236.87666923423603
236.87666923423603
236.87666923176766
236.87666923176766
236.87666923159668
236.87666923158577
236.87666923088
236.87666923088
236.87666923087454
236.87666923087272
236.87666923087272
236.87666923087272
236.8766692307454
236.87666923073266
236.87666923073266
236.87666923073084
236.87666923073084
236.8766692306017
236.8766692306017
236.8766692306017
236.8766692306017
236.87666923030702
236.87666923030702
236.87666923030702
236.87666923030338
236.87666923025245
236.87666922982316
236.87666922982316
236.8766692296631
236.87666922965036
236.87666922958306
236.87666922951576
236.87666922951576
236.87666922951394
236.87666922951394
236.87666922910466
236.8766692290974
236.876669229061
236.876669229061
236.876669229061
236.876669229061
236.876669229061
236.876669229061
236.87666922905737
236.87666922905737
236.8766692289828
236.8766692289537
236.8766692289537
236.8766692289537
236.8766692289537
236.87666922894823
236.87666922894823
236.8766692289464
236.8766692289464
236.8766692289446
236.87666922893732
236.87666922893732
236.87666922893732
236.87666922893186
236.87666922893186
236.87666922893186
236.8766692288973
236.8766692288973
236.8766692288973
236.87666922889548
236.87666922889548
236.87666922889548
236.87666922889548
236.87666922889366
236.87666922889366
236.87666922889366
236.87666922889366
236.87666922889184
236.87666922889002
236.87666922889002
236.87666922889002
236.87666922889002
236.8766692288882
236.8766692288882
236.8766692288882
236.8766692288882
236.8766692288882
236.8766692288882
236.8766692288882
236.8766692288882
236.8766692288882
236.8766692288882
236.8766692288882
236.8766692288882
236.8766692288882
236.8766692288882
236.8766692288882
236.8766692288882
236.8766692288882
236.8766692288882
236.8766692288882
236.8766692288882
236.8766692288882
236.87666922888639
236.87666922888457
236.87666922888457
236.87666922888457
236.87666922888457
236.87666922888457
236.87666922888457
236.87666922888457
236.87666922888457
236.87666922888457
236.87666922888457
236.87666922888457
236.87666922888457
236.87666922888457
236.87666922888457
236.87666922888457
236.87666922888457
236.87666922888457
236.87666922888457
236.87666922888457
236.87666922888457
236.87666922888457
236.87666922888457
236.87666922888457
236.87666922888457
236.87666922888457
236.87666922888457
236.87666922888457
236.87666922888457
236.87666922888457
236.87666922888457
236.87666922888457
236.87666922888457
236.87666922888457
236.87666922888457
236.87666922888457
236.87666922888457
236.87666922888457
236.87666922888457
236.87666922888457
236.87666922888457
236.87666922888457
236.87666922888457
236.87666922888457
236.87666922888457
236.87666922888457
236.87666922888457
236.87666922888457
236.87666922888457
236.87666922888457
236.87666922888457
236.87666922888457
236.87666922888457
236.87666922888457
236.87666922888457
236.87666922888457
236.87666922888457
236.87666922888457
236.87666922888457
236.87666922888457
236.87666922888457
236.87666922888457
236.87666922888457
236.87666922888457
236.87666922888457
236.87666922888457
236.87666922888457
236.87666922888457
236.87666922888457
236.87666922888457
236.87666922888457
236.87666922888457
236.87666922888457
236.87666922888457
236.87666922888457
236.87666922888457
236.87666922888457
236.87666922888457
236.87666922888457
236.87666922888457
236.87666922888457
236.87666922888457
236.87666922888457
236.87666922888457
236.87666922888457
236.87666922888457
236.87666922888457
236.87666922888457
236.87666922888457
236.87666922888457
236.87666922888457
236.87666922888457
236.87666922888457
236.87666922888457
236.87666922888457
236.87666922888457
236.87666922888457
236.87666922888457
236.87666922888457
236.87666922888457
236.87666922888457
236.87666922888457
236.87666922888457
236.87666922888457
236.87666922888457
236.87666922888457
236.87666922888457
236.87666922888457
236.87666922888457
236.87666922888457
236.87666922888457
236.87666922888457
236.87666922888457
236.87666922888457
236.87666922888457
236.87666922888457
236.87666922888457
236.87666922888457
236.87666922888457
236.87666922888457
236.87666922888457
236.87666922888457
236.87666922888457
236.87666922888457
236.87666922888457
236.87666922888457
236.87666922888457
236.87666922888457
236.87666922888457
236.87666922888457
236.87666922888457
236.87666922888457
236.87666922888457
236.87666922888457
236.87666922888457
236.87666922888457
236.87666922888457
236.87666922888457
236.87666922888457
236.87666922888457
236.87666922888457
236.87666922888457
236.87666922888457
236.87666922888457
236.87666922888457
236.87666922888457
236.87666922888457
236.87666922888457
236.87666922888457
236.87666922888457
236.87666922888457
236.87666922888457
236.87666922888457
236.87666922888457
236.87666922888457
236.87666922888457
236.87666922888457
236.87666922888457
236.87666922888457
236.87666922888457
236.87666922888457
236.87666922888457
236.87666922888457
236.87666922888457
236.87666922888457
236.87666922888457
236.87666922888457
236.87666922888457
236.87666922888457
236.87666922888457
236.87666922888457
236.87666922888457
236.87666922888457
236.87666922888457
236.87666922888457
236.87666922888457
236.87666922888457
236.87666922888457
236.87666922888457
236.87666922888457
236.87666922888457
236.87666922888457
236.87666922888457
236.87666922888457
236.87666922888457
236.87666922888457
236.87666922888457
236.87666922888457
236.87666922888457
236.87666922888457
236.87666922888457
236.87666922888457
236.87666922888457
236.87666922888457
236.87666922888457
236.87666922888457
236.87666922888457
236.87666922888457
236.87666922888457
236.87666922888457
236.87666922888457
236.87666922888457
236.87666922888457
236.87666922888457
236.87666922888457
236.87666922888457
236.87666922888457
236.87666922888457
236.87666922888457
236.87666922888457
236.87666922888457
236.87666922888457
236.87666922888457
236.87666922888457
236.87666922888457
236.87666922888457
236.87666922888457
236.87666922888457
236.87666922888457
236.87666922888457
236.87666922888457
236.87666922888457
236.87666922888457
236.87666922888457
236.87666922888457
236.87666922888457
236.87666922888457
236.87666922888457
236.87666922888457
236.87666922888457
236.87666922888457
236.87666922888457
236.87666922888457
236.87666922888457
236.87666922888457
236.87666922888457
236.87666922888457
236.87666922888457
236.87666922888457
236.87666922888457
236.87666922888457
236.87666922888457
236.87666922888457
236.87666922888457
236.87666922888457
236.87666922888457
236.87666922888457
236.87666922888457
236.87666922888457
236.87666922888457
236.87666922888457
236.87666922888457
236.87666922888457
236.87666922888457
236.87666922888457
236.87666922888457
236.87666922888457
236.87666922888457
236.87666922888457
236.87666922888457
236.87666922888457
236.87666922888457
236.87666922888457
236.87666922888457
236.87666922888457
236.87666922888457
236.87666922888457
236.87666922888457
236.87666922888457
236.87666922888457
236.87666922888457
236.87666922888457
236.87666922888457
236.87666922888457
236.87666922888457
236.87666922888457
236.87666922888457
236.87666922888457
236.87666922888457
236.87666922888457
236.87666922888457
236.87666922888457
236.87666922888457
236.87666922888457
236.87666922888457
236.87666922888457
236.87666922888457
236.87666922888457
236.87666922888457
236.87666922888457
236.87666922888457
236.87666922888457
236.87666922888457
236.87666922888457
236.87666922888457
236.87666922888457
236.87666922888457
236.87666922888457
236.87666922888457
236.87666922888457
236.87666922888457
236.87666922888457
236.87666922888457
236.87666922888457
236.87666922888457
236.87666922888457
236.87666922888457
236.87666922888457
236.87666922888457
236.87666922888457
236.87666922888457
236.87666922888457
236.87666922888457
236.87666922888457
236.87666922888457
236.87666922888457
236.87666922888457
236.87666922888457
236.87666922888457
236.87666922888457
236.87666922888457
236.87666922888457
236.87666922888457
236.87666922888457
236.87666922888457
236.87666922888457
236.87666922888457
236.87666922888457
236.87666922888457
236.87666922888457
236.87666922888457
236.87666922888457
236.87666922888457
236.87666922888457
236.87666922888457
236.87666922888457
236.87666922888457
236.87666922888457
236.87666922888457
236.87666922888457
236.87666922888457
236.87666922888457
236.87666922888457
236.87666922888457
236.87666922888457
236.87666922888457
236.87666922888457
236.87666922888457
236.87666922888457
236.87666922888457
236.87666922888457
236.87666922888457
236.87666922888457
236.87666922888457
236.87666922888457
236.87666922888457
236.87666922888457
236.87666922888457
236.87666922888457
236.87666922888457
236.87666922888457
236.87666922888457
236.87666922888457
236.87666922888457
236.87666922888457
236.87666922888457
236.87666922888457
236.87666922888457
236.87666922888457
236.87666922888457
236.87666922888457
236.87666922888457
236.87666922888457
236.87666922888457
236.87666922888457
236.87666922888457
236.87666922888457
236.87666922888457
236.87666922888457
236.87666922888457
236.87666922888457
236.87666922888457
236.87666922888457
236.87666922888457
236.87666922888457
236.87666922888457
236.87666922888457
236.87666922888457
236.87666922888457
236.87666922888457
236.87666922888457
236.87666922888457
236.87666922888457
236.87666922888457
236.87666922888457
236.87666922888457
236.87666922888457
236.87666922888457
236.87666922888457
236.87666922888457
236.87666922888457
236.87666922888457
236.87666922888457
236.87666922888457
236.87666922888457
236.87666922888457
236.87666922888457
236.87666922888457
236.87666922888457
236.87666922888457
236.87666922888457
236.87666922888457
236.87666922888457
236.87666922888457
236.87666922888457
236.87666922888457
236.87666922888457
236.87666922888457
236.87666922888457
236.87666922888457
236.87666922888457
236.87666922888457
236.87666922888457
236.87666922888457
236.87666922888457
236.87666922888457
236.87666922888457
236.87666922888457
236.87666922888457
236.87666922888457
236.87666922888457
236.87666922888457
236.87666922888457
