642.792917214954
642.792917214954
616.7182893167374
503.8063559609801
499.1326965949614
495.0388514180512
477.22155689841264
466.2048776680525
466.2048776680525
464.17819044222455
455.2804486059378
430.80765331713616
372.80901160982773
372.80901160982773
330.00597154734953
328.55131910335325
325.86788982336475
287.2223913500966
271.30013736640944
257.40169129290797
249.8285949567048
245.38633217361448
228.62842557552185
212.24082392172903
212.20174614277065
207.63249175172785
207.63249175172785
197.50878031595127
195.1815269688963
160.8133461948254
154.8724491793398
154.86695864636275
139.7915656412101
133.0863310640544
132.8940661341491
110.15496156047196
79.41146101777443
66.17953649398228
55.19610454799865
54.68415773247607
37.53852960296074
37.53852960296074
33.880918255595134
32.229531294296365
32.229531294296365
31.883783646610215
30.898710108421568
30.483989221254195
27.21434601889775
26.609638966145063
26.361941687457925
26.361941687457925
26.361941687457925
26.361941687457925
26.361941687457925
13.925175313877286
12.697174455739853
12.697174455739853
12.697174455739853
11.836332335962176
11.691974934040251
11.691974934040251
8.900792353332779
8.900792353332779
8.900792353332779
8.900792353332779
8.896225262998561
8.483238074519246
8.230510488374144
6.029750777346544
6.023885077901948
5.823919520725971
5.720656418188199
5.6834922805481805
5.6834922805481805
5.6750699485370015
4.723044551918685
4.6582050730408735
4.227654373376415
4.218445357793929
4.0744407996700875
2.5584239484862143
2.551149316048904
2.551149316048904
2.036362613775803
2.0356238726739617
1.8481827412955796
1.8417290750150013
1.6770470511227926
1.6743479093268094
1.6743479093268094
1.6456996286995653
1.5274231599163195
1.5274231599163195
1.424720833696978
1.330545924490956
1.3156383674483672
1.3148531009647892
1.3080902462948256
1.3080902462948256
1.276651381938906
1.276651381938906
1.252279977930033
1.2313784616520762
1.228888177689409
1.1506009193585214
1.1316201532040937
1.1316201532040937
1.1316087207391003
1.1300042126604641
1.1258299648148888
1.1258299648148888
1.1258299648148888
1.1258299648148888
1.125826214473739
1.1257360762237403
1.105799551185952
1.0969227248636593
1.0915118791967642
1.0915118791967642
1.0710964015889608
1.0710490506734898
1.0706841710352384
1.0706733368420038
1.069357401471656
1.0693247725486703
1.0693194970578468
1.0693194970578468
1.0618094995952723
1.0618094995952723
1.0596675218572937
1.0596675218572937
1.0591924128253156
1.0572428797694176
1.0463028346203866
1.0462507920225947
1.0455755564769165
1.0455752453821192
1.0455422461073098
1.0240506869443946
1.023845730655096
1.023845730655096
1.0013410831966132
0.9782213891332999
0.9782213891332999
0.9756911394651144
0.9752955643687099
0.9752955643687099
0.9752955643687099
0.965642381294536
0.9522821213985857
0.9229954577993642
0.9229954577993642
0.9229954577993642
0.9215437735981965
0.8499764890852264
0.8451377935283316
0.8403775900766642
0.8403775900766642
0.8389459117438323
0.8361379619604903
0.8361357731219643
0.7928499307119545
0.7928499307119545
0.7928499307119545
0.7928498489749987
0.7910733319448662
0.7821322514595026
0.6650915739239582
0.656378672324734
0.6539383190122157
0.6539351748446836
0.6466774412844709
0.4315024996972737
0.4315024996972737
0.4302230166731952
0.4109886356748197
0.4109176787536135
0.4069594265816574
0.4069594265816574
0.38909717726945703
0.3871715260102555
0.38381657672976066
0.38347062941732435
0.3828941959355937
0.3828941959355937
0.3698473003123418
0.2251191856152004
0.22208679907478113
0.18998746927382693
0.1898640662101363
0.18372644687615314
0.1796508923238953
0.17365258552759544
0.12362806323940922
0.08757590240338364
0.08292624204482268
0.08292624204482268
0.08291337427062229
0.08286380760819312
0.0828423041833053
0.08103530249846724
0.07890520994733852
0.07664352500130611
0.07664352500130611
0.051269531070953556
0.051269531070953556
0.05126741540870616
0.05126741540870616
0.05126741540870616
0.050352597921368925
0.0348887231147994
0.03488863804114439
0.034877695828001154
0.034674940112250696
0.026855031887925596
0.014304470379511547
0.014304470379511547
0.01420750239988433
0.01420750239988433
0.01420750239988433
0.01420493906830067
0.01420493906830067
0.007993578966550285
0.007993578966550285
0.007993578966550285
0.007993578966550285
0.007993470751392895
0.007993470751392895
0.006448383061211427
0.006429283407617503
0.006429283407617503
0.006429283407617503
0.006429283407617503
0.006429283407617503
0.006429283407617503
0.005591959821201753
0.005550718525010101
0.005503723946319927
0.004377301988038318
0.004377301988038318
0.004377301988038318
0.004375937059164947
0.00436705379129243
0.004145217006156776
0.004145217006156776
0.004062378379827258
0.0036788627971482413
0.003671659791128379
0.003671659791128379
0.003671659791128379
0.003669474678000384
0.003669474678000384
0.0036199998773303044
0.003609559896328829
0.0030428512435983768
0.0030307904025205223
0.002644709790920241
0.002644709790920241
0.00260676296447504
0.0026064333293321917
0.0025350780458421873
0.0025350780458421873
0.0025350780458421873
0.0025350780458421873
0.002534735663595078
0.002534501287874913
0.002534501287874913
0.002534249174817149
0.002259663925626043
0.0022485313843558785
0.0021707877362687755
0.0019802747700794487
0.0019781939088009404
0.0019781939088009404
0.0019756082630068006
0.0019756082630068006
0.0016997492390928848
0.0016997492390928848
0.001699657616037964
0.0016995137777926494
0.0016588176693396184
0.0013640409013992993
0.0013640409013992993
0.0013639358669914614
0.0012971039352907
0.0012971039352907
0.0012949282657130912
0.0012949282657130912
0.0011939738907177366
0.0008665740432444169
0.0008665740432444169
0.0008665740432444169
0.0008397185047156475
0.0008375783341143528
0.00031695318676894235
0.0003005156937012643
0.00029975664402792646
0.0002967915920908393
0.00029659552158212144
0.00029659552158212144
0.00029659552158212144
0.00029659552158212144
0.00029659552158212144
0.00029659310005147876
0.00029659310005147876
0.00029659310005147876
0.000295517856617189
0.0002822696789385182
0.0002822696789385182
0.00028216234257161243
0.00028204656551023
0.0002814935555065512
0.00028100798062380417
0.0002555356843195744
0.0002207417357095176
0.0002205995480446532
7.245619220164201e-05
7.245619220164201e-05
7.245619220164201e-05
7.237849696217769e-05
7.237849696217769e-05
7.237760347889033e-05
7.237760347889033e-05
4.7741057828121214e-05
4.7741057828121214e-05
4.7737609974785045e-05
4.7737609974785045e-05
4.2419840076912685e-05
4.22051244802768e-05
4.220511415786721e-05
4.220511415786721e-05
4.218250196397211e-05
4.2181664055118695e-05
4.206081529545269e-05
4.201710256468427e-05
3.9689922553654e-05
3.9689922553654e-05
3.965115679438469e-05
3.965115679438469e-05
3.3840468051549166e-05
3.3840468051549166e-05
3.383688620939296e-05
3.305215507654058e-05
3.304703822870625e-05
2.8556240158961188e-05
2.855329861661815e-05
2.8541994578912266e-05
2.8408496582366105e-05
2.831735822250714e-05
2.831498626731932e-05
2.831498626731932e-05
2.830272277276613e-05
2.830272277276613e-05
2.830272277276613e-05
2.2361645870994096e-05
2.236092485774499e-05
7.496579145782611e-06
7.491705476314614e-06
7.491705476314614e-06
7.475530161449306e-06
7.474824067155161e-06
7.46609417068278e-06
7.451396096258556e-06
7.451394163915381e-06
7.451394163915381e-06
7.442367794707749e-06
7.442367794707749e-06
7.442367794707749e-06
7.442365335896817e-06
7.434164826958245e-06
7.434164826958245e-06
6.735402411695013e-06
6.7353939974257315e-06
6.733032639760772e-06
6.733032639760772e-06
6.733032639760772e-06
6.7318882094324906e-06
6.717989640137034e-06
6.71715959377206e-06
6.71715959377206e-06
6.71715959377206e-06
6.716504518333721e-06
6.716384638227879e-06
2.310263991556205e-06
2.308941063788872e-06
6.74308135106827e-07
6.684195404949023e-07
5.589986558085513e-07
5.589986558085513e-07
5.589986558085513e-07
4.7651404111448414e-07
4.7651404111448414e-07
4.7651404111448414e-07
4.7651404111448414e-07
4.7651366819057017e-07
4.7651366819057017e-07
4.7651366819057017e-07
4.7619511911456414e-07
4.7619511911456414e-07
4.7619511911456414e-07
4.75604762906201e-07
4.7560467408835905e-07
4.75523456611171e-07
4.7536937708425597e-07
4.750414069887299e-07
4.750414069887299e-07
2.4656835551084555e-07
2.4430378453565993e-07
2.4430296896582604e-07
2.442985629347305e-07
2.442985629347305e-07
2.4428981848512166e-07
2.442893698439974e-07
2.442879407649201e-07
2.4428736988824085e-07
2.4428736988824085e-07
2.4428736988824085e-07
2.4428736988824085e-07
2.4428736988824085e-07
2.4428736988824085e-07
2.4428736988824085e-07
2.442330094831746e-07
2.442330094831746e-07
2.442330094831746e-07
2.427225868073535e-07
2.427225868073535e-07
2.427225868073535e-07
2.3998591869300867e-07
2.3997814002640894e-07
2.3997814002640894e-07
2.397206370075011e-07
2.3914147784243056e-07
1.2635366875013432e-07
1.260834692207169e-07
1.2608325516971775e-07
1.2607213617510382e-07
9.438186698851325e-08
9.369181264151649e-08
9.369167586203986e-08
9.329295869164866e-08
9.329295369564505e-08
9.329295369564505e-08
9.325388306002935e-08
9.32499806260978e-08
9.021514169038625e-08
9.021428371003282e-08
9.021207714177137e-08
6.800832952347236e-08
4.199995184972494e-08
4.1993933774797654e-08
4.197577829767596e-08
4.1944744344490914e-08
4.1944744344490914e-08
4.194438529836475e-08
4.1914121839958796e-08
4.1914121839958796e-08
4.1913451820363434e-08
4.1913451820363434e-08
4.1913451820363434e-08
3.2961810059184415e-08
3.296179007516997e-08
3.287035643673164e-08
3.287035643673164e-08
3.287035643673164e-08
3.287000693852349e-08
5.8369533650903804e-09
5.179192519300102e-09
5.132836378152206e-09
5.095796784537754e-09
5.095796784537754e-09
5.095796784537754e-09
5.095796784537754e-09
5.095796784537754e-09
5.095708188740389e-09
5.095101118790524e-09
5.09509689994303e-09
5.09509689994303e-09
5.0913597782198394e-09
2.3251766068099755e-09
2.3197466170188363e-09
2.3197044285439006e-09
2.319700209696407e-09
2.3150730221743743e-09
2.3145161343052223e-09
2.3145161343052223e-09
2.3145161343052223e-09
2.311291158463291e-09
2.3112908253963838e-09
2.3112908253963838e-09
1.9306732879087463e-09
1.930583692910659e-09
1.9305831377991467e-09
1.9305536058666917e-09
1.925972492600181e-09
1.9259042138841664e-09
1.925871684349545e-09
1.8175383420526714e-09
1.8175383420526714e-09
1.8175383420526714e-09
1.8175383420526714e-09
1.8175383420526714e-09
1.8175381200080665e-09
1.8175381200080665e-09
1.388493209297792e-09
1.3884854377366196e-09
1.2491195855446335e-09
1.2179330877160055e-09
1.21792742557858e-09
1.185382347834718e-09
1.1849891068393958e-09
1.1849891068393958e-09
1.184646380991694e-09
1.1846191805275907e-09
1.1846191805275907e-09
1.1846191805275907e-09
1.1846188474606834e-09
1.0174033837628826e-09
1.0172978015532408e-09
1.0172978015532408e-09
1.0078764489662717e-09
1.0078764489662717e-09
8.310823140789125e-10
8.310694354918269e-10
8.31069213447222e-10
8.298909337511873e-10
8.274461116286602e-10
8.274461116286602e-10
8.273201013153653e-10
8.258643768854768e-10
8.257634576125383e-10
8.253873140517953e-10
8.252710737011171e-10
8.252704075673023e-10
8.252704075673023e-10
8.252678540543457e-10
8.252518668427911e-10
8.252518668427911e-10
8.252518668427911e-10
8.252518668427911e-10
8.24883161776313e-10
8.24883161776313e-10
8.24883161776313e-10
8.24883161776313e-10
8.24868506832388e-10
6.918745576456331e-10
6.918745576456331e-10
6.918745576456331e-10
6.916888173336133e-10
2.791161746173998e-10
2.7911606359509733e-10
2.7911606359509733e-10
2.791158415504924e-10
2.7911273292602345e-10
2.7911273292602345e-10
2.7911273292602345e-10
2.2988599912565633e-10
2.2988599912565633e-10
2.2988599912565633e-10
2.2988599912565633e-10
2.2988599912565633e-10
2.2983226433126447e-10
2.2983226433126447e-10
2.2983226433126447e-10
2.2983226433126447e-10
2.2982205027943792e-10
2.2970625401796951e-10
8.442413435005847e-11
5.103129030459286e-11
5.103129030459286e-11
5.103129030459286e-11
5.103129030459286e-11
4.0946024348897936e-11
4.0945469237385623e-11
4.094480310357085e-11
3.517552915610622e-11
3.5169978040983096e-11
3.5169978040983096e-11
3.042011087472929e-11
3.038824747392255e-11
3.038824747392255e-11
3.038824747392255e-11
3.038824747392255e-11
1.3463341552721886e-11
1.3463341552721886e-11
1.3463230530419423e-11
1.3463230530419423e-11
1.1536327448880002e-11
1.1536327448880002e-11
1.1536327448880002e-11
1.1536216426577539e-11
1.1536216426577539e-11
1.1535883359670152e-11
1.1535883359670152e-11
1.1535883359670152e-11
1.1535883359670152e-11
1.1535883359670152e-11
1.1535883359670152e-11
1.1535883359670152e-11
1.1535883359670152e-11
1.1535883359670152e-11
1.1535217225855376e-11
1.1535217225855376e-11
1.1535217225855376e-11
1.1535217225855376e-11
1.1535217225855376e-11
1.1533995980528289e-11
1.1533995980528289e-11
1.1533995980528289e-11
1.1533995980528289e-11
1.1533995980528289e-11
1.1526224419355913e-11
1.1162959445698561e-11
1.1162959445698561e-11
1.1162515356488711e-11
1.1162515356488711e-11
1.1162515356488711e-11
1.1162515356488711e-11
1.1142975431255309e-11
6.118883177919088e-12
6.118772155616625e-12
6.118772155616625e-12
6.118772155616625e-12
6.118772155616625e-12
5.1882942386782815e-12
5.1882942386782815e-12
5.1882942386782815e-12
5.1882942386782815e-12
5.1882942386782815e-12
5.1882942386782815e-12
5.1882942386782815e-12
5.1882942386782815e-12
5.1882942386782815e-12
3.3939517862791035e-12
3.3939517862791035e-12
2.745137450688162e-12
2.745137450688162e-12
1.836308882730009e-12
1.836308882730009e-12
1.836308882730009e-12
1.836308882730009e-12
1.836308882730009e-12
1.836308882730009e-12
1.836308882730009e-12
1.836308882730009e-12
1.836308882730009e-12
1.836308882730009e-12
1.8054446826454296e-12
1.8054446826454296e-12
1.805333660342967e-12
1.6798784585603244e-12
1.6798784585603244e-12
1.6797674362578618e-12
1.6797674362578618e-12
1.6797674362578618e-12
1.6797674362578618e-12
1.6797674362578618e-12
1.6797674362578618e-12
1.6797674362578618e-12
1.6797674362578618e-12
1.6797674362578618e-12
1.6796564139553993e-12
1.6796564139553993e-12
1.6796564139553993e-12
3.806954751439662e-13
3.806954751439662e-13
3.806954751439662e-13
3.806954751439662e-13
3.806954751439662e-13
3.806954751439662e-13
3.806954751439662e-13
3.806954751439662e-13
3.806954751439662e-13
3.806954751439662e-13
3.806954751439662e-13
3.785860513971784e-13
3.6626257582383914e-13
3.6615155352137663e-13
3.6615155352137663e-13
3.6615155352137663e-13
3.6615155352137663e-13
3.05089287166993e-13
3.05089287166993e-13
3.05089287166993e-13
3.05089287166993e-13
3.05089287166993e-13
3.05089287166993e-13
3.05089287166993e-13
2.7822188997106423e-13
2.7822188997106423e-13
2.7822188997106423e-13
2.460254222569347e-13
2.460254222569347e-13
2.460254222569347e-13
2.460254222569347e-13
2.460254222569347e-13
1.1790568521519162e-13
1.1790568521519162e-13
1.1790568521519162e-13
1.1790568521519162e-13
1.1723955140041653e-13
1.1723955140041653e-13
1.1723955140041653e-13
1.1723955140041653e-13
1.1723955140041653e-13
1.162403506782539e-13
1.162403506782539e-13
1.162403506782539e-13
1.1513012765362873e-13
1.1513012765362873e-13
1.1513012765362873e-13
1.0691447727140257e-13
1.035838081975271e-13
1.035838081975271e-13
1.035838081975271e-13
1.035838081975271e-13
1.035838081975271e-13
1.035838081975271e-13
7.438494264988549e-15
7.216449660063518e-15
7.216449660063518e-15
7.216449660063518e-15
7.216449660063518e-15
7.216449660063518e-15
7.216449660063518e-15
7.216449660063518e-15
7.216449660063518e-15
7.216449660063518e-15
7.216449660063518e-15
7.216449660063518e-15
7.216449660063518e-15
7.216449660063518e-15
7.216449660063518e-15
7.216449660063518e-15
7.216449660063518e-15
7.216449660063518e-15
7.216449660063518e-15
7.216449660063518e-15
7.216449660063518e-15
7.216449660063518e-15
7.216449660063518e-15
7.216449660063518e-15
7.216449660063518e-15
7.216449660063518e-15
7.216449660063518e-15
7.216449660063518e-15
7.216449660063518e-15
7.216449660063518e-15
7.216449660063518e-15
7.216449660063518e-15
7.216449660063518e-15
6.439293542825908e-15
6.439293542825908e-15
6.439293542825908e-15
6.439293542825908e-15
6.439293542825908e-15
6.328271240363392e-15
6.328271240363392e-15
6.328271240363392e-15
6.328271240363392e-15
6.328271240363392e-15
6.328271240363392e-15
6.328271240363392e-15
6.328271240363392e-15
6.328271240363392e-15
6.328271240363392e-15
6.328271240363392e-15
6.328271240363392e-15
6.328271240363392e-15
6.328271240363392e-15
1.1102230246251565e-15
1.1102230246251565e-15
1.1102230246251565e-15
1.1102230246251565e-15
1.1102230246251565e-15
1.1102230246251565e-15
9.992007221626409e-16
9.992007221626409e-16
9.992007221626409e-16
9.992007221626409e-16
9.992007221626409e-16
9.992007221626409e-16
9.992007221626409e-16
5.551115123125783e-16
5.551115123125783e-16
5.551115123125783e-16
5.551115123125783e-16
5.551115123125783e-16
5.551115123125783e-16
5.551115123125783e-16
5.551115123125783e-16
5.551115123125783e-16
5.551115123125783e-16
5.551115123125783e-16
5.551115123125783e-16
5.551115123125783e-16
5.551115123125783e-16
5.551115123125783e-16
5.551115123125783e-16
5.551115123125783e-16
5.551115123125783e-16
5.551115123125783e-16
5.551115123125783e-16
5.551115123125783e-16
5.551115123125783e-16
5.551115123125783e-16
5.551115123125783e-16
5.551115123125783e-16
5.551115123125783e-16
5.551115123125783e-16
5.551115123125783e-16
5.551115123125783e-16
5.551115123125783e-16
5.551115123125783e-16
5.551115123125783e-16
5.551115123125783e-16
5.551115123125783e-16
5.551115123125783e-16
5.551115123125783e-16
5.551115123125783e-16
5.551115123125783e-16
5.551115123125783e-16
5.551115123125783e-16
5.551115123125783e-16
5.551115123125783e-16
4.440892098500626e-16
4.440892098500626e-16
4.440892098500626e-16
4.440892098500626e-16
4.440892098500626e-16
4.440892098500626e-16
4.440892098500626e-16
4.440892098500626e-16
4.440892098500626e-16
4.440892098500626e-16
4.440892098500626e-16
4.440892098500626e-16
4.440892098500626e-16
4.440892098500626e-16
4.440892098500626e-16
4.440892098500626e-16
4.440892098500626e-16
4.440892098500626e-16
4.440892098500626e-16
4.440892098500626e-16
4.440892098500626e-16
2.220446049250313e-16
2.220446049250313e-16
2.220446049250313e-16
2.220446049250313e-16
2.220446049250313e-16
2.220446049250313e-16
2.220446049250313e-16
2.220446049250313e-16
2.220446049250313e-16
2.220446049250313e-16
2.220446049250313e-16
2.220446049250313e-16
2.220446049250313e-16
2.220446049250313e-16
2.220446049250313e-16
2.220446049250313e-16
2.220446049250313e-16
2.220446049250313e-16
1.1102230246251565e-16
1.1102230246251565e-16
1.1102230246251565e-16
1.1102230246251565e-16
1.1102230246251565e-16
1.1102230246251565e-16
1.1102230246251565e-16
1.1102230246251565e-16
1.1102230246251565e-16
1.1102230246251565e-16
1.1102230246251565e-16
1.1102230246251565e-16
1.1102230246251565e-16
1.1102230246251565e-16
1.1102230246251565e-16
1.1102230246251565e-16
1.1102230246251565e-16
1.1102230246251565e-16
1.1102230246251565e-16
1.1102230246251565e-16
1.1102230246251565e-16
1.1102230246251565e-16
1.1102230246251565e-16
1.1102230246251565e-16
1.1102230246251565e-16
1.1102230246251565e-16
1.1102230246251565e-16
1.1102230246251565e-16
1.1102230246251565e-16
1.1102230246251565e-16
1.1102230246251565e-16
1.1102230246251565e-16
1.1102230246251565e-16
1.1102230246251565e-16
1.1102230246251565e-16
1.1102230246251565e-16
1.1102230246251565e-16
1.1102230246251565e-16
1.1102230246251565e-16
1.1102230246251565e-16
1.1102230246251565e-16
1.1102230246251565e-16
1.1102230246251565e-16
1.1102230246251565e-16
1.1102230246251565e-16
1.1102230246251565e-16
1.1102230246251565e-16
1.1102230246251565e-16
1.1102230246251565e-16
1.1102230246251565e-16
1.1102230246251565e-16
1.1102230246251565e-16
1.1102230246251565e-16
1.1102230246251565e-16
1.1102230246251565e-16
1.1102230246251565e-16
1.1102230246251565e-16
1.1102230246251565e-16
1.1102230246251565e-16
1.1102230246251565e-16
1.1102230246251565e-16
1.1102230246251565e-16
1.1102230246251565e-16
1.1102230246251565e-16
1.1102230246251565e-16
1.1102230246251565e-16
1.1102230246251565e-16
1.1102230246251565e-16
1.1102230246251565e-16
1.1102230246251565e-16
1.1102230246251565e-16
1.1102230246251565e-16
1.1102230246251565e-16
1.1102230246251565e-16
1.1102230246251565e-16
1.1102230246251565e-16
1.1102230246251565e-16
1.1102230246251565e-16
1.1102230246251565e-16
1.1102230246251565e-16
1.1102230246251565e-16
1.1102230246251565e-16
1.1102230246251565e-16
1.1102230246251565e-16
1.1102230246251565e-16
1.1102230246251565e-16
1.1102230246251565e-16
1.1102230246251565e-16
1.1102230246251565e-16
1.1102230246251565e-16
1.1102230246251565e-16
1.1102230246251565e-16
1.1102230246251565e-16
1.1102230246251565e-16
1.1102230246251565e-16
1.1102230246251565e-16
1.1102230246251565e-16
1.1102230246251565e-16
1.1102230246251565e-16
1.1102230246251565e-16
1.1102230246251565e-16
1.1102230246251565e-16
1.1102230246251565e-16
1.1102230246251565e-16
1.1102230246251565e-16
1.1102230246251565e-16
1.1102230246251565e-16
1.1102230246251565e-16
1.1102230246251565e-16
1.1102230246251565e-16
1.1102230246251565e-16
1.1102230246251565e-16
1.1102230246251565e-16
1.1102230246251565e-16
1.1102230246251565e-16
1.1102230246251565e-16
1.1102230246251565e-16
1.1102230246251565e-16
1.1102230246251565e-16
1.1102230246251565e-16
1.1102230246251565e-16
1.1102230246251565e-16
1.1102230246251565e-16
1.1102230246251565e-16
1.1102230246251565e-16
1.1102230246251565e-16
1.1102230246251565e-16
1.1102230246251565e-16
1.1102230246251565e-16
1.1102230246251565e-16
1.1102230246251565e-16
1.1102230246251565e-16
1.1102230246251565e-16
1.1102230246251565e-16
1.1102230246251565e-16
1.1102230246251565e-16
1.1102230246251565e-16
1.1102230246251565e-16
1.1102230246251565e-16
1.1102230246251565e-16
1.1102230246251565e-16
1.1102230246251565e-16
1.1102230246251565e-16
1.1102230246251565e-16
1.1102230246251565e-16
1.1102230246251565e-16
1.1102230246251565e-16
1.1102230246251565e-16
1.1102230246251565e-16
1.1102230246251565e-16
1.1102230246251565e-16
1.1102230246251565e-16
1.1102230246251565e-16
1.1102230246251565e-16
1.1102230246251565e-16
1.1102230246251565e-16
1.1102230246251565e-16
1.1102230246251565e-16
1.1102230246251565e-16
1.1102230246251565e-16
1.1102230246251565e-16
1.1102230246251565e-16
1.1102230246251565e-16
1.1102230246251565e-16
1.1102230246251565e-16
1.1102230246251565e-16
1.1102230246251565e-16
1.1102230246251565e-16
1.1102230246251565e-16
1.1102230246251565e-16
1.1102230246251565e-16
1.1102230246251565e-16
1.1102230246251565e-16
1.1102230246251565e-16
1.1102230246251565e-16
1.1102230246251565e-16
1.1102230246251565e-16
1.1102230246251565e-16
1.1102230246251565e-16
1.1102230246251565e-16
1.1102230246251565e-16
1.1102230246251565e-16
1.1102230246251565e-16
1.1102230246251565e-16
1.1102230246251565e-16
1.1102230246251565e-16
1.1102230246251565e-16
1.1102230246251565e-16
1.1102230246251565e-16
1.1102230246251565e-16
1.1102230246251565e-16
1.1102230246251565e-16
1.1102230246251565e-16
1.1102230246251565e-16
1.1102230246251565e-16
1.1102230246251565e-16
1.1102230246251565e-16
1.1102230246251565e-16
1.1102230246251565e-16
1.1102230246251565e-16
1.1102230246251565e-16
1.1102230246251565e-16
1.1102230246251565e-16
1.1102230246251565e-16
1.1102230246251565e-16
1.1102230246251565e-16
1.1102230246251565e-16
1.1102230246251565e-16
1.1102230246251565e-16
1.1102230246251565e-16
1.1102230246251565e-16
1.1102230246251565e-16
1.1102230246251565e-16
1.1102230246251565e-16
1.1102230246251565e-16
1.1102230246251565e-16
1.1102230246251565e-16
1.1102230246251565e-16
1.1102230246251565e-16
1.1102230246251565e-16
1.1102230246251565e-16
1.1102230246251565e-16
1.1102230246251565e-16
1.1102230246251565e-16
1.1102230246251565e-16
1.1102230246251565e-16
1.1102230246251565e-16
1.1102230246251565e-16
1.1102230246251565e-16
1.1102230246251565e-16
1.1102230246251565e-16
1.1102230246251565e-16
1.1102230246251565e-16
1.1102230246251565e-16
1.1102230246251565e-16
1.1102230246251565e-16
1.1102230246251565e-16
1.1102230246251565e-16
1.1102230246251565e-16
1.1102230246251565e-16
1.1102230246251565e-16
1.1102230246251565e-16
1.1102230246251565e-16
1.1102230246251565e-16
1.1102230246251565e-16
1.1102230246251565e-16
1.1102230246251565e-16
1.1102230246251565e-16
1.1102230246251565e-16
1.1102230246251565e-16
1.1102230246251565e-16
1.1102230246251565e-16
1.1102230246251565e-16
1.1102230246251565e-16
1.1102230246251565e-16
1.1102230246251565e-16
1.1102230246251565e-16
1.1102230246251565e-16
1.1102230246251565e-16
1.1102230246251565e-16
1.1102230246251565e-16
1.1102230246251565e-16
1.1102230246251565e-16
1.1102230246251565e-16
1.1102230246251565e-16
1.1102230246251565e-16
1.1102230246251565e-16
1.1102230246251565e-16
1.1102230246251565e-16
1.1102230246251565e-16
1.1102230246251565e-16
1.1102230246251565e-16
1.1102230246251565e-16
1.1102230246251565e-16
1.1102230246251565e-16
1.1102230246251565e-16
1.1102230246251565e-16
1.1102230246251565e-16
1.1102230246251565e-16
1.1102230246251565e-16
1.1102230246251565e-16
1.1102230246251565e-16
1.1102230246251565e-16
1.1102230246251565e-16
1.1102230246251565e-16
1.1102230246251565e-16
1.1102230246251565e-16
1.1102230246251565e-16
1.1102230246251565e-16
1.1102230246251565e-16
1.1102230246251565e-16
1.1102230246251565e-16
1.1102230246251565e-16
1.1102230246251565e-16
1.1102230246251565e-16
1.1102230246251565e-16
1.1102230246251565e-16
1.1102230246251565e-16
1.1102230246251565e-16
1.1102230246251565e-16
1.1102230246251565e-16
1.1102230246251565e-16
1.1102230246251565e-16
1.1102230246251565e-16
1.1102230246251565e-16
1.1102230246251565e-16
1.1102230246251565e-16
1.1102230246251565e-16
1.1102230246251565e-16
1.1102230246251565e-16
1.1102230246251565e-16
1.1102230246251565e-16
1.1102230246251565e-16
1.1102230246251565e-16
1.1102230246251565e-16
1.1102230246251565e-16
1.1102230246251565e-16
1.1102230246251565e-16
1.1102230246251565e-16
1.1102230246251565e-16
1.1102230246251565e-16
1.1102230246251565e-16
1.1102230246251565e-16
1.1102230246251565e-16
1.1102230246251565e-16
1.1102230246251565e-16
1.1102230246251565e-16
1.1102230246251565e-16
1.1102230246251565e-16
1.1102230246251565e-16
1.1102230246251565e-16
1.1102230246251565e-16
1.1102230246251565e-16
1.1102230246251565e-16
1.1102230246251565e-16
1.1102230246251565e-16
1.1102230246251565e-16
1.1102230246251565e-16
1.1102230246251565e-16
1.1102230246251565e-16
1.1102230246251565e-16
1.1102230246251565e-16
1.1102230246251565e-16
1.1102230246251565e-16
1.1102230246251565e-16
1.1102230246251565e-16
1.1102230246251565e-16
1.1102230246251565e-16
1.1102230246251565e-16
1.1102230246251565e-16
1.1102230246251565e-16
1.1102230246251565e-16
1.1102230246251565e-16
1.1102230246251565e-16
1.1102230246251565e-16
1.1102230246251565e-16
1.1102230246251565e-16
1.1102230246251565e-16
1.1102230246251565e-16
1.1102230246251565e-16
1.1102230246251565e-16
1.1102230246251565e-16
1.1102230246251565e-16
1.1102230246251565e-16
1.1102230246251565e-16
1.1102230246251565e-16
1.1102230246251565e-16
1.1102230246251565e-16
1.1102230246251565e-16
1.1102230246251565e-16
1.1102230246251565e-16
1.1102230246251565e-16
1.1102230246251565e-16
1.1102230246251565e-16
1.1102230246251565e-16
1.1102230246251565e-16
1.1102230246251565e-16
1.1102230246251565e-16
1.1102230246251565e-16
1.1102230246251565e-16
1.1102230246251565e-16
1.1102230246251565e-16
1.1102230246251565e-16
1.1102230246251565e-16
1.1102230246251565e-16
1.1102230246251565e-16
1.1102230246251565e-16
1.1102230246251565e-16
1.1102230246251565e-16
1.1102230246251565e-16
1.1102230246251565e-16
1.1102230246251565e-16
1.1102230246251565e-16
1.1102230246251565e-16
1.1102230246251565e-16
1.1102230246251565e-16
1.1102230246251565e-16
1.1102230246251565e-16
1.1102230246251565e-16
1.1102230246251565e-16
1.1102230246251565e-16
1.1102230246251565e-16
1.1102230246251565e-16
1.1102230246251565e-16
1.1102230246251565e-16
1.1102230246251565e-16
1.1102230246251565e-16
1.1102230246251565e-16
1.1102230246251565e-16
1.1102230246251565e-16
1.1102230246251565e-16
1.1102230246251565e-16
1.1102230246251565e-16
1.1102230246251565e-16
1.1102230246251565e-16
1.1102230246251565e-16
1.1102230246251565e-16
1.1102230246251565e-16
1.1102230246251565e-16
1.1102230246251565e-16
1.1102230246251565e-16
1.1102230246251565e-16
1.1102230246251565e-16
1.1102230246251565e-16
1.1102230246251565e-16
1.1102230246251565e-16
1.1102230246251565e-16
1.1102230246251565e-16
1.1102230246251565e-16
1.1102230246251565e-16
1.1102230246251565e-16
1.1102230246251565e-16
1.1102230246251565e-16
1.1102230246251565e-16
1.1102230246251565e-16
1.1102230246251565e-16
1.1102230246251565e-16
1.1102230246251565e-16
1.1102230246251565e-16
1.1102230246251565e-16
1.1102230246251565e-16
1.1102230246251565e-16
1.1102230246251565e-16
1.1102230246251565e-16
1.1102230246251565e-16
1.1102230246251565e-16
1.1102230246251565e-16
1.1102230246251565e-16
1.1102230246251565e-16
1.1102230246251565e-16
1.1102230246251565e-16
1.1102230246251565e-16
1.1102230246251565e-16
1.1102230246251565e-16
1.1102230246251565e-16
1.1102230246251565e-16
1.1102230246251565e-16
1.1102230246251565e-16
1.1102230246251565e-16
1.1102230246251565e-16
1.1102230246251565e-16
1.1102230246251565e-16
1.1102230246251565e-16
1.1102230246251565e-16
1.1102230246251565e-16
1.1102230246251565e-16
1.1102230246251565e-16
1.1102230246251565e-16
1.1102230246251565e-16
1.1102230246251565e-16
1.1102230246251565e-16
1.1102230246251565e-16
1.1102230246251565e-16
1.1102230246251565e-16
1.1102230246251565e-16
1.1102230246251565e-16
1.1102230246251565e-16
1.1102230246251565e-16
1.1102230246251565e-16
1.1102230246251565e-16
1.1102230246251565e-16
1.1102230246251565e-16
1.1102230246251565e-16
1.1102230246251565e-16
1.1102230246251565e-16
1.1102230246251565e-16
1.1102230246251565e-16
1.1102230246251565e-16
1.1102230246251565e-16
1.1102230246251565e-16
1.1102230246251565e-16
1.1102230246251565e-16
1.1102230246251565e-16
1.1102230246251565e-16
1.1102230246251565e-16
1.1102230246251565e-16
1.1102230246251565e-16
1.1102230246251565e-16
1.1102230246251565e-16
1.1102230246251565e-16
1.1102230246251565e-16
1.1102230246251565e-16
1.1102230246251565e-16
1.1102230246251565e-16
1.1102230246251565e-16
1.1102230246251565e-16
1.1102230246251565e-16
1.1102230246251565e-16
1.1102230246251565e-16
1.1102230246251565e-16
1.1102230246251565e-16
1.1102230246251565e-16
1.1102230246251565e-16
1.1102230246251565e-16
1.1102230246251565e-16
1.1102230246251565e-16
1.1102230246251565e-16
1.1102230246251565e-16
1.1102230246251565e-16
1.1102230246251565e-16
1.1102230246251565e-16
1.1102230246251565e-16
1.1102230246251565e-16
1.1102230246251565e-16
1.1102230246251565e-16
1.1102230246251565e-16
1.1102230246251565e-16
1.1102230246251565e-16
1.1102230246251565e-16
1.1102230246251565e-16
1.1102230246251565e-16
1.1102230246251565e-16
1.1102230246251565e-16
1.1102230246251565e-16
1.1102230246251565e-16
1.1102230246251565e-16
1.1102230246251565e-16
1.1102230246251565e-16
1.1102230246251565e-16
1.1102230246251565e-16
1.1102230246251565e-16
1.1102230246251565e-16
1.1102230246251565e-16
1.1102230246251565e-16
1.1102230246251565e-16
1.1102230246251565e-16
1.1102230246251565e-16
1.1102230246251565e-16
1.1102230246251565e-16
1.1102230246251565e-16
1.1102230246251565e-16
1.1102230246251565e-16
1.1102230246251565e-16
1.1102230246251565e-16
1.1102230246251565e-16
1.1102230246251565e-16
1.1102230246251565e-16
1.1102230246251565e-16
1.1102230246251565e-16
1.1102230246251565e-16
1.1102230246251565e-16
1.1102230246251565e-16
1.1102230246251565e-16
1.1102230246251565e-16
1.1102230246251565e-16
1.1102230246251565e-16
1.1102230246251565e-16
1.1102230246251565e-16
1.1102230246251565e-16
1.1102230246251565e-16
1.1102230246251565e-16
1.1102230246251565e-16
1.1102230246251565e-16
1.1102230246251565e-16
1.1102230246251565e-16
1.1102230246251565e-16
1.1102230246251565e-16
1.1102230246251565e-16
1.1102230246251565e-16
1.1102230246251565e-16
1.1102230246251565e-16
1.1102230246251565e-16
1.1102230246251565e-16
1.1102230246251565e-16
1.1102230246251565e-16
1.1102230246251565e-16
1.1102230246251565e-16
1.1102230246251565e-16
1.1102230246251565e-16
1.1102230246251565e-16
1.1102230246251565e-16
1.1102230246251565e-16
1.1102230246251565e-16
1.1102230246251565e-16
1.1102230246251565e-16
1.1102230246251565e-16
1.1102230246251565e-16
1.1102230246251565e-16
1.1102230246251565e-16
1.1102230246251565e-16
1.1102230246251565e-16
1.1102230246251565e-16
1.1102230246251565e-16
1.1102230246251565e-16
1.1102230246251565e-16
1.1102230246251565e-16
1.1102230246251565e-16
1.1102230246251565e-16
1.1102230246251565e-16
1.1102230246251565e-16
1.1102230246251565e-16
1.1102230246251565e-16
1.1102230246251565e-16
1.1102230246251565e-16
1.1102230246251565e-16
1.1102230246251565e-16
1.1102230246251565e-16
1.1102230246251565e-16
1.1102230246251565e-16
1.1102230246251565e-16
1.1102230246251565e-16
1.1102230246251565e-16
1.1102230246251565e-16
1.1102230246251565e-16
1.1102230246251565e-16
1.1102230246251565e-16
1.1102230246251565e-16
1.1102230246251565e-16
1.1102230246251565e-16
1.1102230246251565e-16
1.1102230246251565e-16
1.1102230246251565e-16
1.1102230246251565e-16
1.1102230246251565e-16
1.1102230246251565e-16
1.1102230246251565e-16
1.1102230246251565e-16
1.1102230246251565e-16
1.1102230246251565e-16
1.1102230246251565e-16
1.1102230246251565e-16
1.1102230246251565e-16
1.1102230246251565e-16
1.1102230246251565e-16
1.1102230246251565e-16
1.1102230246251565e-16
1.1102230246251565e-16
1.1102230246251565e-16
1.1102230246251565e-16
1.1102230246251565e-16
1.1102230246251565e-16
1.1102230246251565e-16
1.1102230246251565e-16
1.1102230246251565e-16
1.1102230246251565e-16
1.1102230246251565e-16
1.1102230246251565e-16
1.1102230246251565e-16
1.1102230246251565e-16
1.1102230246251565e-16
1.1102230246251565e-16
1.1102230246251565e-16
1.1102230246251565e-16
1.1102230246251565e-16
1.1102230246251565e-16
1.1102230246251565e-16
1.1102230246251565e-16
1.1102230246251565e-16
1.1102230246251565e-16
1.1102230246251565e-16
1.1102230246251565e-16
1.1102230246251565e-16
1.1102230246251565e-16
1.1102230246251565e-16
1.1102230246251565e-16
1.1102230246251565e-16
1.1102230246251565e-16
1.1102230246251565e-16
1.1102230246251565e-16
1.1102230246251565e-16
1.1102230246251565e-16
1.1102230246251565e-16
1.1102230246251565e-16
1.1102230246251565e-16
1.1102230246251565e-16
1.1102230246251565e-16
1.1102230246251565e-16
1.1102230246251565e-16
1.1102230246251565e-16
1.1102230246251565e-16
1.1102230246251565e-16
1.1102230246251565e-16
1.1102230246251565e-16
1.1102230246251565e-16
1.1102230246251565e-16
1.1102230246251565e-16
1.1102230246251565e-16
1.1102230246251565e-16
1.1102230246251565e-16
1.1102230246251565e-16
1.1102230246251565e-16
1.1102230246251565e-16
1.1102230246251565e-16
1.1102230246251565e-16
1.1102230246251565e-16
1.1102230246251565e-16
1.1102230246251565e-16
1.1102230246251565e-16
1.1102230246251565e-16
1.1102230246251565e-16
1.1102230246251565e-16
1.1102230246251565e-16
1.1102230246251565e-16
1.1102230246251565e-16
1.1102230246251565e-16
1.1102230246251565e-16
1.1102230246251565e-16
1.1102230246251565e-16
1.1102230246251565e-16
1.1102230246251565e-16
1.1102230246251565e-16
1.1102230246251565e-16
1.1102230246251565e-16
1.1102230246251565e-16
1.1102230246251565e-16
1.1102230246251565e-16
1.1102230246251565e-16
1.1102230246251565e-16
1.1102230246251565e-16
1.1102230246251565e-16
1.1102230246251565e-16
1.1102230246251565e-16
1.1102230246251565e-16
1.1102230246251565e-16
1.1102230246251565e-16
1.1102230246251565e-16
1.1102230246251565e-16
1.1102230246251565e-16
1.1102230246251565e-16
1.1102230246251565e-16
1.1102230246251565e-16
1.1102230246251565e-16
1.1102230246251565e-16
1.1102230246251565e-16
1.1102230246251565e-16
1.1102230246251565e-16
1.1102230246251565e-16
1.1102230246251565e-16
1.1102230246251565e-16
1.1102230246251565e-16
1.1102230246251565e-16
1.1102230246251565e-16
1.1102230246251565e-16
1.1102230246251565e-16
1.1102230246251565e-16
1.1102230246251565e-16
1.1102230246251565e-16
1.1102230246251565e-16
1.1102230246251565e-16
1.1102230246251565e-16
1.1102230246251565e-16
1.1102230246251565e-16
1.1102230246251565e-16
1.1102230246251565e-16
1.1102230246251565e-16
1.1102230246251565e-16
1.1102230246251565e-16
1.1102230246251565e-16
1.1102230246251565e-16
1.1102230246251565e-16
1.1102230246251565e-16
1.1102230246251565e-16
1.1102230246251565e-16
1.1102230246251565e-16
1.1102230246251565e-16
1.1102230246251565e-16
1.1102230246251565e-16
1.1102230246251565e-16
1.1102230246251565e-16
1.1102230246251565e-16
1.1102230246251565e-16
1.1102230246251565e-16
1.1102230246251565e-16
1.1102230246251565e-16
1.1102230246251565e-16
1.1102230246251565e-16
1.1102230246251565e-16
1.1102230246251565e-16
1.1102230246251565e-16
1.1102230246251565e-16
1.1102230246251565e-16
1.1102230246251565e-16
1.1102230246251565e-16
1.1102230246251565e-16
1.1102230246251565e-16
1.1102230246251565e-16
1.1102230246251565e-16
1.1102230246251565e-16
1.1102230246251565e-16
1.1102230246251565e-16
1.1102230246251565e-16
1.1102230246251565e-16
1.1102230246251565e-16
1.1102230246251565e-16
1.1102230246251565e-16
1.1102230246251565e-16
1.1102230246251565e-16
1.1102230246251565e-16
1.1102230246251565e-16
1.1102230246251565e-16
1.1102230246251565e-16
1.1102230246251565e-16
1.1102230246251565e-16
1.1102230246251565e-16
1.1102230246251565e-16
1.1102230246251565e-16
1.1102230246251565e-16
1.1102230246251565e-16
1.1102230246251565e-16
1.1102230246251565e-16
1.1102230246251565e-16
1.1102230246251565e-16
1.1102230246251565e-16
1.1102230246251565e-16
1.1102230246251565e-16
1.1102230246251565e-16
1.1102230246251565e-16
1.1102230246251565e-16
1.1102230246251565e-16
1.1102230246251565e-16
1.1102230246251565e-16
1.1102230246251565e-16
1.1102230246251565e-16
1.1102230246251565e-16
1.1102230246251565e-16
1.1102230246251565e-16
1.1102230246251565e-16
1.1102230246251565e-16
1.1102230246251565e-16
1.1102230246251565e-16
1.1102230246251565e-16
1.1102230246251565e-16
1.1102230246251565e-16
1.1102230246251565e-16
1.1102230246251565e-16
1.1102230246251565e-16
1.1102230246251565e-16
1.1102230246251565e-16
1.1102230246251565e-16
1.1102230246251565e-16
1.1102230246251565e-16
1.1102230246251565e-16
1.1102230246251565e-16
1.1102230246251565e-16
1.1102230246251565e-16
1.1102230246251565e-16
1.1102230246251565e-16
1.1102230246251565e-16
1.1102230246251565e-16
1.1102230246251565e-16
1.1102230246251565e-16
1.1102230246251565e-16
1.1102230246251565e-16
1.1102230246251565e-16
1.1102230246251565e-16
1.1102230246251565e-16
1.1102230246251565e-16
1.1102230246251565e-16
1.1102230246251565e-16
1.1102230246251565e-16
1.1102230246251565e-16
1.1102230246251565e-16
1.1102230246251565e-16
1.1102230246251565e-16
1.1102230246251565e-16
1.1102230246251565e-16
1.1102230246251565e-16
1.1102230246251565e-16
1.1102230246251565e-16
1.1102230246251565e-16
1.1102230246251565e-16
1.1102230246251565e-16
1.1102230246251565e-16
1.1102230246251565e-16
1.1102230246251565e-16
1.1102230246251565e-16
1.1102230246251565e-16
1.1102230246251565e-16
1.1102230246251565e-16
1.1102230246251565e-16
1.1102230246251565e-16
1.1102230246251565e-16
1.1102230246251565e-16
1.1102230246251565e-16
1.1102230246251565e-16
1.1102230246251565e-16
1.1102230246251565e-16
1.1102230246251565e-16
1.1102230246251565e-16
1.1102230246251565e-16
1.1102230246251565e-16
1.1102230246251565e-16
1.1102230246251565e-16
1.1102230246251565e-16
1.1102230246251565e-16
1.1102230246251565e-16
1.1102230246251565e-16
1.1102230246251565e-16
1.1102230246251565e-16
1.1102230246251565e-16
1.1102230246251565e-16
1.1102230246251565e-16
1.1102230246251565e-16
1.1102230246251565e-16
1.1102230246251565e-16
1.1102230246251565e-16
1.1102230246251565e-16
1.1102230246251565e-16
1.1102230246251565e-16
1.1102230246251565e-16
1.1102230246251565e-16
1.1102230246251565e-16
1.1102230246251565e-16
1.1102230246251565e-16
1.1102230246251565e-16
1.1102230246251565e-16
1.1102230246251565e-16
1.1102230246251565e-16
1.1102230246251565e-16
1.1102230246251565e-16
1.1102230246251565e-16
1.1102230246251565e-16
1.1102230246251565e-16
1.1102230246251565e-16
1.1102230246251565e-16
1.1102230246251565e-16
1.1102230246251565e-16
1.1102230246251565e-16
1.1102230246251565e-16
1.1102230246251565e-16
1.1102230246251565e-16
1.1102230246251565e-16
1.1102230246251565e-16
1.1102230246251565e-16
1.1102230246251565e-16
1.1102230246251565e-16
1.1102230246251565e-16
1.1102230246251565e-16
1.1102230246251565e-16
1.1102230246251565e-16
1.1102230246251565e-16
1.1102230246251565e-16
1.1102230246251565e-16
1.1102230246251565e-16
1.1102230246251565e-16
1.1102230246251565e-16
1.1102230246251565e-16
1.1102230246251565e-16
1.1102230246251565e-16
1.1102230246251565e-16
1.1102230246251565e-16
1.1102230246251565e-16
1.1102230246251565e-16
1.1102230246251565e-16
1.1102230246251565e-16
1.1102230246251565e-16
1.1102230246251565e-16
1.1102230246251565e-16
1.1102230246251565e-16
1.1102230246251565e-16
1.1102230246251565e-16
1.1102230246251565e-16
1.1102230246251565e-16
1.1102230246251565e-16
1.1102230246251565e-16
1.1102230246251565e-16
1.1102230246251565e-16
1.1102230246251565e-16
1.1102230246251565e-16
1.1102230246251565e-16
1.1102230246251565e-16
1.1102230246251565e-16
1.1102230246251565e-16
1.1102230246251565e-16
1.1102230246251565e-16
1.1102230246251565e-16
1.1102230246251565e-16
1.1102230246251565e-16
1.1102230246251565e-16
1.1102230246251565e-16
1.1102230246251565e-16
1.1102230246251565e-16
1.1102230246251565e-16
1.1102230246251565e-16
1.1102230246251565e-16
1.1102230246251565e-16
1.1102230246251565e-16
1.1102230246251565e-16
1.1102230246251565e-16
1.1102230246251565e-16
1.1102230246251565e-16
1.1102230246251565e-16
1.1102230246251565e-16
1.1102230246251565e-16
1.1102230246251565e-16
1.1102230246251565e-16
1.1102230246251565e-16
1.1102230246251565e-16
1.1102230246251565e-16
1.1102230246251565e-16
1.1102230246251565e-16
1.1102230246251565e-16
1.1102230246251565e-16
1.1102230246251565e-16
1.1102230246251565e-16
1.1102230246251565e-16
1.1102230246251565e-16
1.1102230246251565e-16
1.1102230246251565e-16
1.1102230246251565e-16
1.1102230246251565e-16
1.1102230246251565e-16
1.1102230246251565e-16
1.1102230246251565e-16
1.1102230246251565e-16
1.1102230246251565e-16
1.1102230246251565e-16
1.1102230246251565e-16
1.1102230246251565e-16
1.1102230246251565e-16
1.1102230246251565e-16
1.1102230246251565e-16
1.1102230246251565e-16
1.1102230246251565e-16
1.1102230246251565e-16
1.1102230246251565e-16
1.1102230246251565e-16
1.1102230246251565e-16
1.1102230246251565e-16
1.1102230246251565e-16
1.1102230246251565e-16
1.1102230246251565e-16
1.1102230246251565e-16
1.1102230246251565e-16
1.1102230246251565e-16
1.1102230246251565e-16
1.1102230246251565e-16
1.1102230246251565e-16
1.1102230246251565e-16
1.1102230246251565e-16
1.1102230246251565e-16
1.1102230246251565e-16
1.1102230246251565e-16
1.1102230246251565e-16
1.1102230246251565e-16
1.1102230246251565e-16
1.1102230246251565e-16
1.1102230246251565e-16
1.1102230246251565e-16
1.1102230246251565e-16
1.1102230246251565e-16
1.1102230246251565e-16
1.1102230246251565e-16
1.1102230246251565e-16
1.1102230246251565e-16
1.1102230246251565e-16
1.1102230246251565e-16
1.1102230246251565e-16
1.1102230246251565e-16
1.1102230246251565e-16
1.1102230246251565e-16
1.1102230246251565e-16
1.1102230246251565e-16
1.1102230246251565e-16
1.1102230246251565e-16
1.1102230246251565e-16
1.1102230246251565e-16
1.1102230246251565e-16
1.1102230246251565e-16
1.1102230246251565e-16
1.1102230246251565e-16
1.1102230246251565e-16
1.1102230246251565e-16
1.1102230246251565e-16
1.1102230246251565e-16
1.1102230246251565e-16
1.1102230246251565e-16
1.1102230246251565e-16
1.1102230246251565e-16
1.1102230246251565e-16
1.1102230246251565e-16
1.1102230246251565e-16
1.1102230246251565e-16
1.1102230246251565e-16
1.1102230246251565e-16
1.1102230246251565e-16
1.1102230246251565e-16
1.1102230246251565e-16
1.1102230246251565e-16
1.1102230246251565e-16
1.1102230246251565e-16
1.1102230246251565e-16
1.1102230246251565e-16
1.1102230246251565e-16
1.1102230246251565e-16
1.1102230246251565e-16
1.1102230246251565e-16
1.1102230246251565e-16
1.1102230246251565e-16
1.1102230246251565e-16
1.1102230246251565e-16
1.1102230246251565e-16
1.1102230246251565e-16
1.1102230246251565e-16
1.1102230246251565e-16
1.1102230246251565e-16
1.1102230246251565e-16
1.1102230246251565e-16
1.1102230246251565e-16
1.1102230246251565e-16
1.1102230246251565e-16
1.1102230246251565e-16
1.1102230246251565e-16
1.1102230246251565e-16
1.1102230246251565e-16
1.1102230246251565e-16
1.1102230246251565e-16
1.1102230246251565e-16
1.1102230246251565e-16
1.1102230246251565e-16
1.1102230246251565e-16
1.1102230246251565e-16
1.1102230246251565e-16
1.1102230246251565e-16
1.1102230246251565e-16
1.1102230246251565e-16
1.1102230246251565e-16
1.1102230246251565e-16
1.1102230246251565e-16
1.1102230246251565e-16
1.1102230246251565e-16
1.1102230246251565e-16
1.1102230246251565e-16
1.1102230246251565e-16
1.1102230246251565e-16
1.1102230246251565e-16
1.1102230246251565e-16
1.1102230246251565e-16
1.1102230246251565e-16
1.1102230246251565e-16
1.1102230246251565e-16
1.1102230246251565e-16
1.1102230246251565e-16
1.1102230246251565e-16
1.1102230246251565e-16
1.1102230246251565e-16
1.1102230246251565e-16
1.1102230246251565e-16
1.1102230246251565e-16
1.1102230246251565e-16
1.1102230246251565e-16
1.1102230246251565e-16
1.1102230246251565e-16
1.1102230246251565e-16
1.1102230246251565e-16
1.1102230246251565e-16
1.1102230246251565e-16
1.1102230246251565e-16
1.1102230246251565e-16
1.1102230246251565e-16
1.1102230246251565e-16
1.1102230246251565e-16
1.1102230246251565e-16
1.1102230246251565e-16
1.1102230246251565e-16
1.1102230246251565e-16
1.1102230246251565e-16
1.1102230246251565e-16
1.1102230246251565e-16
1.1102230246251565e-16
1.1102230246251565e-16
1.1102230246251565e-16
1.1102230246251565e-16
1.1102230246251565e-16
1.1102230246251565e-16
1.1102230246251565e-16
1.1102230246251565e-16
1.1102230246251565e-16
1.1102230246251565e-16
1.1102230246251565e-16
1.1102230246251565e-16
1.1102230246251565e-16
1.1102230246251565e-16
1.1102230246251565e-16
1.1102230246251565e-16
1.1102230246251565e-16
1.1102230246251565e-16
1.1102230246251565e-16
1.1102230246251565e-16
1.1102230246251565e-16
1.1102230246251565e-16
1.1102230246251565e-16
1.1102230246251565e-16
1.1102230246251565e-16
1.1102230246251565e-16
1.1102230246251565e-16
1.1102230246251565e-16
1.1102230246251565e-16
1.1102230246251565e-16
1.1102230246251565e-16
1.1102230246251565e-16
1.1102230246251565e-16
1.1102230246251565e-16
1.1102230246251565e-16
1.1102230246251565e-16
1.1102230246251565e-16
1.1102230246251565e-16
1.1102230246251565e-16
1.1102230246251565e-16
1.1102230246251565e-16
1.1102230246251565e-16
1.1102230246251565e-16
1.1102230246251565e-16
1.1102230246251565e-16
1.1102230246251565e-16
1.1102230246251565e-16
1.1102230246251565e-16
1.1102230246251565e-16
1.1102230246251565e-16
1.1102230246251565e-16
1.1102230246251565e-16
1.1102230246251565e-16
1.1102230246251565e-16
1.1102230246251565e-16
1.1102230246251565e-16
1.1102230246251565e-16
1.1102230246251565e-16
1.1102230246251565e-16
1.1102230246251565e-16
1.1102230246251565e-16
1.1102230246251565e-16
1.1102230246251565e-16
1.1102230246251565e-16
1.1102230246251565e-16
1.1102230246251565e-16
1.1102230246251565e-16
1.1102230246251565e-16
1.1102230246251565e-16
1.1102230246251565e-16
1.1102230246251565e-16
1.1102230246251565e-16
1.1102230246251565e-16
1.1102230246251565e-16
1.1102230246251565e-16
1.1102230246251565e-16
1.1102230246251565e-16
1.1102230246251565e-16
1.1102230246251565e-16
1.1102230246251565e-16
1.1102230246251565e-16
1.1102230246251565e-16
1.1102230246251565e-16
1.1102230246251565e-16
1.1102230246251565e-16
1.1102230246251565e-16
1.1102230246251565e-16
1.1102230246251565e-16
1.1102230246251565e-16
1.1102230246251565e-16
1.1102230246251565e-16
1.1102230246251565e-16
1.1102230246251565e-16
1.1102230246251565e-16
1.1102230246251565e-16
1.1102230246251565e-16
1.1102230246251565e-16
1.1102230246251565e-16
1.1102230246251565e-16
1.1102230246251565e-16
1.1102230246251565e-16
1.1102230246251565e-16
1.1102230246251565e-16
1.1102230246251565e-16
1.1102230246251565e-16
1.1102230246251565e-16
1.1102230246251565e-16
1.1102230246251565e-16
1.1102230246251565e-16
1.1102230246251565e-16
1.1102230246251565e-16
1.1102230246251565e-16
1.1102230246251565e-16
1.1102230246251565e-16
1.1102230246251565e-16
1.1102230246251565e-16
1.1102230246251565e-16
1.1102230246251565e-16
1.1102230246251565e-16
1.1102230246251565e-16
1.1102230246251565e-16
1.1102230246251565e-16
1.1102230246251565e-16
1.1102230246251565e-16
1.1102230246251565e-16
1.1102230246251565e-16
1.1102230246251565e-16
1.1102230246251565e-16
1.1102230246251565e-16
1.1102230246251565e-16
1.1102230246251565e-16
1.1102230246251565e-16
1.1102230246251565e-16
1.1102230246251565e-16
1.1102230246251565e-16
1.1102230246251565e-16
1.1102230246251565e-16
1.1102230246251565e-16
1.1102230246251565e-16
1.1102230246251565e-16
1.1102230246251565e-16
1.1102230246251565e-16
1.1102230246251565e-16
1.1102230246251565e-16
1.1102230246251565e-16
1.1102230246251565e-16
1.1102230246251565e-16
1.1102230246251565e-16
1.1102230246251565e-16
1.1102230246251565e-16
1.1102230246251565e-16
1.1102230246251565e-16
1.1102230246251565e-16
1.1102230246251565e-16
1.1102230246251565e-16
1.1102230246251565e-16
1.1102230246251565e-16
1.1102230246251565e-16
1.1102230246251565e-16
1.1102230246251565e-16
1.1102230246251565e-16
1.1102230246251565e-16
1.1102230246251565e-16
1.1102230246251565e-16
1.1102230246251565e-16
1.1102230246251565e-16
1.1102230246251565e-16
1.1102230246251565e-16
1.1102230246251565e-16
1.1102230246251565e-16
1.1102230246251565e-16
1.1102230246251565e-16
1.1102230246251565e-16
1.1102230246251565e-16
1.1102230246251565e-16
1.1102230246251565e-16
1.1102230246251565e-16
1.1102230246251565e-16
1.1102230246251565e-16
1.1102230246251565e-16
1.1102230246251565e-16
1.1102230246251565e-16
1.1102230246251565e-16
1.1102230246251565e-16
1.1102230246251565e-16
1.1102230246251565e-16
1.1102230246251565e-16
1.1102230246251565e-16
1.1102230246251565e-16
1.1102230246251565e-16
1.1102230246251565e-16
1.1102230246251565e-16
1.1102230246251565e-16
1.1102230246251565e-16
1.1102230246251565e-16
1.1102230246251565e-16
1.1102230246251565e-16
1.1102230246251565e-16
1.1102230246251565e-16
1.1102230246251565e-16
1.1102230246251565e-16
1.1102230246251565e-16
1.1102230246251565e-16
1.1102230246251565e-16
1.1102230246251565e-16
1.1102230246251565e-16
1.1102230246251565e-16
1.1102230246251565e-16
1.1102230246251565e-16
1.1102230246251565e-16
1.1102230246251565e-16
1.1102230246251565e-16
1.1102230246251565e-16
1.1102230246251565e-16
1.1102230246251565e-16
1.1102230246251565e-16
1.1102230246251565e-16
1.1102230246251565e-16
1.1102230246251565e-16
1.1102230246251565e-16
1.1102230246251565e-16
1.1102230246251565e-16
1.1102230246251565e-16
1.1102230246251565e-16
1.1102230246251565e-16
1.1102230246251565e-16
1.1102230246251565e-16
1.1102230246251565e-16
1.1102230246251565e-16
1.1102230246251565e-16
1.1102230246251565e-16
1.1102230246251565e-16
1.1102230246251565e-16
1.1102230246251565e-16
1.1102230246251565e-16
1.1102230246251565e-16
1.1102230246251565e-16
1.1102230246251565e-16
1.1102230246251565e-16
1.1102230246251565e-16
1.1102230246251565e-16
1.1102230246251565e-16
1.1102230246251565e-16
1.1102230246251565e-16
1.1102230246251565e-16
1.1102230246251565e-16
1.1102230246251565e-16
1.1102230246251565e-16
1.1102230246251565e-16
1.1102230246251565e-16
1.1102230246251565e-16
1.1102230246251565e-16
1.1102230246251565e-16
1.1102230246251565e-16
1.1102230246251565e-16
1.1102230246251565e-16
1.1102230246251565e-16
1.1102230246251565e-16
1.1102230246251565e-16
1.1102230246251565e-16
1.1102230246251565e-16
1.1102230246251565e-16
1.1102230246251565e-16
1.1102230246251565e-16
1.1102230246251565e-16
1.1102230246251565e-16
1.1102230246251565e-16
1.1102230246251565e-16
1.1102230246251565e-16
1.1102230246251565e-16
1.1102230246251565e-16
1.1102230246251565e-16
1.1102230246251565e-16
1.1102230246251565e-16
1.1102230246251565e-16
1.1102230246251565e-16
1.1102230246251565e-16
1.1102230246251565e-16
1.1102230246251565e-16
1.1102230246251565e-16
1.1102230246251565e-16
1.1102230246251565e-16
1.1102230246251565e-16
1.1102230246251565e-16
1.1102230246251565e-16
1.1102230246251565e-16
1.1102230246251565e-16
1.1102230246251565e-16
1.1102230246251565e-16
1.1102230246251565e-16
1.1102230246251565e-16
1.1102230246251565e-16
1.1102230246251565e-16
1.1102230246251565e-16
1.1102230246251565e-16
1.1102230246251565e-16
1.1102230246251565e-16
1.1102230246251565e-16
1.1102230246251565e-16
1.1102230246251565e-16
1.1102230246251565e-16
1.1102230246251565e-16
1.1102230246251565e-16
1.1102230246251565e-16
1.1102230246251565e-16
1.1102230246251565e-16
1.1102230246251565e-16
1.1102230246251565e-16
1.1102230246251565e-16
1.1102230246251565e-16
1.1102230246251565e-16
1.1102230246251565e-16
1.1102230246251565e-16
1.1102230246251565e-16
1.1102230246251565e-16
1.1102230246251565e-16
1.1102230246251565e-16
1.1102230246251565e-16
1.1102230246251565e-16
1.1102230246251565e-16
1.1102230246251565e-16
1.1102230246251565e-16
1.1102230246251565e-16
1.1102230246251565e-16
1.1102230246251565e-16
1.1102230246251565e-16
1.1102230246251565e-16
1.1102230246251565e-16
1.1102230246251565e-16
1.1102230246251565e-16
1.1102230246251565e-16
1.1102230246251565e-16
1.1102230246251565e-16
1.1102230246251565e-16
1.1102230246251565e-16
1.1102230246251565e-16
1.1102230246251565e-16
1.1102230246251565e-16
1.1102230246251565e-16
1.1102230246251565e-16
1.1102230246251565e-16
1.1102230246251565e-16
1.1102230246251565e-16
1.1102230246251565e-16
1.1102230246251565e-16
1.1102230246251565e-16
1.1102230246251565e-16
1.1102230246251565e-16
1.1102230246251565e-16
1.1102230246251565e-16
1.1102230246251565e-16
1.1102230246251565e-16
1.1102230246251565e-16
1.1102230246251565e-16
1.1102230246251565e-16
1.1102230246251565e-16
1.1102230246251565e-16
1.1102230246251565e-16
1.1102230246251565e-16
1.1102230246251565e-16
1.1102230246251565e-16
1.1102230246251565e-16
1.1102230246251565e-16
1.1102230246251565e-16
1.1102230246251565e-16
1.1102230246251565e-16
1.1102230246251565e-16
1.1102230246251565e-16
1.1102230246251565e-16
1.1102230246251565e-16
1.1102230246251565e-16
1.1102230246251565e-16
1.1102230246251565e-16
1.1102230246251565e-16
1.1102230246251565e-16
1.1102230246251565e-16
1.1102230246251565e-16
1.1102230246251565e-16
1.1102230246251565e-16
1.1102230246251565e-16
1.1102230246251565e-16
1.1102230246251565e-16
1.1102230246251565e-16
1.1102230246251565e-16
1.1102230246251565e-16
1.1102230246251565e-16
1.1102230246251565e-16
1.1102230246251565e-16
1.1102230246251565e-16
1.1102230246251565e-16
1.1102230246251565e-16
1.1102230246251565e-16
1.1102230246251565e-16
1.1102230246251565e-16
1.1102230246251565e-16
1.1102230246251565e-16
1.1102230246251565e-16
1.1102230246251565e-16
1.1102230246251565e-16
1.1102230246251565e-16
1.1102230246251565e-16
1.1102230246251565e-16
1.1102230246251565e-16
1.1102230246251565e-16
1.1102230246251565e-16
1.1102230246251565e-16
1.1102230246251565e-16
1.1102230246251565e-16
1.1102230246251565e-16
1.1102230246251565e-16
1.1102230246251565e-16
1.1102230246251565e-16
1.1102230246251565e-16
1.1102230246251565e-16
1.1102230246251565e-16
1.1102230246251565e-16
1.1102230246251565e-16
1.1102230246251565e-16
1.1102230246251565e-16
1.1102230246251565e-16
1.1102230246251565e-16
1.1102230246251565e-16
1.1102230246251565e-16
1.1102230246251565e-16
1.1102230246251565e-16
1.1102230246251565e-16
1.1102230246251565e-16
1.1102230246251565e-16
1.1102230246251565e-16
1.1102230246251565e-16
1.1102230246251565e-16
1.1102230246251565e-16
1.1102230246251565e-16
1.1102230246251565e-16
1.1102230246251565e-16
1.1102230246251565e-16
1.1102230246251565e-16
1.1102230246251565e-16
1.1102230246251565e-16
1.1102230246251565e-16
1.1102230246251565e-16
1.1102230246251565e-16
1.1102230246251565e-16
1.1102230246251565e-16
1.1102230246251565e-16
1.1102230246251565e-16
1.1102230246251565e-16
1.1102230246251565e-16
1.1102230246251565e-16
1.1102230246251565e-16
1.1102230246251565e-16
1.1102230246251565e-16
1.1102230246251565e-16
1.1102230246251565e-16
1.1102230246251565e-16
1.1102230246251565e-16
1.1102230246251565e-16
1.1102230246251565e-16
1.1102230246251565e-16
1.1102230246251565e-16
1.1102230246251565e-16
1.1102230246251565e-16
1.1102230246251565e-16
1.1102230246251565e-16
1.1102230246251565e-16
1.1102230246251565e-16
1.1102230246251565e-16
1.1102230246251565e-16
1.1102230246251565e-16
1.1102230246251565e-16
1.1102230246251565e-16
1.1102230246251565e-16
1.1102230246251565e-16
1.1102230246251565e-16
1.1102230246251565e-16
1.1102230246251565e-16
1.1102230246251565e-16
1.1102230246251565e-16
1.1102230246251565e-16
1.1102230246251565e-16
1.1102230246251565e-16
1.1102230246251565e-16
1.1102230246251565e-16
1.1102230246251565e-16
1.1102230246251565e-16
1.1102230246251565e-16
1.1102230246251565e-16
1.1102230246251565e-16
1.1102230246251565e-16
1.1102230246251565e-16
1.1102230246251565e-16
1.1102230246251565e-16
1.1102230246251565e-16
1.1102230246251565e-16
1.1102230246251565e-16
1.1102230246251565e-16
1.1102230246251565e-16
1.1102230246251565e-16
1.1102230246251565e-16
1.1102230246251565e-16
1.1102230246251565e-16
1.1102230246251565e-16
1.1102230246251565e-16
1.1102230246251565e-16
1.1102230246251565e-16
1.1102230246251565e-16
1.1102230246251565e-16
1.1102230246251565e-16
1.1102230246251565e-16
1.1102230246251565e-16
1.1102230246251565e-16
1.1102230246251565e-16
1.1102230246251565e-16
1.1102230246251565e-16
1.1102230246251565e-16
1.1102230246251565e-16
1.1102230246251565e-16
1.1102230246251565e-16
1.1102230246251565e-16
1.1102230246251565e-16
1.1102230246251565e-16
1.1102230246251565e-16
1.1102230246251565e-16
1.1102230246251565e-16
1.1102230246251565e-16
1.1102230246251565e-16
1.1102230246251565e-16
1.1102230246251565e-16
1.1102230246251565e-16
1.1102230246251565e-16
1.1102230246251565e-16
1.1102230246251565e-16
1.1102230246251565e-16
1.1102230246251565e-16
1.1102230246251565e-16
1.1102230246251565e-16
1.1102230246251565e-16
1.1102230246251565e-16
1.1102230246251565e-16
1.1102230246251565e-16
1.1102230246251565e-16
1.1102230246251565e-16
1.1102230246251565e-16
1.1102230246251565e-16
1.1102230246251565e-16
1.1102230246251565e-16
1.1102230246251565e-16
1.1102230246251565e-16
1.1102230246251565e-16
1.1102230246251565e-16
1.1102230246251565e-16
1.1102230246251565e-16
1.1102230246251565e-16
1.1102230246251565e-16
1.1102230246251565e-16
1.1102230246251565e-16
1.1102230246251565e-16
1.1102230246251565e-16
1.1102230246251565e-16
1.1102230246251565e-16
1.1102230246251565e-16
1.1102230246251565e-16
1.1102230246251565e-16
1.1102230246251565e-16
1.1102230246251565e-16
1.1102230246251565e-16
1.1102230246251565e-16
1.1102230246251565e-16
1.1102230246251565e-16
1.1102230246251565e-16
1.1102230246251565e-16
1.1102230246251565e-16
1.1102230246251565e-16
1.1102230246251565e-16
1.1102230246251565e-16
1.1102230246251565e-16
1.1102230246251565e-16
1.1102230246251565e-16
1.1102230246251565e-16
1.1102230246251565e-16
1.1102230246251565e-16
1.1102230246251565e-16
1.1102230246251565e-16
1.1102230246251565e-16
1.1102230246251565e-16
1.1102230246251565e-16
1.1102230246251565e-16
1.1102230246251565e-16
1.1102230246251565e-16
1.1102230246251565e-16
1.1102230246251565e-16
1.1102230246251565e-16
1.1102230246251565e-16
1.1102230246251565e-16
1.1102230246251565e-16
1.1102230246251565e-16
1.1102230246251565e-16
1.1102230246251565e-16
1.1102230246251565e-16
1.1102230246251565e-16
1.1102230246251565e-16
1.1102230246251565e-16
1.1102230246251565e-16
1.1102230246251565e-16
1.1102230246251565e-16
1.1102230246251565e-16
1.1102230246251565e-16
1.1102230246251565e-16
1.1102230246251565e-16
1.1102230246251565e-16
1.1102230246251565e-16
1.1102230246251565e-16
1.1102230246251565e-16
1.1102230246251565e-16
1.1102230246251565e-16
1.1102230246251565e-16
1.1102230246251565e-16
1.1102230246251565e-16
1.1102230246251565e-16
1.1102230246251565e-16
1.1102230246251565e-16
1.1102230246251565e-16
1.1102230246251565e-16
1.1102230246251565e-16
1.1102230246251565e-16
1.1102230246251565e-16
1.1102230246251565e-16
1.1102230246251565e-16
1.1102230246251565e-16
1.1102230246251565e-16
1.1102230246251565e-16
1.1102230246251565e-16
1.1102230246251565e-16
1.1102230246251565e-16
1.1102230246251565e-16
1.1102230246251565e-16
1.1102230246251565e-16
1.1102230246251565e-16
1.1102230246251565e-16
1.1102230246251565e-16
1.1102230246251565e-16
1.1102230246251565e-16
1.1102230246251565e-16
1.1102230246251565e-16
1.1102230246251565e-16
1.1102230246251565e-16
1.1102230246251565e-16
1.1102230246251565e-16
1.1102230246251565e-16
1.1102230246251565e-16
1.1102230246251565e-16
1.1102230246251565e-16
1.1102230246251565e-16
1.1102230246251565e-16
1.1102230246251565e-16
1.1102230246251565e-16
1.1102230246251565e-16
1.1102230246251565e-16
1.1102230246251565e-16
1.1102230246251565e-16
1.1102230246251565e-16
1.1102230246251565e-16
1.1102230246251565e-16
1.1102230246251565e-16
1.1102230246251565e-16
1.1102230246251565e-16
1.1102230246251565e-16
1.1102230246251565e-16
1.1102230246251565e-16
1.1102230246251565e-16
1.1102230246251565e-16
1.1102230246251565e-16
1.1102230246251565e-16
1.1102230246251565e-16
1.1102230246251565e-16
1.1102230246251565e-16
1.1102230246251565e-16
1.1102230246251565e-16
1.1102230246251565e-16
1.1102230246251565e-16
1.1102230246251565e-16
1.1102230246251565e-16
1.1102230246251565e-16
1.1102230246251565e-16
1.1102230246251565e-16
1.1102230246251565e-16
1.1102230246251565e-16
1.1102230246251565e-16
1.1102230246251565e-16
1.1102230246251565e-16
1.1102230246251565e-16
1.1102230246251565e-16
1.1102230246251565e-16
1.1102230246251565e-16
1.1102230246251565e-16
1.1102230246251565e-16
1.1102230246251565e-16
1.1102230246251565e-16
1.1102230246251565e-16
1.1102230246251565e-16
1.1102230246251565e-16
1.1102230246251565e-16
1.1102230246251565e-16
1.1102230246251565e-16
1.1102230246251565e-16
1.1102230246251565e-16
1.1102230246251565e-16
0.0
0.0
0.0
0.0
0.0
0.0
0.0
0.0
0.0
0.0
0.0
0.0
0.0
0.0
0.0
0.0
0.0
0.0
0.0
0.0
0.0
0.0
0.0
0.0
0.0
0.0
0.0
0.0
0.0
0.0
0.0
0.0
0.0
0.0
0.0
0.0
0.0
0.0
0.0
0.0
0.0
0.0
0.0
0.0
0.0
0.0
0.0
0.0
0.0
0.0
0.0
0.0
0.0
0.0
0.0
0.0
0.0
0.0
0.0
0.0
0.0
0.0
0.0
0.0
0.0
0.0
0.0
0.0
0.0
0.0
0.0
0.0
0.0
0.0
0.0
0.0
0.0
0.0
0.0
0.0
0.0
0.0
0.0
0.0
0.0
0.0
0.0
0.0
0.0
0.0
0.0
0.0
0.0
0.0
0.0
0.0
0.0
0.0
0.0
0.0
0.0
0.0
0.0
0.0
0.0
0.0
0.0
0.0
0.0
0.0
0.0
0.0
0.0
0.0
0.0
0.0
0.0
0.0
0.0
0.0
0.0
0.0
0.0
0.0
0.0
0.0
0.0
0.0
0.0
0.0
0.0
0.0
0.0
0.0
0.0
0.0
0.0
0.0
0.0
0.0
0.0
0.0
0.0
0.0
0.0
0.0
0.0
0.0
0.0
0.0
0.0
0.0
0.0
0.0
0.0
0.0
0.0
0.0
0.0
0.0
0.0
0.0
0.0
0.0
0.0
0.0
0.0
0.0
0.0
0.0
0.0
0.0
0.0
0.0
0.0
0.0
0.0
0.0
0.0
0.0
0.0
0.0
0.0
0.0
0.0
0.0
0.0
0.0
0.0
0.0
0.0
0.0
0.0
0.0
0.0
0.0
0.0
0.0
0.0
0.0
0.0
0.0
0.0
0.0
0.0
0.0
0.0
0.0
0.0
0.0
0.0
0.0
0.0
0.0
0.0
0.0
0.0
0.0
0.0
0.0
0.0
0.0
0.0
0.0
0.0
0.0
0.0
0.0
0.0
0.0
0.0
0.0
0.0
0.0
0.0
0.0
0.0
0.0
0.0
0.0
0.0
0.0
0.0
0.0
0.0
0.0
0.0
0.0
0.0
0.0
0.0
0.0
0.0
0.0
0.0
0.0
0.0
0.0
0.0
0.0
0.0
0.0
0.0
0.0
0.0
0.0
0.0
0.0
0.0
0.0
0.0
0.0
0.0
0.0
0.0
0.0
0.0
0.0
0.0
0.0
0.0
0.0
0.0
0.0
0.0
0.0
0.0
0.0
0.0
0.0
0.0
0.0
0.0
0.0
0.0
0.0
0.0
0.0
0.0
0.0
0.0
0.0
0.0
0.0
0.0
0.0
0.0
0.0
0.0
0.0
0.0
0.0
0.0
0.0
0.0
0.0
0.0
0.0
0.0
0.0
0.0
0.0
0.0
0.0
0.0
0.0
0.0
0.0
0.0
0.0
0.0
0.0
0.0
0.0
0.0
0.0
0.0
0.0
0.0
0.0
0.0
0.0
0.0
0.0
0.0
0.0
0.0
0.0
0.0
0.0
0.0
0.0
0.0
0.0
0.0
0.0
0.0
0.0
0.0
0.0
0.0
0.0
0.0
0.0
0.0
0.0
0.0
0.0
0.0
0.0
0.0
0.0
0.0
0.0
0.0
0.0
0.0
0.0
0.0
0.0
0.0
0.0
0.0
0.0
0.0
0.0
0.0
0.0
0.0
0.0
0.0
0.0
0.0
0.0
0.0
0.0
0.0
0.0
0.0
0.0
0.0
0.0
0.0
0.0
0.0
0.0
0.0
0.0
0.0
0.0
0.0
0.0
0.0
0.0
0.0
0.0
0.0
0.0
0.0
0.0
0.0
0.0
0.0
0.0
0.0
0.0
0.0
0.0
0.0
0.0
0.0
0.0
0.0
0.0
0.0
0.0
0.0
0.0
0.0
0.0
0.0
0.0
0.0
0.0
0.0
0.0
0.0
0.0
0.0
0.0
0.0
0.0
0.0
0.0
0.0
0.0
0.0
0.0
0.0
0.0
0.0
0.0
0.0
0.0
0.0
0.0
0.0
0.0
0.0
0.0
0.0
0.0
0.0
0.0
0.0
0.0
0.0
0.0
0.0
0.0
0.0
0.0
0.0
0.0
0.0
0.0
0.0
0.0
0.0
0.0
0.0
0.0
0.0
0.0
0.0
0.0
0.0
0.0
0.0
0.0
0.0
0.0
0.0
0.0
0.0
0.0
0.0
0.0
0.0
0.0
0.0
0.0
0.0
0.0
0.0
0.0
0.0
0.0
0.0
0.0
0.0
0.0
0.0
0.0
0.0
0.0
0.0
0.0
0.0
0.0
0.0
0.0
0.0
0.0
0.0
0.0
0.0
0.0
0.0
0.0
0.0
0.0
0.0
0.0
0.0
0.0
0.0
0.0
0.0
0.0
0.0
0.0
0.0
0.0
0.0
0.0
0.0
0.0
0.0
0.0
0.0
0.0
0.0
0.0
0.0
0.0
0.0
0.0
0.0
0.0
0.0
0.0
0.0
0.0
0.0
0.0
0.0
0.0
0.0
0.0
0.0
0.0
0.0
0.0
0.0
0.0
0.0
0.0
0.0
0.0
0.0
0.0
0.0
0.0
0.0
0.0
0.0
0.0
0.0
0.0
0.0
0.0
0.0
0.0
0.0
0.0
0.0
0.0
0.0
0.0
0.0
0.0
0.0
0.0
0.0
0.0
0.0
0.0
0.0
0.0
0.0
0.0
0.0
0.0
0.0
0.0
0.0
0.0
0.0
0.0
0.0
0.0
0.0
0.0
0.0
0.0
0.0
0.0
0.0
0.0
0.0
0.0
0.0
0.0
0.0
0.0
0.0
0.0
0.0
0.0
0.0
0.0
0.0
0.0
0.0
0.0
0.0
0.0
0.0
0.0
0.0
0.0
0.0
0.0
0.0
0.0
0.0
0.0
0.0
0.0
0.0
0.0
0.0
0.0
0.0
0.0
0.0
0.0
0.0
0.0
0.0
0.0
0.0
0.0
0.0
0.0
0.0
0.0
0.0
0.0
0.0
0.0
0.0
0.0
0.0
0.0
0.0
0.0
0.0
0.0
0.0
0.0
0.0
0.0
0.0
0.0
0.0
0.0
0.0
0.0
0.0
0.0
0.0
0.0
0.0
0.0
0.0
0.0
0.0
0.0
0.0
0.0
0.0
0.0
0.0
0.0
0.0
0.0
0.0
0.0
0.0
0.0
0.0
0.0
0.0
0.0
0.0
0.0
0.0
0.0
0.0
0.0
0.0
0.0
0.0
0.0
0.0
0.0
0.0
0.0
0.0
0.0
0.0
0.0
0.0
0.0
0.0
0.0
0.0
0.0
0.0
0.0
0.0
0.0
0.0
0.0
0.0
0.0
0.0
0.0
0.0
0.0
0.0
0.0
0.0
0.0
0.0
0.0
0.0
0.0
0.0
0.0
0.0
0.0
0.0
0.0
0.0
0.0
0.0
0.0
0.0
0.0
0.0
0.0
0.0
0.0
0.0
0.0
0.0
0.0
0.0
0.0
0.0
0.0
0.0
0.0
0.0
0.0
0.0
0.0
0.0
0.0
0.0
0.0
0.0
0.0
0.0
0.0
0.0
0.0
0.0
0.0
0.0
0.0
0.0
0.0
0.0
0.0
0.0
0.0
0.0
0.0
0.0
0.0
0.0
0.0
0.0
0.0
0.0
0.0
0.0
0.0
0.0
0.0
0.0
0.0
0.0
0.0
0.0
0.0
0.0
0.0
0.0
0.0
0.0
0.0
0.0
0.0
0.0
0.0
0.0
0.0
0.0
0.0
0.0
0.0
0.0
0.0
0.0
0.0
0.0
0.0
0.0
0.0
0.0
0.0
0.0
0.0
0.0
0.0
0.0
0.0
0.0
0.0
0.0
0.0
0.0
0.0
0.0
0.0
0.0
0.0
0.0
0.0
0.0
0.0
0.0
0.0
0.0
0.0
0.0
0.0
0.0
0.0
0.0
0.0
0.0
0.0
0.0
0.0
0.0
0.0
0.0
0.0
0.0
0.0
0.0
0.0
0.0
0.0
0.0
0.0
0.0
0.0
0.0
0.0
0.0
0.0
0.0
0.0
0.0
0.0
0.0
0.0
0.0
0.0
0.0
0.0
0.0
0.0
0.0
0.0
0.0
0.0
0.0
0.0
0.0
0.0
0.0
0.0
0.0
0.0
0.0
0.0
0.0
0.0
0.0
0.0
0.0
0.0
0.0
0.0
0.0
0.0
0.0
0.0
0.0
0.0
0.0
0.0
0.0
0.0
0.0
0.0
0.0
0.0
0.0
0.0
0.0
0.0
0.0
0.0
0.0
0.0
0.0
0.0
0.0
0.0
0.0
0.0
0.0
0.0
0.0
0.0
0.0
0.0
0.0
0.0
0.0
0.0
0.0
0.0
0.0
0.0
0.0
0.0
0.0
0.0
0.0
0.0
0.0
0.0
0.0
0.0
0.0
0.0
0.0
0.0
0.0
0.0
0.0
0.0
0.0
0.0
0.0
0.0
0.0
0.0
0.0
0.0
0.0
0.0
0.0
0.0
0.0
0.0
0.0
0.0
0.0
0.0
0.0
0.0
0.0
0.0
0.0
0.0
0.0
0.0
0.0
0.0
0.0
0.0
0.0
0.0
0.0
0.0
0.0
0.0
0.0
0.0
0.0
0.0
0.0
0.0
0.0
0.0
0.0
0.0
0.0
0.0
0.0
0.0
0.0
0.0
0.0
0.0
0.0
0.0
0.0
0.0
0.0
0.0
0.0
0.0
0.0
0.0
0.0
0.0
0.0
0.0
0.0
0.0
0.0
0.0
0.0
0.0
0.0
0.0
0.0
0.0
0.0
0.0
0.0
0.0
0.0
0.0
0.0
0.0
0.0
0.0
0.0
0.0
0.0
0.0
0.0
0.0
0.0
0.0
0.0
0.0
0.0
0.0
0.0
0.0
0.0
0.0
0.0
0.0
0.0
0.0
0.0
0.0
0.0
0.0
0.0
0.0
0.0
0.0
0.0
0.0
0.0
0.0
0.0
0.0
0.0
0.0
0.0
0.0
0.0
0.0
0.0
0.0
0.0
0.0
0.0
0.0
0.0
0.0
0.0
0.0
0.0
0.0
0.0
0.0
0.0
0.0
0.0
0.0
0.0
0.0
0.0
0.0
0.0
0.0
0.0
0.0
0.0
0.0
0.0
0.0
0.0
0.0
0.0
0.0
0.0
0.0
0.0
0.0
0.0
0.0
0.0
0.0
0.0
0.0
0.0
0.0
0.0
0.0
0.0
0.0
0.0
0.0
0.0
0.0
0.0
0.0
0.0
0.0
0.0
0.0
0.0
0.0
0.0
0.0
0.0
0.0
0.0
0.0
0.0
0.0
0.0
0.0
0.0
0.0
0.0
0.0
0.0
0.0
0.0
0.0
0.0
0.0
0.0
0.0
0.0
0.0
0.0
0.0
0.0
0.0
0.0
0.0
0.0
0.0
0.0
0.0
0.0
0.0
0.0
0.0
0.0
0.0
0.0
0.0
0.0
0.0
0.0
0.0
0.0
0.0
0.0
0.0
0.0
0.0
0.0
0.0
0.0
0.0
0.0
0.0
0.0
0.0
0.0
0.0
0.0
0.0
0.0
0.0
0.0
0.0
0.0
0.0
0.0
0.0
0.0
0.0
0.0
0.0
0.0
0.0
0.0
0.0
0.0
0.0
0.0
0.0
0.0
0.0
0.0
0.0
0.0
0.0
0.0
0.0
0.0
0.0
0.0
0.0
0.0
0.0
0.0
0.0
0.0
0.0
0.0
0.0
0.0
0.0
0.0
0.0
0.0
0.0
0.0
0.0
0.0
0.0
0.0
0.0
0.0
0.0
0.0
0.0
0.0
0.0
0.0
0.0
0.0
0.0
0.0
0.0
0.0
0.0
0.0
0.0
0.0
0.0
0.0
0.0
0.0
0.0
0.0
0.0
0.0
0.0
0.0
0.0
0.0
0.0
0.0
0.0
0.0
0.0
0.0
0.0
0.0
0.0
0.0
0.0
0.0
0.0
0.0
0.0
0.0
0.0
0.0
0.0
0.0
0.0
0.0
0.0
0.0
0.0
0.0
0.0
0.0
0.0
0.0
0.0
0.0
0.0
0.0
0.0
0.0
0.0
0.0
0.0
0.0
0.0
0.0
0.0
0.0
0.0
0.0
0.0
0.0
0.0
0.0
0.0
0.0
0.0
0.0
0.0
0.0
0.0
0.0
0.0
0.0
0.0
0.0
0.0
0.0
0.0
0.0
0.0
0.0
0.0
0.0
0.0
0.0
0.0
0.0
0.0
0.0
0.0
0.0
0.0
0.0
0.0
0.0
0.0
0.0
0.0
0.0
0.0
0.0
0.0
0.0
0.0
0.0
0.0
0.0
0.0
0.0
0.0
0.0
0.0
0.0
0.0
0.0
0.0
0.0
0.0
0.0
0.0
0.0
0.0
0.0
0.0
0.0
0.0
0.0
0.0
0.0
0.0
0.0
0.0
0.0
0.0
0.0
0.0
0.0
0.0
0.0
0.0
0.0
0.0
0.0
0.0
0.0
0.0
0.0
0.0
0.0
0.0
0.0
0.0
0.0
0.0
0.0
0.0
0.0
0.0
0.0
0.0
0.0
0.0
0.0
0.0
0.0
0.0
0.0
0.0
0.0
0.0
0.0
0.0
0.0
0.0
0.0
0.0
0.0
0.0
0.0
0.0
0.0
0.0
0.0
0.0
0.0
0.0
0.0
0.0
0.0
0.0
0.0
0.0
0.0
0.0
0.0
0.0
0.0
0.0
0.0
0.0
0.0
0.0
0.0
0.0
0.0
0.0
0.0
0.0
0.0
0.0
0.0
0.0
0.0
0.0
0.0
0.0
0.0
0.0
0.0
0.0
0.0
0.0
0.0
0.0
0.0
0.0
0.0
0.0
0.0
0.0
0.0
0.0
0.0
0.0
0.0
0.0
0.0
0.0
0.0
0.0
0.0
0.0
0.0
0.0
0.0
0.0
0.0
0.0
0.0
0.0
0.0
0.0
0.0
0.0
0.0
0.0
0.0
0.0
0.0
0.0
0.0
0.0
0.0
0.0
0.0
0.0
0.0
0.0
0.0
0.0
0.0
0.0
0.0
0.0
0.0
0.0
0.0
0.0
0.0
0.0
0.0
0.0
0.0
0.0
0.0
0.0
0.0
0.0
0.0
0.0
0.0
0.0
0.0
0.0
0.0
0.0
0.0
0.0
0.0
0.0
0.0
0.0
0.0
0.0
0.0
0.0
0.0
0.0
0.0
0.0
0.0
0.0
0.0
0.0
0.0
0.0
0.0
0.0
0.0
0.0
0.0
0.0
0.0
0.0
0.0
0.0
0.0
0.0
0.0
0.0
0.0
0.0
0.0
0.0
0.0
0.0
0.0
0.0
0.0
0.0
0.0
0.0
0.0
0.0
0.0
0.0
0.0
0.0
0.0
0.0
0.0
0.0
0.0
0.0
0.0
0.0
0.0
0.0
0.0
0.0
0.0
0.0
0.0
0.0
0.0
0.0
0.0
0.0
0.0
0.0
0.0
0.0
0.0
0.0
0.0
0.0
0.0
0.0
0.0
0.0
0.0
0.0
0.0
0.0
0.0
0.0
0.0
0.0
0.0
0.0
0.0
0.0
0.0
0.0
0.0
0.0
0.0
0.0
0.0
0.0
0.0
0.0
0.0
0.0
0.0
0.0
0.0
0.0
0.0
0.0
0.0
0.0
0.0
0.0
0.0
0.0
0.0
0.0
0.0
0.0
0.0
0.0
0.0
0.0
0.0
0.0
0.0
0.0
0.0
0.0
0.0
0.0
0.0
0.0
0.0
0.0
0.0
0.0
0.0
0.0
0.0
0.0
0.0
0.0
0.0
0.0
0.0
0.0
0.0
0.0
0.0
0.0
0.0
0.0
0.0
0.0
0.0
0.0
0.0
0.0
0.0
0.0
0.0
0.0
0.0
0.0
0.0
0.0
0.0
0.0
0.0
0.0
0.0
0.0
0.0
0.0
0.0
0.0
0.0
0.0
0.0
0.0
0.0
0.0
0.0
0.0
0.0
0.0
0.0
0.0
0.0
0.0
0.0
0.0
0.0
0.0
0.0
0.0
0.0
0.0
0.0
0.0
0.0
0.0
0.0
0.0
0.0
0.0
0.0
0.0
0.0
0.0
0.0
0.0
0.0
0.0
0.0
0.0
0.0
0.0
0.0
0.0
0.0
0.0
0.0
0.0
0.0
0.0
0.0
0.0
0.0
0.0
0.0
0.0
0.0
0.0
0.0
0.0
0.0
0.0
0.0
0.0
0.0
0.0
0.0
0.0
0.0
0.0
0.0
0.0
0.0
0.0
0.0
0.0
0.0
0.0
0.0
0.0
0.0
0.0
0.0
0.0
0.0
0.0
0.0
0.0
0.0
0.0
0.0
0.0
0.0
0.0
0.0
0.0
0.0
0.0
0.0
0.0
0.0
0.0
0.0
0.0
0.0
0.0
0.0
0.0
0.0
0.0
0.0
0.0
0.0
0.0
0.0
0.0
0.0
0.0
0.0
0.0
0.0
0.0
0.0
0.0
0.0
0.0
0.0
0.0
0.0
0.0
0.0
0.0
0.0
0.0
0.0
0.0
0.0
0.0
0.0
0.0
0.0
0.0
0.0
0.0
0.0
0.0
0.0
0.0
0.0
0.0
0.0
0.0
0.0
0.0
0.0
0.0
0.0
0.0
0.0
0.0
0.0
0.0
0.0
0.0
0.0
0.0
0.0
0.0
0.0
0.0
0.0
0.0
0.0
0.0
0.0
0.0
0.0
0.0
0.0
0.0
0.0
0.0
0.0
0.0
0.0
0.0
0.0
0.0
0.0
0.0
0.0
0.0
0.0
0.0
0.0
0.0
0.0
0.0
0.0
0.0
0.0
0.0
0.0
0.0
0.0
0.0
0.0
0.0
0.0
0.0
0.0
0.0
0.0
0.0
0.0
0.0
0.0
0.0
0.0
0.0
0.0
0.0
0.0
0.0
0.0
0.0
0.0
0.0
0.0
0.0
0.0
0.0
0.0
0.0
0.0
0.0
0.0
0.0
0.0
0.0
0.0
0.0
0.0
0.0
0.0
0.0
0.0
0.0
0.0
0.0
0.0
0.0
0.0
0.0
0.0
0.0
0.0
0.0
0.0
0.0
0.0
0.0
0.0
0.0
0.0
0.0
0.0
0.0
0.0
0.0
0.0
0.0
0.0
0.0
0.0
0.0
0.0
0.0
0.0
0.0
0.0
0.0
0.0
0.0
0.0
0.0
0.0
0.0
0.0
0.0
0.0
0.0
0.0
0.0
0.0
0.0
0.0
0.0
0.0
0.0
0.0
0.0
0.0
0.0
0.0
0.0
0.0
0.0
0.0
0.0
0.0
0.0
0.0
0.0
0.0
0.0
0.0
0.0
0.0
0.0
0.0
0.0
0.0
0.0
0.0
0.0
0.0
0.0
0.0
0.0
0.0
0.0
0.0
0.0
0.0
0.0
0.0
0.0
0.0
0.0
0.0
0.0
0.0
0.0
0.0
0.0
0.0
0.0
0.0
0.0
0.0
0.0
0.0
0.0
0.0
0.0
0.0
0.0
0.0
0.0
0.0
0.0
0.0
0.0
0.0
0.0
0.0
0.0
0.0
0.0
0.0
0.0
0.0
0.0
0.0
0.0
0.0
0.0
0.0
0.0
0.0
0.0
0.0
0.0
0.0
0.0
0.0
0.0
0.0
0.0
0.0
0.0
0.0
0.0
0.0
0.0
0.0
0.0
0.0
0.0
0.0
0.0
0.0
0.0
0.0
0.0
0.0
0.0
0.0
0.0
0.0
0.0
0.0
0.0
0.0
0.0
0.0
0.0
0.0
0.0
0.0
0.0
0.0
0.0
0.0
0.0
0.0
0.0
0.0
0.0
0.0
0.0
0.0
0.0
0.0
0.0
0.0
0.0
0.0
0.0
0.0
0.0
0.0
0.0
0.0
0.0
0.0
0.0
0.0
0.0
0.0
0.0
0.0
0.0
0.0
0.0
0.0
0.0
0.0
0.0
0.0
0.0
0.0
0.0
0.0
0.0
0.0
0.0
0.0
0.0
0.0
0.0
0.0
0.0
0.0
0.0
0.0
0.0
0.0
0.0
0.0
0.0
0.0
0.0
0.0
0.0
0.0
0.0
0.0
0.0
0.0
0.0
0.0
0.0
0.0
0.0
0.0
0.0
0.0
0.0
0.0
0.0
0.0
0.0
0.0
0.0
0.0
0.0
0.0
0.0
0.0
0.0
0.0
0.0
0.0
0.0
0.0
0.0
0.0
0.0
0.0
0.0
0.0
0.0
0.0
0.0
0.0
0.0
0.0
0.0
0.0
0.0
0.0
0.0
0.0
0.0
0.0
0.0
0.0
0.0
0.0
0.0
0.0
0.0
0.0
0.0
0.0
0.0
0.0
0.0
0.0
0.0
0.0
0.0
0.0
0.0
0.0
0.0
0.0
0.0
0.0
0.0
0.0
0.0
0.0
0.0
0.0
0.0
0.0
0.0
0.0
0.0
0.0
0.0
0.0
0.0
0.0
0.0
0.0
0.0
0.0
0.0
0.0
0.0
0.0
0.0
0.0
0.0
0.0
0.0
0.0
0.0
0.0
0.0
0.0
0.0
0.0
0.0
0.0
0.0
0.0
0.0
0.0
0.0
0.0
0.0
0.0
0.0
0.0
0.0
0.0
0.0
0.0
0.0
0.0
0.0
0.0
0.0
0.0
0.0
0.0
0.0
0.0
0.0
0.0
0.0
0.0
0.0
0.0
0.0
0.0
0.0
0.0
0.0
0.0
0.0
0.0
0.0
0.0
0.0
0.0
0.0
0.0
0.0
0.0
0.0
0.0
0.0
0.0
0.0
0.0
0.0
0.0
0.0
0.0
0.0
0.0
0.0
0.0
0.0
0.0
0.0
0.0
0.0
0.0
0.0
0.0
0.0
0.0
0.0
0.0
0.0
0.0
0.0
0.0
0.0
0.0
0.0
0.0
0.0
0.0
0.0
0.0
0.0
0.0
0.0
0.0
0.0
0.0
0.0
0.0
0.0
0.0
0.0
0.0
0.0
0.0
0.0
0.0
0.0
0.0
0.0
0.0
0.0
0.0
0.0
0.0
0.0
0.0
0.0
0.0
0.0
0.0
0.0
0.0
0.0
0.0
0.0
0.0
0.0
0.0
0.0
0.0
0.0
0.0
0.0
0.0
0.0
0.0
0.0
0.0
0.0
0.0
0.0
0.0
0.0
0.0
0.0
0.0
0.0
0.0
0.0
0.0
0.0
0.0
0.0
0.0
0.0
0.0
0.0
0.0
0.0
0.0
0.0
0.0
0.0
0.0
0.0
0.0
0.0
0.0
0.0
0.0
0.0
0.0
0.0
0.0
0.0
0.0
0.0
0.0
0.0
0.0
0.0
0.0
0.0
0.0
0.0
0.0
0.0
0.0
0.0
0.0
0.0
0.0
0.0
0.0
0.0
0.0
0.0
0.0
0.0
0.0
0.0
0.0
0.0
0.0
0.0
0.0
0.0
0.0
0.0
0.0
0.0
0.0
0.0
0.0
0.0
0.0
0.0
0.0
0.0
0.0
0.0
0.0
0.0
0.0
0.0
0.0
0.0
0.0
0.0
0.0
0.0
0.0
0.0
0.0
0.0
0.0
0.0
0.0
0.0
0.0
0.0
0.0
0.0
0.0
0.0
0.0
0.0
0.0
0.0
0.0
0.0
0.0
0.0
0.0
0.0
0.0
0.0
0.0
0.0
0.0
0.0
0.0
0.0
0.0
0.0
0.0
0.0
0.0
0.0
0.0
0.0
0.0
0.0
0.0
0.0
0.0
0.0
0.0
0.0
0.0
0.0
0.0
0.0
0.0
0.0
0.0
0.0
0.0
0.0
0.0
0.0
0.0
0.0
0.0
0.0
0.0
0.0
0.0
0.0
0.0
0.0
0.0
0.0
0.0
0.0
0.0
0.0
0.0
0.0
0.0
0.0
0.0
0.0
0.0
0.0
0.0
0.0
0.0
0.0
0.0
0.0
0.0
0.0
0.0
0.0
0.0
0.0
0.0
0.0
0.0
0.0
0.0
0.0
0.0
0.0
0.0
0.0
0.0
0.0
0.0
0.0
0.0
0.0
0.0
0.0
0.0
0.0
0.0
0.0
0.0
0.0
0.0
0.0
0.0
0.0
0.0
0.0
0.0
0.0
0.0
0.0
0.0
0.0
0.0
0.0
0.0
0.0
0.0
0.0
0.0
0.0
0.0
0.0
0.0
0.0
0.0
0.0
0.0
0.0
0.0
0.0
0.0
0.0
0.0
0.0
0.0
0.0
0.0
0.0
0.0
0.0
0.0
0.0
0.0
0.0
0.0
0.0
0.0
0.0
0.0
0.0
0.0
0.0
0.0
0.0
0.0
0.0
0.0
0.0
0.0
0.0
0.0
0.0
0.0
0.0
0.0
0.0
0.0
0.0
0.0
0.0
0.0
0.0
0.0
0.0
0.0
0.0
0.0
0.0
0.0
0.0
0.0
0.0
0.0
0.0
0.0
0.0
0.0
0.0
0.0
0.0
0.0
0.0
0.0
0.0
0.0
0.0
0.0
0.0
0.0
0.0
0.0
0.0
0.0
0.0
0.0
0.0
0.0
0.0
0.0
0.0
0.0
0.0
0.0
0.0
0.0
0.0
0.0
0.0
0.0
0.0
0.0
0.0
0.0
0.0
0.0
0.0
0.0
0.0
0.0
0.0
0.0
0.0
0.0
0.0
0.0
0.0
0.0
0.0
0.0
0.0
0.0
0.0
0.0
0.0
0.0
0.0
0.0
0.0
0.0
0.0
0.0
0.0
0.0
0.0
0.0
0.0
0.0
0.0
0.0
0.0
0.0
0.0
0.0
0.0
0.0
0.0
0.0
0.0
0.0
0.0
0.0
0.0
0.0
0.0
0.0
0.0
0.0
0.0
0.0
0.0
0.0
0.0
0.0
0.0
0.0
0.0
0.0
0.0
0.0
0.0
0.0
0.0
0.0
0.0
0.0
0.0
0.0
0.0
0.0
0.0
0.0
0.0
0.0
0.0
0.0
0.0
0.0
0.0
0.0
0.0
0.0
0.0
0.0
0.0
0.0
0.0
0.0
0.0
0.0
0.0
0.0
0.0
0.0
0.0
0.0
0.0
0.0
0.0
0.0
0.0
0.0
0.0
0.0
0.0
0.0
0.0
0.0
0.0
0.0
0.0
0.0
0.0
0.0
0.0
0.0
0.0
0.0
0.0
0.0
0.0
0.0
0.0
0.0
0.0
0.0
0.0
0.0
0.0
0.0
0.0
0.0
0.0
0.0
0.0
0.0
0.0
0.0
0.0
0.0
0.0
0.0
0.0
0.0
0.0
0.0
0.0
0.0
0.0
0.0
0.0
0.0
0.0
0.0
0.0
0.0
0.0
0.0
0.0
0.0
0.0
0.0
0.0
0.0
0.0
0.0
0.0
0.0
0.0
0.0
0.0
0.0
0.0
0.0
0.0
0.0
0.0
0.0
0.0
0.0
0.0
0.0
0.0
0.0
0.0
0.0
0.0
0.0
0.0
0.0
0.0
0.0
0.0
0.0
0.0
0.0
0.0
0.0
0.0
0.0
0.0
0.0
0.0
0.0
0.0
0.0
0.0
0.0
0.0
0.0
0.0
0.0
0.0
0.0
0.0
0.0
0.0
0.0
0.0
0.0
0.0
0.0
0.0
0.0
0.0
0.0
0.0
0.0
0.0
0.0
0.0
0.0
0.0
0.0
0.0
0.0
0.0
0.0
0.0
0.0
0.0
0.0
0.0
0.0
0.0
0.0
0.0
0.0
0.0
0.0
0.0
0.0
0.0
0.0
0.0
0.0
0.0
0.0
0.0
0.0
0.0
0.0
0.0
0.0
0.0
0.0
0.0
0.0
0.0
0.0
0.0
0.0
0.0
0.0
0.0
0.0
0.0
0.0
0.0
0.0
0.0
0.0
0.0
0.0
0.0
0.0
0.0
0.0
0.0
0.0
0.0
0.0
0.0
0.0
0.0
0.0
0.0
0.0
0.0
0.0
0.0
0.0
0.0
0.0
0.0
0.0
0.0
0.0
0.0
0.0
0.0
0.0
0.0
0.0
0.0
0.0
0.0
0.0
0.0
0.0
0.0
0.0
0.0
0.0
0.0
0.0
0.0
0.0
0.0
0.0
0.0
0.0
0.0
0.0
0.0
0.0
0.0
0.0
0.0
0.0
0.0
0.0
0.0
0.0
0.0
0.0
0.0
0.0
0.0
0.0
0.0
0.0
0.0
0.0
0.0
0.0
0.0
0.0
0.0
0.0
0.0
0.0
0.0
0.0
0.0
0.0
0.0
0.0
0.0
0.0
0.0
0.0
0.0
0.0
0.0
0.0
0.0
0.0
0.0
0.0
0.0
0.0
0.0
0.0
0.0
0.0
0.0
0.0
0.0
0.0
0.0
0.0
0.0
0.0
0.0
0.0
0.0
0.0
0.0
0.0
0.0
0.0
0.0
0.0
0.0
0.0
0.0
0.0
0.0
0.0
0.0
0.0
0.0
0.0
0.0
0.0
0.0
0.0
0.0
0.0
0.0
0.0
0.0
0.0
0.0
0.0
0.0
0.0
0.0
0.0
0.0
0.0
0.0
0.0
0.0
0.0
0.0
0.0
0.0
0.0
0.0
0.0
0.0
0.0
0.0
0.0
0.0
0.0
0.0
0.0
0.0
0.0
0.0
0.0
0.0
0.0
0.0
0.0
0.0
0.0
0.0
0.0
0.0
0.0
0.0
0.0
0.0
0.0
0.0
0.0
0.0
0.0
0.0
0.0
0.0
0.0
0.0
0.0
0.0
0.0
0.0
0.0
0.0
0.0
0.0
0.0
0.0
0.0
0.0
0.0
0.0
0.0
0.0
0.0
0.0
0.0
0.0
0.0
0.0
0.0
0.0
0.0
0.0
0.0
0.0
0.0
0.0
0.0
0.0
0.0
0.0
0.0
0.0
0.0
0.0
0.0
0.0
0.0
0.0
0.0
0.0
0.0
0.0
0.0
0.0
0.0
0.0
0.0
0.0
0.0
0.0
0.0
0.0
0.0
0.0
0.0
0.0
0.0
0.0
0.0
0.0
0.0
0.0
0.0
0.0
0.0
0.0
0.0
0.0
0.0
0.0
0.0
0.0
0.0
0.0
0.0
0.0
0.0
0.0
0.0
0.0
0.0
0.0
0.0
0.0
0.0
0.0
0.0
0.0
0.0
0.0
0.0
0.0
0.0
0.0
0.0
0.0
0.0
0.0
0.0
0.0
0.0
0.0
0.0
0.0
0.0
0.0
0.0
0.0
0.0
0.0
0.0
0.0
0.0
0.0
0.0
0.0
0.0
0.0
0.0
0.0
0.0
0.0
0.0
0.0
0.0
0.0
0.0
0.0
0.0
0.0
0.0
0.0
0.0
0.0
0.0
0.0
0.0
0.0
0.0
0.0
0.0
0.0
0.0
0.0
0.0
0.0
0.0
0.0
0.0
0.0
0.0
0.0
0.0
0.0
0.0
0.0
0.0
0.0
0.0
0.0
0.0
0.0
0.0
0.0
0.0
0.0
0.0
0.0
0.0
0.0
0.0
0.0
0.0
0.0
0.0
0.0
0.0
0.0
0.0
0.0
0.0
0.0
0.0
0.0
0.0
0.0
0.0
0.0
0.0
0.0
0.0
0.0
0.0
0.0
0.0
0.0
0.0
0.0
0.0
0.0
0.0
0.0
0.0
0.0
0.0
0.0
0.0
0.0
0.0
0.0
0.0
0.0
0.0
0.0
0.0
0.0
0.0
0.0
0.0
0.0
0.0
0.0
0.0
0.0
0.0
0.0
0.0
0.0
0.0
0.0
0.0
0.0
0.0
0.0
0.0
0.0
0.0
0.0
0.0
0.0
0.0
0.0
0.0
0.0
0.0
0.0
0.0
0.0
0.0
0.0
0.0
0.0
0.0
0.0
0.0
0.0
0.0
0.0
0.0
0.0
0.0
0.0
0.0
0.0
0.0
0.0
0.0
0.0
0.0
0.0
0.0
0.0
0.0
0.0
0.0
0.0
0.0
0.0
0.0
0.0
0.0
0.0
0.0
0.0
0.0
0.0
0.0
0.0
0.0
0.0
0.0
0.0
0.0
0.0
0.0
0.0
0.0
0.0
0.0
0.0
0.0
0.0
0.0
0.0
0.0
0.0
0.0
0.0
0.0
0.0
0.0
0.0
0.0
0.0
0.0
0.0
0.0
0.0
0.0
0.0
0.0
0.0
0.0
0.0
0.0
0.0
0.0
0.0
0.0
0.0
0.0
0.0
0.0
0.0
0.0
0.0
0.0
0.0
0.0
0.0
0.0
0.0
0.0
0.0
0.0
0.0
0.0
0.0
0.0
0.0
0.0
0.0
0.0
0.0
0.0
0.0
0.0
0.0
0.0
0.0
0.0
0.0
0.0
0.0
0.0
0.0
0.0
0.0
0.0
0.0
0.0
0.0
0.0
0.0
0.0
0.0
0.0
0.0
0.0
0.0
0.0
0.0
0.0
0.0
0.0
0.0
0.0
0.0
0.0
0.0
0.0
0.0
0.0
0.0
0.0
0.0
0.0
0.0
0.0
0.0
0.0
0.0
0.0
0.0
0.0
0.0
0.0
0.0
0.0
0.0
0.0
0.0
0.0
0.0
0.0
0.0
0.0
0.0
0.0
0.0
0.0
0.0
0.0
0.0
0.0
0.0
0.0
0.0
0.0
0.0
0.0
0.0
0.0
0.0
0.0
0.0
0.0
0.0
0.0
0.0
0.0
0.0
0.0
0.0
0.0
0.0
0.0
0.0
0.0
0.0
0.0
0.0
0.0
0.0
0.0
0.0
0.0
0.0
0.0
0.0
0.0
0.0
0.0
0.0
0.0
0.0
0.0
0.0
0.0
0.0
0.0
0.0
0.0
0.0
0.0
0.0
0.0
0.0
0.0
0.0
0.0
0.0
0.0
0.0
0.0
0.0
0.0
0.0
0.0
0.0
0.0
0.0
0.0
0.0
0.0
0.0
0.0
0.0
0.0
0.0
0.0
0.0
0.0
0.0
0.0
0.0
0.0
0.0
0.0
0.0
0.0
0.0
0.0
0.0
0.0
0.0
0.0
0.0
0.0
0.0
0.0
0.0
0.0
0.0
0.0
0.0
0.0
0.0
0.0
0.0
0.0
0.0
0.0
0.0
0.0
0.0
0.0
0.0
0.0
0.0
0.0
0.0
0.0
0.0
0.0
0.0
0.0
0.0
0.0
0.0
0.0
0.0
0.0
0.0
0.0
0.0
0.0
0.0
0.0
0.0
0.0
0.0
0.0
0.0
0.0
0.0
0.0
0.0
0.0
0.0
0.0
0.0
0.0
0.0
0.0
0.0
0.0
0.0
0.0
0.0
0.0
0.0
0.0
0.0
0.0
0.0
0.0
0.0
0.0
0.0
0.0
0.0
0.0
0.0
0.0
0.0
0.0
0.0
0.0
0.0
0.0
0.0
0.0
0.0
0.0
0.0
0.0
0.0
0.0
0.0
0.0
0.0
0.0
0.0
0.0
0.0
0.0
0.0
0.0
0.0
0.0
0.0
0.0
0.0
0.0
0.0
0.0
0.0
0.0
0.0
0.0
0.0
0.0
0.0
0.0
0.0
0.0
0.0
0.0
0.0
0.0
0.0
0.0
0.0
0.0
0.0
0.0
0.0
0.0
0.0
0.0
0.0
0.0
0.0
0.0
0.0
0.0
0.0
0.0
0.0
0.0
0.0
0.0
0.0
0.0
0.0
0.0
0.0
0.0
0.0
0.0
0.0
0.0
0.0
0.0
0.0
0.0
0.0
0.0
0.0
0.0
0.0
0.0
0.0
0.0
0.0
0.0
0.0
0.0
0.0
0.0
0.0
0.0
0.0
0.0
0.0
0.0
0.0
0.0
0.0
0.0
0.0
0.0
0.0
0.0
0.0
0.0
0.0
0.0
0.0
0.0
0.0
0.0
0.0
0.0
0.0
0.0
0.0
0.0
0.0
0.0
0.0
0.0
0.0
0.0
0.0
0.0
0.0
0.0
0.0
0.0
0.0
0.0
0.0
0.0
0.0
0.0
0.0
0.0
0.0
0.0
0.0
0.0
0.0
0.0
0.0
0.0
0.0
0.0
0.0
0.0
0.0
0.0
0.0
0.0
0.0
0.0
0.0
0.0
0.0
0.0
0.0
0.0
0.0
0.0
0.0
0.0
0.0
0.0
0.0
0.0
0.0
0.0
0.0
0.0
0.0
0.0
0.0
0.0
0.0
0.0
0.0
0.0
0.0
0.0
0.0
0.0
0.0
0.0
0.0
0.0
0.0
0.0
0.0
0.0
0.0
0.0
0.0
0.0
0.0
0.0
0.0
0.0
0.0
0.0
0.0
0.0
0.0
0.0
0.0
0.0
0.0
0.0
0.0
0.0
0.0
0.0
0.0
0.0
0.0
0.0
0.0
0.0
0.0
0.0
0.0
0.0
0.0
0.0
0.0
0.0
0.0
0.0
0.0
0.0
0.0
0.0
0.0
0.0
0.0
0.0
0.0
0.0
0.0
0.0
0.0
0.0
0.0
0.0
0.0
0.0
0.0
0.0
0.0
0.0
0.0
0.0
0.0
0.0
0.0
0.0
0.0
0.0
0.0
0.0
0.0
0.0
0.0
0.0
0.0
0.0
0.0
0.0
0.0
0.0
0.0
0.0
0.0
0.0
0.0
0.0
0.0
0.0
0.0
0.0
0.0
0.0
0.0
0.0
0.0
0.0
0.0
0.0
0.0
0.0
0.0
0.0
0.0
0.0
0.0
0.0
0.0
0.0
0.0
0.0
0.0
0.0
0.0
0.0
0.0
0.0
0.0
0.0
0.0
0.0
0.0
0.0
0.0
0.0
0.0
0.0
0.0
0.0
0.0
0.0
0.0
0.0
0.0
0.0
0.0
0.0
0.0
0.0
0.0
0.0
0.0
0.0
0.0
0.0
0.0
0.0
0.0
0.0
0.0
0.0
0.0
0.0
0.0
0.0
0.0
0.0
0.0
0.0
0.0
0.0
0.0
0.0
0.0
0.0
0.0
0.0
0.0
0.0
0.0
0.0
0.0
0.0
0.0
0.0
0.0
0.0
0.0
0.0
0.0
0.0
0.0
0.0
0.0
0.0
0.0
0.0
0.0
0.0
0.0
0.0
0.0
0.0
0.0
0.0
0.0
0.0
0.0
0.0
0.0
0.0
0.0
0.0
0.0
0.0
0.0
0.0
0.0
0.0
0.0
0.0
0.0
0.0
0.0
0.0
0.0
0.0
0.0
0.0
0.0
0.0
0.0
0.0
0.0
0.0
0.0
0.0
0.0
0.0
0.0
0.0
0.0
0.0
0.0
0.0
0.0
0.0
0.0
0.0
0.0
0.0
0.0
0.0
0.0
0.0
0.0
0.0
0.0
0.0
0.0
0.0
0.0
0.0
0.0
0.0
0.0
0.0
0.0
0.0
0.0
0.0
0.0
0.0
0.0
0.0
0.0
0.0
0.0
0.0
0.0
0.0
0.0
0.0
0.0
0.0
0.0
0.0
0.0
0.0
0.0
0.0
0.0
0.0
0.0
0.0
0.0
0.0
0.0
0.0
0.0
0.0
0.0
0.0
0.0
0.0
0.0
0.0
0.0
0.0
0.0
0.0
0.0
0.0
0.0
0.0
0.0
0.0
0.0
0.0
0.0
0.0
0.0
0.0
0.0
0.0
0.0
0.0
0.0
0.0
0.0
0.0
0.0
0.0
0.0
0.0
0.0
0.0
0.0
0.0
0.0
0.0
0.0
0.0
0.0
0.0
0.0
0.0
0.0
0.0
0.0
0.0
0.0
0.0
0.0
0.0
0.0
0.0
0.0
0.0
0.0
0.0
0.0
0.0
0.0
0.0
0.0
0.0
0.0
0.0
0.0
0.0
0.0
0.0
0.0
0.0
0.0
0.0
0.0
0.0
0.0
0.0
0.0
0.0
0.0
0.0
0.0
0.0
0.0
0.0
0.0
0.0
0.0
0.0
0.0
0.0
0.0
0.0
0.0
0.0
0.0
0.0
0.0
0.0
0.0
0.0
0.0
0.0
0.0
0.0
0.0
0.0
0.0
0.0
0.0
0.0
0.0
0.0
0.0
0.0
0.0
0.0
0.0
0.0
0.0
0.0
0.0
0.0
0.0
0.0
0.0
0.0
0.0
0.0
0.0
0.0
0.0
0.0
0.0
0.0
0.0
0.0
0.0
0.0
0.0
0.0
0.0
0.0
0.0
0.0
0.0
0.0
0.0
0.0
0.0
0.0
0.0
0.0
0.0
0.0
0.0
0.0
0.0
0.0
0.0
0.0
0.0
0.0
0.0
0.0
0.0
0.0
0.0
0.0
0.0
0.0
0.0
0.0
0.0
0.0
0.0
0.0
0.0
0.0
0.0
0.0
0.0
0.0
0.0
0.0
0.0
0.0
0.0
0.0
0.0
0.0
0.0
0.0
0.0
0.0
0.0
0.0
0.0
0.0
0.0
0.0
0.0
0.0
0.0
0.0
0.0
0.0
0.0
0.0
0.0
0.0
0.0
0.0
0.0
0.0
0.0
0.0
0.0
0.0
0.0
0.0
0.0
0.0
0.0
0.0
0.0
0.0
0.0
0.0
0.0
0.0
0.0
0.0
0.0
0.0
0.0
0.0
0.0
0.0
0.0
0.0
0.0
0.0
0.0
0.0
0.0
0.0
0.0
0.0
0.0
0.0
0.0
0.0
0.0
0.0
0.0
0.0
0.0
0.0
0.0
0.0
0.0
0.0
0.0
0.0
0.0
0.0
0.0
0.0
0.0
0.0
0.0
0.0
0.0
0.0
0.0
0.0
0.0
0.0
0.0
0.0
0.0
0.0
0.0
0.0
0.0
0.0
0.0
0.0
0.0
0.0
0.0
0.0
0.0
0.0
0.0
0.0
0.0
0.0
0.0
0.0
0.0
0.0
0.0
0.0
0.0
0.0
0.0
0.0
0.0
0.0
0.0
0.0
0.0
0.0
0.0
0.0
0.0
0.0
0.0
0.0
0.0
0.0
0.0
0.0
0.0
0.0
0.0
0.0
0.0
0.0
0.0
0.0
0.0
0.0
0.0
0.0
0.0
0.0
0.0
0.0
0.0
0.0
0.0
0.0
0.0
0.0
0.0
0.0
0.0
0.0
0.0
0.0
0.0
0.0
0.0
0.0
0.0
0.0
0.0
0.0
0.0
0.0
0.0
0.0
0.0
0.0
0.0
0.0
0.0
0.0
0.0
0.0
0.0
0.0
0.0
0.0
0.0
0.0
0.0
0.0
0.0
0.0
0.0
0.0
0.0
0.0
0.0
0.0
0.0
0.0
0.0
0.0
0.0
0.0
0.0
0.0
0.0
0.0
0.0
0.0
0.0
0.0
0.0
0.0
0.0
0.0
0.0
0.0
0.0
0.0
0.0
0.0
0.0
0.0
0.0
0.0
0.0
0.0
0.0
0.0
0.0
0.0
0.0
0.0
0.0
0.0
0.0
0.0
0.0
0.0
0.0
0.0
0.0
0.0
0.0
0.0
0.0
0.0
0.0
0.0
0.0
0.0
0.0
0.0
0.0
0.0
0.0
0.0
0.0
0.0
0.0
0.0
0.0
0.0
0.0
0.0
0.0
0.0
0.0
0.0
0.0
0.0
0.0
0.0
0.0
0.0
0.0
0.0
0.0
0.0
0.0
0.0
0.0
0.0
0.0
0.0
0.0
0.0
0.0
0.0
0.0
0.0
0.0
0.0
0.0
0.0
0.0
0.0
0.0
0.0
0.0
0.0
0.0
0.0
0.0
0.0
0.0
0.0
0.0
0.0
0.0
0.0
0.0
0.0
0.0
0.0
0.0
0.0
0.0
0.0
0.0
0.0
0.0
0.0
0.0
0.0
0.0
0.0
0.0
0.0
0.0
0.0
0.0
0.0
0.0
0.0
0.0
0.0
0.0
0.0
0.0
0.0
0.0
0.0
0.0
0.0
0.0
0.0
0.0
0.0
0.0
0.0
0.0
0.0
0.0
0.0
0.0
0.0
0.0
0.0
0.0
0.0
0.0
0.0
0.0
0.0
0.0
0.0
0.0
0.0
0.0
0.0
0.0
0.0
0.0
0.0
0.0
0.0
0.0
0.0
0.0
0.0
0.0
0.0
0.0
0.0
0.0
0.0
0.0
0.0
0.0
0.0
0.0
0.0
0.0
0.0
0.0
0.0
0.0
0.0
0.0
0.0
0.0
0.0
0.0
0.0
0.0
0.0
0.0
0.0
0.0
0.0
0.0
0.0
0.0
0.0
0.0
0.0
0.0
0.0
0.0
0.0
0.0
0.0
0.0
0.0
0.0
0.0
0.0
0.0
0.0
0.0
0.0
0.0
0.0
0.0
0.0
0.0
0.0
0.0
0.0
0.0
0.0
0.0
0.0
0.0
0.0
0.0
0.0
0.0
0.0
0.0
0.0
0.0
0.0
0.0
0.0
0.0
0.0
0.0
0.0
0.0
0.0
0.0
0.0
0.0
0.0
0.0
0.0
0.0
0.0
0.0
0.0
0.0
0.0
0.0
0.0
0.0
0.0
0.0
0.0
0.0
0.0
0.0
0.0
0.0
0.0
0.0
0.0
0.0
0.0
0.0
0.0
0.0
0.0
0.0
0.0
0.0
0.0
0.0
0.0
0.0
0.0
0.0
0.0
0.0
0.0
0.0
0.0
0.0
0.0
0.0
0.0
0.0
0.0
0.0
0.0
0.0
0.0
0.0
0.0
0.0
0.0
0.0
0.0
0.0
0.0
0.0
0.0
0.0
0.0
0.0
0.0
0.0
0.0
0.0
0.0
0.0
0.0
0.0
0.0
0.0
0.0
0.0
0.0
0.0
0.0
0.0
0.0
0.0
0.0
0.0
0.0
0.0
0.0
0.0
0.0
0.0
0.0
0.0
0.0
0.0
0.0
0.0
0.0
0.0
0.0
0.0
0.0
0.0
0.0
0.0
0.0
0.0
0.0
0.0
0.0
0.0
0.0
0.0
0.0
0.0
0.0
0.0
0.0
0.0
0.0
0.0
0.0
0.0
0.0
0.0
0.0
0.0
0.0
0.0
0.0
0.0
0.0
0.0
0.0
0.0
0.0
0.0
0.0
0.0
0.0
0.0
0.0
0.0
0.0
0.0
0.0
0.0
0.0
0.0
0.0
0.0
0.0
0.0
0.0
0.0
0.0
0.0
0.0
0.0
0.0
0.0
0.0
0.0
0.0
0.0
0.0
0.0
0.0
0.0
0.0
0.0
0.0
0.0
0.0
0.0
0.0
0.0
0.0
0.0
0.0
0.0
0.0
0.0
0.0
0.0
0.0
0.0
0.0
0.0
0.0
0.0
0.0
0.0
0.0
0.0
0.0
0.0
0.0
0.0
0.0
0.0
0.0
0.0
0.0
0.0
0.0
0.0
0.0
0.0
0.0
0.0
0.0
0.0
0.0
0.0
0.0
0.0
0.0
0.0
0.0
0.0
0.0
0.0
0.0
0.0
0.0
0.0
0.0
0.0
0.0
0.0
0.0
0.0
0.0
0.0
0.0
0.0
0.0
0.0
0.0
0.0
0.0
0.0
0.0
0.0
0.0
0.0
0.0
0.0
0.0
0.0
0.0
0.0
0.0
0.0
0.0
0.0
0.0
0.0
0.0
0.0
0.0
0.0
0.0
0.0
0.0
0.0
0.0
0.0
0.0
0.0
0.0
0.0
0.0
0.0
0.0
0.0
0.0
0.0
0.0
0.0
0.0
0.0
0.0
0.0
0.0
0.0
0.0
0.0
0.0
0.0
0.0
0.0
0.0
0.0
0.0
0.0
0.0
0.0
0.0
0.0
0.0
0.0
0.0
0.0
0.0
0.0
0.0
0.0
0.0
0.0
0.0
0.0
0.0
0.0
0.0
0.0
0.0
0.0
0.0
0.0
0.0
0.0
0.0
0.0
0.0
0.0
0.0
0.0
0.0
0.0
0.0
0.0
0.0
0.0
0.0
0.0
0.0
0.0
0.0
0.0
0.0
0.0
0.0
0.0
0.0
0.0
0.0
0.0
0.0
0.0
0.0
0.0
0.0
0.0
0.0
0.0
0.0
0.0
0.0
0.0
0.0
0.0
0.0
0.0
0.0
0.0
0.0
0.0
0.0
0.0
0.0
0.0
0.0
0.0
0.0
0.0
0.0
0.0
0.0
0.0
0.0
0.0
0.0
0.0
0.0
0.0
0.0
0.0
0.0
0.0
0.0
0.0
0.0
0.0
0.0
0.0
0.0
0.0
0.0
0.0
0.0
0.0
0.0
0.0
0.0
0.0
0.0
0.0
0.0
0.0
0.0
0.0
0.0
0.0
0.0
0.0
0.0
0.0
0.0
0.0
0.0
0.0
0.0
0.0
0.0
0.0
0.0
0.0
0.0
0.0
0.0
0.0
0.0
0.0
0.0
0.0
0.0
0.0
0.0
0.0
0.0
0.0
0.0
0.0
0.0
0.0
0.0
0.0
0.0
0.0
0.0
0.0
0.0
0.0
0.0
0.0
0.0
0.0
0.0
0.0
0.0
0.0
0.0
0.0
0.0
0.0
0.0
0.0
0.0
0.0
0.0
0.0
0.0
0.0
0.0
0.0
0.0
0.0
0.0
0.0
0.0
0.0
0.0
0.0
0.0
0.0
0.0
0.0
0.0
0.0
0.0
0.0
0.0
0.0
0.0
0.0
0.0
0.0
0.0
0.0
0.0
0.0
0.0
0.0
0.0
0.0
0.0
0.0
0.0
0.0
0.0
0.0
0.0
0.0
0.0
0.0
0.0
0.0
0.0
0.0
0.0
0.0
0.0
0.0
0.0
0.0
0.0
0.0
0.0
0.0
0.0
0.0
0.0
0.0
0.0
0.0
0.0
0.0
0.0
0.0
0.0
0.0
0.0
0.0
0.0
0.0
0.0
0.0
0.0
0.0
0.0
0.0
0.0
0.0
0.0
0.0
0.0
0.0
0.0
0.0
0.0
0.0
0.0
0.0
0.0
0.0
0.0
0.0
0.0
0.0
0.0
0.0
0.0
0.0
0.0
0.0
0.0
0.0
0.0
0.0
0.0
0.0
0.0
0.0
0.0
0.0
0.0
0.0
0.0
0.0
0.0
0.0
0.0
0.0
0.0
0.0
0.0
0.0
0.0
0.0
0.0
0.0
0.0
0.0
0.0
0.0
0.0
0.0
0.0
0.0
0.0
0.0
0.0
0.0
0.0
0.0
0.0
0.0
0.0
0.0
0.0
0.0
0.0
0.0
0.0
0.0
0.0
0.0
0.0
0.0
0.0
0.0
0.0
0.0
0.0
0.0
0.0
0.0
0.0
0.0
0.0
0.0
0.0
0.0
0.0
0.0
0.0
0.0
0.0
0.0
0.0
0.0
0.0
0.0
0.0
0.0
0.0
0.0
0.0
0.0
0.0
0.0
0.0
0.0
0.0
0.0
0.0
0.0
0.0
0.0
0.0
0.0
0.0
0.0
0.0
0.0
0.0
0.0
0.0
0.0
0.0
0.0
0.0
0.0
0.0
0.0
0.0
0.0
0.0
0.0
0.0
0.0
0.0
0.0
0.0
0.0
0.0
0.0
0.0
0.0
0.0
0.0
0.0
0.0
0.0
0.0
0.0
0.0
0.0
0.0
0.0
0.0
0.0
0.0
0.0
0.0
0.0
0.0
0.0
0.0
0.0
0.0
0.0
0.0
0.0
0.0
0.0
0.0
0.0
0.0
0.0
0.0
0.0
0.0
0.0
0.0
0.0
0.0
0.0
0.0
0.0
0.0
0.0
0.0
0.0
0.0
0.0
0.0
0.0
0.0
0.0
0.0
0.0
0.0
0.0
0.0
0.0
0.0
0.0
0.0
0.0
0.0
0.0
0.0
0.0
0.0
0.0
0.0
0.0
0.0
0.0
0.0
0.0
0.0
0.0
0.0
0.0
0.0
0.0
0.0
0.0
0.0
0.0
0.0
0.0
0.0
0.0
0.0
0.0
0.0
0.0
0.0
0.0
0.0
0.0
0.0
0.0
0.0
0.0
0.0
0.0
0.0
0.0
0.0
0.0
0.0
0.0
0.0
0.0
0.0
0.0
0.0
0.0
0.0
0.0
0.0
0.0
0.0
0.0
0.0
0.0
0.0
0.0
0.0
0.0
0.0
0.0
0.0
0.0
0.0
0.0
0.0
0.0
0.0
0.0
0.0
0.0
0.0
0.0
0.0
0.0
0.0
0.0
0.0
0.0
0.0
0.0
0.0
0.0
0.0
0.0
0.0
0.0
0.0
0.0
0.0
0.0
0.0
0.0
0.0
0.0
0.0
0.0
0.0
0.0
0.0
0.0
0.0
0.0
0.0
0.0
0.0
0.0
0.0
0.0
0.0
0.0
0.0
0.0
0.0
0.0
0.0
0.0
0.0
0.0
0.0
0.0
0.0
0.0
0.0
0.0
0.0
0.0
0.0
0.0
0.0
0.0
0.0
0.0
0.0
0.0
0.0
0.0
0.0
0.0
0.0
0.0
0.0
0.0
0.0
0.0
0.0
0.0
0.0
0.0
0.0
0.0
0.0
0.0
0.0
0.0
0.0
0.0
0.0
0.0
0.0
0.0
0.0
0.0
0.0
0.0
0.0
0.0
0.0
0.0
0.0
0.0
0.0
0.0
0.0
0.0
0.0
0.0
0.0
0.0
0.0
0.0
0.0
0.0
0.0
0.0
0.0
0.0
0.0
0.0
0.0
0.0
0.0
0.0
0.0
0.0
0.0
0.0
0.0
0.0
0.0
0.0
0.0
0.0
0.0
0.0
0.0
0.0
0.0
0.0
0.0
0.0
0.0
0.0
0.0
0.0
0.0
0.0
0.0
0.0
0.0
0.0
0.0
0.0
0.0
0.0
0.0
0.0
0.0
0.0
0.0
0.0
0.0
0.0
0.0
0.0
0.0
0.0
0.0
0.0
0.0
0.0
0.0
0.0
0.0
0.0
0.0
0.0
0.0
0.0
0.0
0.0
0.0
0.0
0.0
0.0
0.0
0.0
0.0
0.0
0.0
0.0
0.0
0.0
0.0
0.0
0.0
0.0
0.0
0.0
0.0
0.0
0.0
0.0
0.0
0.0
0.0
0.0
0.0
0.0
0.0
0.0
0.0
0.0
0.0
0.0
0.0
0.0
0.0
0.0
0.0
0.0
0.0
0.0
0.0
0.0
0.0
0.0
0.0
0.0
0.0
0.0
0.0
0.0
0.0
0.0
0.0
0.0
0.0
0.0
0.0
0.0
0.0
0.0
0.0
0.0
0.0
0.0
0.0
0.0
0.0
0.0
0.0
0.0
0.0
0.0
0.0
0.0
0.0
0.0
0.0
0.0
0.0
0.0
0.0
0.0
0.0
0.0
0.0
0.0
0.0
0.0
0.0
0.0
0.0
0.0
0.0
0.0
0.0
0.0
0.0
0.0
0.0
0.0
0.0
0.0
0.0
0.0
0.0
0.0
0.0
0.0
0.0
0.0
0.0
0.0
0.0
0.0
0.0
0.0
0.0
0.0
0.0
0.0
0.0
0.0
0.0
0.0
0.0
0.0
0.0
0.0
0.0
0.0
0.0
0.0
0.0
0.0
0.0
0.0
0.0
0.0
0.0
0.0
0.0
0.0
0.0
0.0
0.0
0.0
0.0
0.0
0.0
0.0
0.0
0.0
0.0
0.0
0.0
0.0
0.0
0.0
0.0
0.0
0.0
0.0
0.0
0.0
0.0
0.0
0.0
0.0
0.0
0.0
0.0
0.0
0.0
0.0
0.0
0.0
0.0
0.0
0.0
0.0
0.0
0.0
0.0
0.0
0.0
0.0
0.0
0.0
0.0
0.0
0.0
0.0
0.0
0.0
0.0
0.0
0.0
0.0
0.0
0.0
0.0
0.0
0.0
0.0
0.0
0.0
0.0
0.0
0.0
0.0
0.0
0.0
0.0
0.0
0.0
0.0
0.0
0.0
0.0
0.0
0.0
0.0
0.0
0.0
0.0
0.0
0.0
0.0
0.0
0.0
0.0
0.0
0.0
0.0
0.0
0.0
0.0
0.0
0.0
0.0
0.0
0.0
0.0
0.0
0.0
0.0
0.0
0.0
0.0
0.0
0.0
0.0
0.0
0.0
0.0
0.0
0.0
0.0
0.0
0.0
0.0
0.0
0.0
0.0
0.0
0.0
0.0
0.0
0.0
0.0
0.0
0.0
0.0
0.0
0.0
0.0
0.0
0.0
0.0
0.0
0.0
0.0
0.0
0.0
0.0
0.0
0.0
0.0
0.0
0.0
0.0
0.0
0.0
0.0
0.0
0.0
0.0
0.0
0.0
0.0
0.0
0.0
0.0
0.0
0.0
0.0
0.0
0.0
0.0
0.0
0.0
0.0
0.0
0.0
0.0
0.0
0.0
0.0
0.0
0.0
0.0
0.0
0.0
0.0
0.0
0.0
0.0
0.0
0.0
0.0
0.0
0.0
0.0
0.0
0.0
0.0
0.0
0.0
0.0
0.0
0.0
0.0
0.0
0.0
0.0
0.0
0.0
0.0
0.0
0.0
0.0
0.0
0.0
0.0
0.0
0.0
0.0
0.0
0.0
0.0
0.0
0.0
0.0
0.0
0.0
0.0
0.0
0.0
0.0
0.0
0.0
0.0
0.0
0.0
0.0
0.0
0.0
0.0
0.0
0.0
0.0
0.0
0.0
0.0
0.0
0.0
0.0
0.0
0.0
0.0
0.0
0.0
0.0
0.0
0.0
0.0
0.0
0.0
0.0
0.0
0.0
0.0
0.0
0.0
0.0
0.0
0.0
0.0
0.0
0.0
0.0
0.0
0.0
0.0
0.0
0.0
0.0
0.0
0.0
0.0
0.0
0.0
0.0
0.0
0.0
0.0
0.0
0.0
0.0
0.0
0.0
0.0
0.0
0.0
0.0
0.0
0.0
0.0
0.0
0.0
0.0
0.0
0.0
0.0
0.0
0.0
0.0
0.0
0.0
0.0
0.0
0.0
0.0
0.0
0.0
0.0
0.0
0.0
0.0
0.0
0.0
0.0
0.0
0.0
0.0
0.0
0.0
0.0
0.0
0.0
0.0
0.0
0.0
0.0
0.0
0.0
0.0
0.0
0.0
0.0
0.0
0.0
0.0
0.0
0.0
0.0
0.0
0.0
0.0
0.0
0.0
0.0
0.0
0.0
0.0
0.0
0.0
0.0
0.0
0.0
0.0
0.0
0.0
0.0
0.0
0.0
0.0
0.0
0.0
0.0
0.0
0.0
0.0
0.0
0.0
0.0
0.0
0.0
0.0
0.0
0.0
0.0
0.0
0.0
0.0
0.0
0.0
0.0
0.0
0.0
0.0
0.0
0.0
0.0
0.0
0.0
0.0
0.0
0.0
0.0
0.0
0.0
0.0
0.0
0.0
0.0
0.0
0.0
0.0
0.0
0.0
0.0
0.0
0.0
0.0
0.0
0.0
0.0
0.0
0.0
0.0
0.0
0.0
0.0
0.0
0.0
0.0
0.0
0.0
0.0
0.0
0.0
0.0
0.0
0.0
0.0
0.0
0.0
0.0
0.0
0.0
0.0
0.0
0.0
0.0
0.0
0.0
0.0
0.0
0.0
0.0
0.0
0.0
0.0
0.0
0.0
0.0
0.0
0.0
0.0
0.0
0.0
0.0
0.0
0.0
0.0
0.0
0.0
0.0
0.0
0.0
0.0
0.0
0.0
0.0
0.0
0.0
0.0
0.0
0.0
0.0
0.0
0.0
0.0
0.0
0.0
0.0
0.0
0.0
0.0
0.0
0.0
0.0
0.0
0.0
0.0
0.0
0.0
0.0
0.0
0.0
0.0
0.0
0.0
0.0
0.0
0.0
0.0
0.0
0.0
0.0
0.0
0.0
0.0
0.0
0.0
0.0
0.0
0.0
0.0
0.0
0.0
0.0
0.0
0.0
0.0
0.0
0.0
0.0
0.0
0.0
0.0
0.0
0.0
0.0
0.0
0.0
0.0
0.0
0.0
0.0
0.0
0.0
0.0
0.0
0.0
0.0
0.0
0.0
0.0
0.0
0.0
0.0
0.0
0.0
0.0
0.0
0.0
0.0
0.0
0.0
0.0
0.0
0.0
0.0
0.0
0.0
0.0
0.0
0.0
0.0
0.0
0.0
0.0
0.0
0.0
0.0
0.0
0.0
0.0
0.0
0.0
0.0
0.0
0.0
0.0
0.0
0.0
0.0
0.0
0.0
0.0
0.0
0.0
0.0
0.0
0.0
0.0
0.0
0.0
0.0
0.0
0.0
0.0
0.0
0.0
0.0
0.0
0.0
0.0
0.0
0.0
0.0
0.0
0.0
0.0
0.0
0.0
0.0
0.0
0.0
0.0
0.0
0.0
0.0
0.0
0.0
0.0
0.0
0.0
0.0
0.0
0.0
0.0
0.0
0.0
0.0
0.0
0.0
0.0
0.0
0.0
0.0
0.0
0.0
0.0
0.0
0.0
0.0
0.0
0.0
0.0
0.0
0.0
0.0
0.0
0.0
0.0
0.0
0.0
0.0
0.0
0.0
0.0
0.0
0.0
0.0
0.0
0.0
0.0
0.0
0.0
0.0
0.0
0.0
0.0
0.0
0.0
0.0
0.0
0.0
0.0
0.0
0.0
0.0
0.0
0.0
0.0
0.0
0.0
0.0
0.0
0.0
0.0
0.0
0.0
0.0
0.0
0.0
0.0
0.0
0.0
0.0
0.0
0.0
0.0
0.0
0.0
0.0
0.0
0.0
0.0
0.0
0.0
0.0
0.0
0.0
0.0
0.0
0.0
0.0
0.0
0.0
0.0
0.0
0.0
0.0
0.0
0.0
0.0
0.0
0.0
0.0
0.0
0.0
0.0
0.0
0.0
0.0
0.0
0.0
0.0
0.0
0.0
0.0
0.0
0.0
0.0
0.0
0.0
0.0
0.0
0.0
0.0
0.0
0.0
0.0
0.0
0.0
0.0
0.0
0.0
0.0
0.0
0.0
0.0
0.0
0.0
0.0
0.0
0.0
0.0
0.0
0.0
0.0
0.0
0.0
0.0
0.0
0.0
0.0
0.0
0.0
0.0
0.0
0.0
0.0
0.0
0.0
0.0
0.0
0.0
0.0
0.0
0.0
0.0
0.0
0.0
0.0
0.0
0.0
0.0
0.0
0.0
0.0
0.0
0.0
0.0
0.0
0.0
0.0
0.0
0.0
0.0
0.0
0.0
0.0
0.0
0.0
0.0
0.0
0.0
0.0
0.0
0.0
0.0
0.0
0.0
0.0
0.0
0.0
0.0
0.0
0.0
0.0
0.0
0.0
0.0
0.0
0.0
0.0
0.0
0.0
0.0
0.0
0.0
0.0
0.0
0.0
0.0
0.0
0.0
0.0
0.0
0.0
0.0
0.0
0.0
0.0
0.0
0.0
0.0
0.0
0.0
0.0
0.0
0.0
0.0
0.0
0.0
0.0
0.0
0.0
0.0
0.0
0.0
0.0
0.0
0.0
0.0
0.0
0.0
0.0
0.0
0.0
0.0
0.0
0.0
0.0
0.0
0.0
0.0
0.0
0.0
0.0
0.0
0.0
0.0
0.0
0.0
0.0
0.0
0.0
0.0
0.0
0.0
0.0
0.0
0.0
0.0
0.0
0.0
0.0
0.0
0.0
0.0
0.0
0.0
0.0
0.0
0.0
0.0
0.0
0.0
0.0
0.0
0.0
0.0
0.0
0.0
0.0
0.0
0.0
0.0
0.0
0.0
0.0
0.0
0.0
0.0
0.0
0.0
0.0
0.0
0.0
0.0
0.0
0.0
0.0
0.0
0.0
0.0
0.0
0.0
0.0
0.0
0.0
0.0
0.0
0.0
0.0
0.0
0.0
0.0
