10774.437774234388
10578.334099820286
10574.387708108286
10442.43528167401
10209.820418241883
10075.222994691476
9799.215380887172
9623.352472054057
9510.223585152991
9370.924312921907
9370.924312921907
9271.792973857471
9012.897546858563
8917.199664691036
8479.031722996773
8322.817926844416
7863.099701947921
7863.099701947921
7216.871911983661
7216.871911983661
6515.233569396555
6351.014935259424
6351.014935259424
6351.014935259424
6351.014935259424
6277.007332628086
6074.125517045898
6074.125517045898
6074.125517045898
6074.125517045898
6066.820977124223
6066.820977124223
6066.820977124223
6021.38451463014
6021.38451463014
6021.38451463014
6021.38451463014
5973.269210130541
5973.269210130541
5973.269210130541
5973.269210130541
5973.269210130541
5973.269210130541
5973.269210130541
5816.445614980998
5700.3896642158215
5380.04126262267
5380.04126262267
5247.565877422036
5247.565877422036
5247.565877422036
5247.565877422036
5058.136197384115
4996.469689304647
4996.469689304647
4854.35015814104
4854.35015814104
4825.663805942244
4825.663805942244
4825.663805942244
4662.471450260149
4662.471450260149
4662.471450260149
4662.471450260149
4606.2394154350295
4606.2394154350295
4090.816610540058
4090.816610540058
4090.816610540058
4090.816610540058
4090.816610540058
4047.021059101564
4047.021059101564
4044.0385931152014
4043.91041433638
3929.6912236524113
3760.2772060131265
3625.07457680255
3625.07457680255
3625.07457680255
3624.678493997948
3573.4644722015946
3573.4644722015946
3473.708391924083
3262.866895975305
3262.4857661843143
3262.4857661843143
3262.4857661843143
3100.9240912148853
3100.9240912148853
3094.933107965049
3094.933107965049
2862.6025775728103
2862.6025775728103
2862.42331941056
2862.42331941056
2730.090059261942
2581.5021384299725
2581.5021384299725
2581.5021384299725
2580.6461312406755
2580.6461312406755
2312.818101194849
2312.2415848324417
2075.556063943701
2075.556063943701
2074.169642968647
2074.1274618045554
2074.1274618045554
2074.1255476140814
2074.1255476140814
2035.1964076471104
2035.1964076471104
1909.022935228153
1907.8630983704388
1907.8630983704388
1900.6746865026525
1790.1756054825364
1789.685433975781
1789.685433975781
1785.7211206251832
1668.1640080738034
1668.1640080738034
1477.511678747871
1477.511678747871
1477.511678747871
1477.511678747871
1477.5054601506436
1461.3902716821922
1265.169619187729
1243.6614600320154
1243.6614600320154
1240.9570330028528
1240.9570330028528
1240.9570330028528
1239.0615910624165
1235.6476632091671
1233.7513061694463
1199.1920667162194
1199.1848940656164
1199.1848940656164
1083.8499077805172
1042.9260977049616
981.4260671546144
981.4089986108866
981.4057645410412
980.2523216041118
917.3249308670438
913.1029739712976
913.0944594407101
913.0903773316295
913.0903773316295
911.1239322889523
911.1239322889523
907.9127161835495
867.6966147998246
867.6966147998246
867.6656097060768
867.6656097060768
855.9040229856728
855.9040229856728
855.9029833071545
855.6042178686948
855.3932274743602
854.3208205068295
759.7458752071561
756.2000728223484
756.2000728223484
743.831912908181
743.831912908181
734.1825149072174
734.1774188213949
734.1774188213949
661.4956826205253
661.4291903905305
658.7824613938847
653.638217042424
653.4949831097529
622.4737343523193
622.4737343523193
622.2838370725967
621.2585882506773
575.1533045923334
560.3580728997385
560.3580728997385
504.2665806114401
504.07794914037186
504.0749715405382
504.0652432914685
504.0652432914685
503.8774617900308
503.8774617900308
503.00212296680183
502.58840154069185
502.58840154069185
502.58840154069185
502.5846433732913
502.5846433732913
502.58191626141524
409.51681260855185
409.51681260855185
409.5123680824072
409.5123680824072
409.3736105121916
409.318412115661
401.3455804724654
401.34237326559924
401.34237326559924
401.34237326559924
400.7086596448589
400.70504389969756
399.3476978856579
394.96019820661786
388.3959423839533
388.3959423839533
379.98873504369294
379.98873504369294
378.86786971835863
372.9732242227037
372.9732242227037
372.12763175841246
371.8275245615605
371.81223627528016
371.81223627528016
371.66084587280056
371.41617298568235
367.1620004375036
367.1620004375036
367.1619879434438
366.9737164297185
366.97090671441947
366.9708741848044
366.9708741848044
366.9708741848044
366.97081104751123
366.96767404018647
365.16211535248294
365.16211535248294
362.9217839250141
362.84514317903995
362.8439329724406
362.4487035290422
361.91616684069595
361.91616684069595
361.91577654748835
361.9157708808634
358.62724110862837
357.2934766374656
357.02638117171773
357.02638117171773
357.02638117171773
357.02638112054956
357.02638112054956
357.0263800268367
356.31307572494734
356.31307572494734
356.31217444908
355.8545117277881
355.8545117277881
355.8529427777703
355.84903632641544
355.84903632641544
355.8480641824153
355.8005077257403
355.800507602753
355.800506921285
355.72150720567515
355.71824609322175
355.56393865066093
355.56378728532036
355.51269244917603
355.512664532127
355.512664532127
355.5104523247064
355.5104523247064
355.5104523247064
355.5104518758253
355.45911642996725
355.41471215883394
355.41277856562556
355.4127680066649
355.4127680066649
355.40646596181796
355.38095179257107
355.38095179257107
355.380949410177
355.3809375155106
355.3809375155106
355.3809375155106
355.38065952261786
355.38065648099837
355.38065648099837
355.3806560730136
355.3692325708562
355.3416222547912
355.34158523696715
355.34158447368645
355.3357530005942
355.3329171334717
355.3315894438765
355.3314900298519
355.32731189249716
355.32731181086456
355.3273111782237
355.32540169144886
355.32540164598504
355.3242664748086
355.3219814856802
355.3219814856802
355.3219508206057
355.321950683212
355.3219459055854
355.3219459055854
355.3219437445332
355.3219437445332
355.32137678297295
355.31639091939724
355.31632425808493
355.31632416904176
355.31632416904176
355.3163241566399
355.3162746576636
355.3162656184195
355.3162655195538
355.3162460212807
355.3162460212807
355.3162459246523
355.31569529711487
355.3156951275196
355.3156951275196
355.3155259307059
355.31552500425823
355.31552500425823
355.31549691214605
355.3154969108946
355.3154969108946
355.31549531049313
355.3153033824019
355.31523503039716
355.3152334128463
355.3152334128463
355.31523201665004
355.31523201665004
355.3151404681357
355.315139817596
355.3151351156921
355.31513381268815
355.315133811082
355.3151297231252
355.31512056842075
355.31508962760927
355.3150881326328
355.31508765979925
355.31508765979925
355.31508672898235
355.3150864387553
355.3150864387553
355.3150861592949
355.3150854034866
355.31508026533993
355.31508026533993
355.31508026533993
355.31508020376896
355.3150789210922
355.31507693678395
355.31507693678395
355.31507693678395
355.3150757584972
355.3150649044437
355.31501748564733
355.31501748564733
355.31501748564733
355.31501733854566
355.315017271334
355.315017271334
355.315017271334
355.31501726795796
355.31501726795796
355.31501726795796
355.31501722248686
355.31501693983773
355.3150169397686
355.3150169397686
355.31501693922837
355.31501693922837
355.31501668141937
355.3150162559068
355.315016255905
355.31501623814256
355.31501265012776
355.31501265012776
355.3150126500623
355.31501233544077
355.31501233544077
355.3150123312498
355.31500972666436
355.3150096530826
355.31500927464367
355.3150089744013
355.31500895991485
355.3150086505011
355.31500862081157
355.31500862081157
355.31500666812826
355.31500602950473
355.31500602945744
355.31500602945744
355.31500602945744
355.31500593207784
355.31500574814345
355.3150052382334
355.3150052350484
355.31500523504656
355.3150051290813
355.3150051290813
355.31500511399827
355.31500511399827
355.31500479992064
355.31500479992064
355.31500466266334
355.31500459765994
355.3150045970233
355.31500433219117
355.3150043296646
355.3150041972731
355.3150041969511
355.3150041969511
355.31500419129407
355.315004167609
355.315004167609
355.31500416577546
355.31500416577546
355.31500416577546
355.31500414361653
355.31500411406887
355.31500409479304
355.31500406725536
355.31500395494913
355.31500395395415
355.3150039506945
355.3150039506945
355.3150039506836
355.3150039262928
355.3150039262928
355.31500387107735
355.3150038710701
355.3150038710701
355.3150038710701
355.3150038710701
355.3150038710701
355.31500387106826
355.31500386900734
355.3150038689964
355.3150038685508
355.3150038685417
355.3150038665772
355.31500386657353
355.3150038664571
355.3150038663189
355.3150038628173
355.31500386243897
355.3150038597287
355.3150038570202
355.3150038570202
355.31500385685104
355.3150038565218
355.3150038565218
355.31500385512663
355.31500385403524
355.3150038520471
355.3150038520471
355.3150038520289
355.31500385077015
355.31500385077015
355.3150038460917
355.31500384599167
355.31500384599167
355.3150038458807
355.3150038458625
355.31500384574247
355.31500384574247
355.31500384553146
355.31500384552965
355.3150038455278
355.315003845506
355.315003845506
355.31500384456376
355.31500384387436
355.3150038437252
355.3150038437252
355.3150038437252
355.3150038437252
355.3150038437252
355.3150038437252
355.3150038437234
355.31500384371793
355.31500384357787
355.31500384357787
355.31500384357605
355.31500384357423
355.3150038435706
355.3150038435706
355.3150038435706
355.3150038435706
355.31500384356514
355.31500384355604
355.31500384355604
355.31500384353785
355.315003843436
355.315003843436
355.31500384343417
355.31500384343417
355.31500384343417
355.31500384343417
355.31500384343417
355.31500384343417
355.31500384343417
355.31500384343417
355.3150038434269
355.3150038434251
355.3150038434196
355.315003843416
355.315003843416
355.31500384339597
355.31500384339597
355.31500384337596
355.3150038433705
355.3150038433705
355.3150038433705
355.31500384336505
355.31500384336323
355.31500384336323
355.31500384336323
355.31500384336323
355.3150038433432
355.3150038433414
355.3150038433414
355.3150038433396
355.3150038433396
355.3150038433396
355.3150038433396
355.3150038433323
355.3150038433323
355.3150038433323
355.3150038433323
355.3150038433323
355.3150038433323
355.3150038433323
355.31500384332867
355.31500384332867
355.31500384332867
355.31500384332867
355.31500384332685
355.31500384332685
355.31500384332685
355.31500384332503
355.31500384332503
355.3150038433232
355.3150038433232
355.3150038433232
355.3150038433232
355.3150038433232
355.3150038433232
355.3150038433232
355.3150038433232
355.3150038433232
355.3150038433232
355.3150038433232
355.3150038433232
355.3150038433232
355.3150038433232
355.3150038433232
355.3150038433232
355.3150038433232
355.3150038433232
355.3150038433232
355.3150038433232
355.3150038433232
355.3150038433232
355.3150038433232
355.3150038433232
355.3150038433232
355.3150038433232
355.3150038433214
355.3150038433214
355.3150038433214
355.3150038433214
355.3150038433214
355.3150038433214
355.3150038433214
355.3150038433214
355.3150038433214
355.3150038433214
355.3150038433214
355.3150038433214
355.3150038433214
355.3150038433214
355.3150038433214
355.3150038433214
355.3150038433214
355.3150038433214
355.3150038433214
355.3150038433214
355.3150038433214
355.3150038433214
355.3150038433214
355.3150038433214
355.3150038433214
355.3150038433214
355.3150038433214
355.3150038433214
355.3150038433214
355.3150038433214
355.3150038433214
355.3150038433214
355.3150038433214
355.3150038433214
355.3150038433214
355.3150038433214
355.3150038433214
355.3150038433214
355.3150038433214
355.3150038433214
355.3150038433214
355.3150038433214
355.3150038433214
355.3150038433214
355.3150038433214
355.3150038433214
355.3150038433214
355.3150038433214
355.3150038433214
355.3150038433214
355.3150038433214
355.3150038433214
355.3150038433214
355.3150038433214
355.3150038433214
355.3150038433214
355.3150038433214
355.3150038433214
355.3150038433214
355.3150038433214
355.3150038433214
355.3150038433214
355.3150038433214
355.3150038433214
355.3150038433214
355.3150038433214
355.3150038433214
355.3150038433214
355.3150038433214
355.3150038433214
355.3150038433214
355.3150038433214
355.3150038433214
355.3150038433214
355.3150038433214
355.3150038433214
355.3150038433214
355.3150038433214
355.3150038433214
355.3150038433214
355.3150038433214
355.3150038433214
355.3150038433214
355.3150038433214
355.3150038433214
355.3150038433214
355.3150038433214
355.3150038433214
355.3150038433214
355.3150038433214
355.3150038433214
355.3150038433214
355.3150038433214
355.3150038433214
355.3150038433214
355.3150038433214
355.3150038433214
355.3150038433214
355.3150038433214
355.3150038433214
355.3150038433214
355.3150038433214
355.3150038433214
355.3150038433214
355.3150038433214
355.3150038433214
355.3150038433214
355.3150038433214
355.3150038433214
355.3150038433214
355.3150038433214
355.3150038433214
355.3150038433214
355.3150038433214
355.3150038433214
355.3150038433214
355.3150038433214
355.3150038433214
355.3150038433214
355.3150038433214
355.3150038433214
355.3150038433214
355.3150038433214
355.3150038433214
355.3150038433214
355.3150038433214
355.3150038433214
355.3150038433214
355.3150038433214
355.3150038433214
355.3150038433214
355.3150038433214
355.3150038433214
355.3150038433214
355.3150038433214
355.3150038433214
355.3150038433214
355.3150038433214
355.3150038433214
355.3150038433214
355.3150038433214
355.3150038433214
355.3150038433214
355.3150038433214
355.3150038433214
355.3150038433214
355.3150038433214
355.3150038433214
355.3150038433214
355.3150038433214
355.3150038433214
355.3150038433214
355.3150038433214
355.3150038433214
355.3150038433214
355.3150038433214
355.3150038433214
355.3150038433214
355.3150038433214
355.3150038433214
355.3150038433214
355.3150038433214
355.3150038433214
355.3150038433214
355.3150038433214
355.3150038433214
355.3150038433214
355.3150038433214
355.3150038433214
355.3150038433214
355.3150038433214
355.3150038433214
355.3150038433214
355.3150038433214
355.3150038433214
355.3150038433214
355.3150038433214
355.3150038433214
355.3150038433214
355.3150038433214
355.3150038433214
355.3150038433214
355.3150038433214
355.3150038433214
355.3150038433214
355.3150038433214
355.3150038433214
355.3150038433214
355.3150038433214
355.3150038433214
355.3150038433214
355.3150038433214
355.3150038433214
355.3150038433214
355.3150038433214
355.3150038433214
355.3150038433214
355.3150038433214
355.3150038433214
355.3150038433214
355.3150038433214
355.3150038433214
355.3150038433214
355.3150038433214
355.3150038433214
355.3150038433214
355.3150038433214
355.3150038433214
355.3150038433214
355.3150038433214
355.3150038433214
355.3150038433214
355.3150038433214
355.3150038433214
355.3150038433214
355.3150038433214
355.3150038433214
355.3150038433214
355.3150038433214
355.3150038433214
355.3150038433214
355.3150038433214
355.3150038433214
355.3150038433214
355.3150038433214
355.3150038433214
355.3150038433214
355.3150038433214
355.3150038433214
355.3150038433214
355.3150038433214
355.3150038433214
355.3150038433214
355.3150038433214
355.3150038433214
355.3150038433214
355.3150038433214
355.3150038433214
355.3150038433214
355.3150038433214
355.3150038433214
355.3150038433214
355.3150038433214
355.3150038433214
355.3150038433214
355.3150038433214
355.3150038433214
355.3150038433214
355.3150038433214
355.3150038433214
355.3150038433214
355.3150038433214
355.3150038433214
355.3150038433214
355.3150038433214
355.3150038433214
355.3150038433214
355.3150038433214
355.3150038433214
355.3150038433214
355.3150038433214
355.3150038433214
355.3150038433214
355.3150038433214
355.3150038433214
355.3150038433214
355.3150038433214
355.3150038433214
355.3150038433214
355.3150038433214
355.3150038433214
355.3150038433214
355.3150038433214
355.3150038433214
355.3150038433214
355.3150038433214
355.3150038433214
355.3150038433214
355.3150038433214
355.3150038433214
355.3150038433214
355.3150038433214
355.3150038433214
355.3150038433214
355.3150038433214
355.3150038433214
355.3150038433214
355.3150038433214
355.3150038433214
355.3150038433214
355.3150038433214
355.3150038433214
355.3150038433214
355.3150038433214
355.3150038433214
355.3150038433214
355.3150038433214
355.3150038433214
355.3150038433214
355.3150038433214
355.3150038433214
355.3150038433214
355.3150038433214
355.3150038433214
355.3150038433214
355.3150038433214
355.3150038433214
355.3150038433214
355.3150038433214
355.3150038433214
355.3150038433214
355.3150038433214
355.3150038433214
355.3150038433214
355.3150038433214
355.3150038433214
355.3150038433214
355.3150038433214
355.3150038433214
355.3150038433214
355.3150038433214
355.3150038433214
355.3150038433214
355.3150038433214
355.3150038433214
355.3150038433214
355.3150038433214
355.3150038433214
355.3150038433214
355.3150038433214
355.3150038433214
355.3150038433214
355.3150038433214
355.3150038433214
355.3150038433214
355.3150038433214
355.3150038433214
355.3150038433214
355.3150038433214
355.3150038433214
355.3150038433214
355.3150038433214
355.3150038433214
355.3150038433214
355.3150038433214
355.3150038433214
355.3150038433214
355.3150038433214
355.3150038433214
355.3150038433214
355.3150038433214
355.3150038433214
355.3150038433214
355.3150038433214
355.3150038433214
355.3150038433214
355.3150038433214
355.3150038433214
355.3150038433214
355.3150038433214
355.3150038433214
355.3150038433214
355.3150038433214
355.3150038433214
355.3150038433214
355.3150038433214
355.3150038433214
355.3150038433214
355.3150038433214
355.3150038433214
355.3150038433214
355.3150038433214
355.3150038433214
355.3150038433214
355.3150038433214
355.3150038433214
355.3150038433214
355.3150038433214
355.3150038433214
355.3150038433214
355.3150038433214
355.3150038433214
355.3150038433214
355.3150038433214
355.3150038433214
355.3150038433214
355.3150038433214
355.3150038433214
355.3150038433214
355.3150038433214
355.3150038433214
355.3150038433214
355.3150038433214
355.3150038433214
355.3150038433214
355.3150038433214
355.3150038433214
355.3150038433214
355.3150038433214
355.3150038433214
355.3150038433214
355.3150038433214
355.3150038433214
355.3150038433214
355.3150038433214
355.3150038433214
355.3150038433214
355.3150038433214
355.3150038433214
355.3150038433214
355.3150038433214
355.3150038433214
355.3150038433214
355.3150038433214
355.3150038433214
355.3150038433214
355.3150038433214
