515.1764528917463
513.6232929596766
459.1068001450166
459.1068001450166
459.06954696353677
459.06954696353677
443.2871041612223
428.096260770633
385.69067927926847
385.69067927926847
374.3301402222117
355.47315098780734
347.76644907018124
346.8635887239077
293.7244154283094
293.6795507345303
267.9634031752098
267.1116670032428
267.1116670032428
259.5523578076262
254.17999646217856
198.87121853105205
198.87121853105205
193.55864902118768
187.65874788420427
187.65874788420427
180.0349295565523
160.91740316378954
150.45372529727157
137.97518338224663
123.65385112306495
123.55490970536744
121.15838982837455
88.73877797461562
86.23543163832413
86.23543163832413
86.23543163832413
86.23543163832413
81.806316290555
81.806316290555
71.19246393995701
70.98114361230932
69.31596768101531
68.85282061744189
68.66186958706005
68.66186958706005
67.65440983497369
47.3042307921667
47.16974191192311
46.798642181415985
43.16590117095497
40.095207726216145
39.01270416991251
38.89137498969951
33.114406679873824
28.94363948010934
28.94363948010934
28.94363948010934
28.232226382368964
28.229300600780345
11.007194725290773
11.007194725290773
11.007194725290773
10.325351361983945
9.674848129925254
9.518845743693825
8.442422318742818
8.43875936822803
8.43875936822803
8.43875936822803
8.43875936822803
7.196423035159049
6.391925912966482
5.981830139272957
5.878758437828096
5.213979088230278
5.213979088230278
5.123133221537096
5.11556606778782
5.11556606778782
5.062592613774021
4.602651438721547
4.60093906613894
4.60093906613894
4.5973778131783956
4.214191629829442
4.201092285925695
4.091685123830329
4.091685123830329
3.2398527723609662
3.1226625220865483
3.1226625220865483
2.8527065782267136
2.850696174022591
2.525375573437991
2.446924270277904
2.111010928364202
2.111010928364202
2.111010928364202
1.8072473722097349
1.8067459671413548
1.7984278612276117
1.7984278612276117
1.7520701185396852
1.6097324663238963
1.5065490250354792
1.4563487252553293
1.4070475002527574
1.2783847930645023
1.2761257852785692
1.2750862266769694
1.2537009580145502
1.2537009580145502
1.247617812731808
1.1730342741504967
1.1730342741504967
1.1730342741504967
1.1583451885076441
1.156853320586273
1.156531227216999
1.147910282404689
1.1431511660950586
1.143106356986858
1.1269073120385262
1.1269073120385262
1.123197233891578
1.104947934944908
1.1024263632777962
1.1024263632777962
1.1024263632777962
1.0306321707625272
1.0306321707625272
1.0305626901387248
1.0298855014916442
1.029633443891768
1.029633443891768
1.0296295851263357
1.028899244105341
1.0288838071945121
1.0249989210113228
1.024914490100544
1.0246994424982712
1.024478512573926
1.024478512573926
1.0172234880832194
1.0138617694984249
1.0138617694984249
0.9963649397348538
0.9963649397348538
0.9950435084868121
0.9950435084868121
0.9950435084868121
0.9944220062671041
0.9445990236777052
0.9375936775258353
0.9375936775258353
0.9169918829620549
0.899055050268964
0.7683337693238862
0.7576199949818927
0.7575662528182843
0.5835937542537144
0.5835937542537144
0.5449068839853717
0.5413506956327372
0.49083436249374746
0.46159193031318946
0.4587089412223563
0.4440535556187085
0.4439078150700825
0.3862082396898949
0.30930139523354816
0.27219818880298474
0.2612618679064683
0.2612618679064683
0.26029086500362564
0.26029086500362564
0.2557163342933222
0.2557163342933222
0.2553491122324236
0.2428027355109511
0.24273950283423928
0.2208672520843128
0.18872573130544756
0.18462185189710145
0.18449646247434248
0.18339209582381755
0.18339209582381755
0.18339209582381755
0.18296249597632785
0.18060564547395952
0.18051916754855746
0.1635355075466831
0.1635355075466831
0.1545941795617063
0.14978824013116965
0.1497542833352915
0.14934554938755829
0.14770051980055376
0.14770051980055376
0.1221041270076666
0.1221041270076666
0.08767694489620559
0.08767694489620559
0.08767694489620559
0.08765844739467099
0.08759153678893261
0.08759153678893261
0.08759153678893261
0.07754281510378458
0.07750539958796532
0.07739914728282404
0.07736067176874917
0.07736067176874917
0.07734949119091106
0.06919794021533532
0.06919794021533532
0.06664283201356491
0.0665464558214851
0.05397444667585183
0.05397444667585183
0.0539520549958411
0.039633352002601874
0.031762570301365534
0.03167385754728014
0.026747022830866718
0.026747022830866718
0.025514116154177646
0.025342852971593555
0.024788734625679987
0.013121557918895022
0.013100334298401184
0.011890315781866168
0.011890315781866168
0.011890315781866168
0.010699210549862448
0.010625808862820607
0.010625808862820607
0.010316927317441937
0.010316927317441937
0.010299178306598433
0.01029668146107865
0.01029668146107865
0.010296631629098218
0.010200355255469251
0.010200355255469251
0.01019891275619933
0.01019891275619933
0.010109706692300158
0.010109304467973868
0.010109304467973868
0.010109304467973868
0.010109304467973868
0.010077670910297098
0.010077670910297098
0.00989639543585863
0.007397643491767192
0.007390587664696802
0.007387255980531693
0.007387014064540676
0.007382680087933635
0.007382680087933635
0.007382680087933635
0.007382427055079521
0.005195884660760708
0.005195884660760708
0.005195884660760708
0.005177771695898059
0.005177771695898059
0.005177526213453132
0.0018070772102737331
0.0018067072923774186
0.0018067072923774186
0.0018062450386239215
0.0018061463622479623
0.0016721002524605622
0.0016720829311074326
0.0016720829311074326
0.0016720829281896554
0.0016720829281896554
0.001672080094344941
0.0016575827551872369
0.0016575827551872369
0.001135538404676617
0.0011346514683528985
0.0011346514683528985
0.0011246168411127577
0.0011246168411127577
0.0011226460576078123
0.0011226076904111704
0.001086146229924867
0.001086085688506766
0.0010860265358206833
0.0010860251987031555
0.0008887961907299013
0.0008887961907299013
0.0008887729985764814
0.0008887729985764814
0.0008833668805670047
0.0008833558029404109
0.0008832048743102616
0.0008748986843523099
0.0008344520137840705
0.0008344520137840705
0.0008344083619118425
0.0008323409502527523
0.0008322329084083924
0.0008322329084083924
0.0005855302213597646
0.0005559986795354854
0.0005559859219809171
0.000555977983303646
0.0005556440848458744
0.0005062126181866189
0.000388259928500001
0.00038805238047356916
0.0003701468583644507
0.0003701329459804281
0.0003701329459804281
0.0003701311518310435
0.0003697638675238535
0.0003697398885167402
0.0003689884209493455
0.00036898780500982387
0.00036774151955598633
0.00036774151955598633
0.00036773695955727437
0.00036773695955727437
0.0003668579616910028
0.00035354917357599547
0.0003533413556571219
0.0003533413556571219
0.0003533385181450077
0.0003533385181450077
0.00035219489430482476
0.00033932602448438764
0.00033932566984418155
0.00033932566984418155
0.00033932131889768957
0.00033931850738555536
0.00033931850738555536
0.00033931850738555536
0.00033931850738555536
0.00033931850738555536
0.00033928318080067577
0.0003311531890198838
0.0003311531890198838
0.00033106995979181875
0.0003310688868730649
0.00033106846565933434
0.00011217096172777552
0.0001121514880874086
0.0001121494612261742
0.00011214663667513669
0.00011214498452949417
0.00011214498452949417
0.00011212348632894109
0.00011212348632894109
0.00011212069299681993
0.00011204097115269374
0.00011204097115269374
0.00011204097115269374
0.00011194721158080956
0.00011194542547576791
0.00011194479872034258
0.0001119439980971082
0.0001119439980971082
0.0001119439980971082
0.00011194391173363627
0.00011184022225185775
0.00011169568815116993
0.00011169494172658112
0.00010730970870154177
0.00010730970870154177
0.00010730913609413584
9.264544924958429e-05
8.861705536178377e-05
8.799531401504357e-05
8.799502196576992e-05
8.799449801111248e-05
8.799449801111248e-05
8.799448719076786e-05
8.79939859577128e-05
8.79939859577128e-05
8.799398433856354e-05
8.799371953027713e-05
8.799368332013113e-05
8.7993180966639e-05
8.799317911278859e-05
8.799309446849701e-05
8.757803064984859e-05
8.733500300517338e-05
8.732050454107743e-05
8.73188556370641e-05
8.723328577164846e-05
8.723328577164846e-05
8.72128148889928e-05
8.703357516703925e-05
8.576667268878069e-05
8.555968302559336e-05
8.555899005646683e-05
8.555898873097156e-05
8.555836002466233e-05
8.555787354858069e-05
8.460401039422916e-05
8.460401039422916e-05
8.460389782560807e-05
8.460357909234606e-05
8.443350626918811e-05
8.443350626918811e-05
8.43047710498146e-05
8.430347874244237e-05
8.396646501795946e-05
8.396646501795946e-05
8.394301656489134e-05
8.391289468678842e-05
8.391289383025136e-05
8.390976679173434e-05
8.390974338723378e-05
8.390974297500797e-05
8.390956672621463e-05
8.390955844128634e-05
8.390955844128634e-05
8.390955844128634e-05
8.390953692771763e-05
8.390953691250758e-05
8.390953691250758e-05
8.390953580739158e-05
8.390953580739158e-05
8.390953057479944e-05
8.390953057479944e-05
8.390953057479944e-05
4.2439058332455204e-05
4.2439058332455204e-05
4.24390583274592e-05
4.24390583274592e-05
4.243905705925144e-05
4.243905705925144e-05
4.243905705925144e-05
4.2315118458313705e-05
4.227681818602669e-05
4.227555450275755e-05
4.227549059299118e-05
4.227548960533678e-05
4.227548960533678e-05
4.227548900803679e-05
4.226412888019837e-05
4.2264128856772665e-05
4.2248770364961e-05
4.213113110695943e-05
4.213113110695943e-05
4.203459795837361e-05
4.203459739426929e-05
4.2034597108497884e-05
4.200200814608035e-05
4.200200513593266e-05
4.200200513593266e-05
1.008802574253842e-06
1.008802574253842e-06
1.008802574253842e-06
1.008802543389642e-06
1.0077862377944058e-06
1.007571770128557e-06
1.007571770128557e-06
1.007571770128557e-06
1.0075712109092194e-06
1.0075712109092194e-06
1.0075712109092194e-06
1.0075712109092194e-06
1.0075712109092194e-06
1.0075712101320633e-06
1.0075710726864529e-06
1.00672344915953e-06
1.00672344915953e-06
9.935952418604899e-07
9.935952418604899e-07
9.935952418604899e-07
9.935952381967539e-07
9.935760675316985e-07
9.935495274282502e-07
9.928224656841067e-07
9.928224630195714e-07
9.928224533606311e-07
9.928218889232454e-07
9.92821885814621e-07
9.921570571780336e-07
9.921570571780336e-07
9.921570350845954e-07
9.921568905335576e-07
9.921568905335576e-07
9.921568905335576e-07
9.921561713310822e-07
9.92156101498054e-07
9.921496154641218e-07
9.921496154641218e-07
9.921496154641218e-07
9.921484621644439e-07
9.918777323925099e-07
9.890661757383512e-07
9.89066083145751e-07
9.890655731092934e-07
9.890655731092934e-07
9.890655731092934e-07
9.890653925870296e-07
9.890653925870296e-07
9.890653911437397e-07
9.889158946174703e-07
9.889158946174703e-07
9.889107289717813e-07
9.88909164778562e-07
9.88671846058331e-07
9.88671846058331e-07
9.8867183684348e-07
9.886717551310653e-07
9.886717551310653e-07
9.886717471374595e-07
9.886580156770464e-07
9.886580156770464e-07
9.886580156770464e-07
9.886580156770464e-07
9.886326445274207e-07
9.886260597946617e-07
9.885067635551081e-07
9.885048765090332e-07
9.885031799772293e-07
9.88503028653831e-07
9.885027565381677e-07
9.88502755538967e-07
9.885027546507885e-07
9.86891137810808e-07
9.86891137810808e-07
9.86891137810808e-07
9.868910392230035e-07
9.868910388899366e-07
9.868769282883605e-07
9.8671280690521e-07
9.8671280690521e-07
9.867127699347833e-07
9.867125765339324e-07
9.86316657014541e-07
9.863166028356574e-07
9.863166026136128e-07
9.863165962853415e-07
9.863164839307714e-07
9.863164839307714e-07
9.863164824874815e-07
9.859945891976807e-07
9.859945891976807e-07
9.85987135049271e-07
9.85951952969799e-07
9.859519526367322e-07
9.859519523036653e-07
9.85951948528907e-07
9.859519117805249e-07
9.859519117805249e-07
9.210955297378476e-07
5.773958725585615e-07
5.773958725585615e-07
5.773958725585615e-07
5.773958725585615e-07
5.773958725585615e-07
5.773958725585615e-07
5.773954744325849e-07
5.773954744325849e-07
5.773954744325849e-07
5.77395385281676e-07
5.77395385281676e-07
5.773953849486091e-07
5.773953849486091e-07
5.773949193210726e-07
5.773949147691582e-07
5.773948386078587e-07
5.773948386078587e-07
5.773948386078587e-07
5.773948370535464e-07
5.772259851211103e-07
5.768390832772141e-07
2.0392519117784502e-07
2.0392519117784502e-07
2.0392519117784502e-07
2.0392519117784502e-07
2.0392519117784502e-07
2.0392519117784502e-07
2.0392516841827302e-07
2.039251671970277e-07
2.039251671970277e-07
2.039251671970277e-07
2.0392516697498309e-07
2.0392516697498309e-07
2.0392244126643533e-07
2.0392244126643533e-07
2.0392244126643533e-07
2.0392244126643533e-07
2.0389988220070876e-07
2.0389814170407305e-07
2.038981398166939e-07
2.038981398166939e-07
2.038981398166939e-07
2.0389810473364633e-07
2.0389810473364633e-07
2.0220689833649885e-07
2.0220689833649885e-07
2.0220689833649885e-07
2.0220689833649885e-07
2.0220689833649885e-07
2.0220689833649885e-07
2.0220689811445425e-07
2.0220689811445425e-07
2.0220688978778156e-07
2.0220460417164077e-07
2.0220460417164077e-07
2.0220460417164077e-07
2.0220460417164077e-07
1.0194094623994232e-07
1.0194094623994232e-07
1.0194094623994232e-07
1.0194094612892002e-07
1.0192576294087985e-07
1.0192576294087985e-07
1.0192571886502577e-07
1.0192571620049051e-07
1.0192571620049051e-07
1.0192571620049051e-07
1.0192571620049051e-07
2.6247764850495514e-08
2.6247764850495514e-08
2.6247764850495514e-08
2.624776462845091e-08
2.624776462845091e-08
2.6244955098064793e-08
2.6244955098064793e-08
2.6244955098064793e-08
2.624491168834453e-08
2.624491168834453e-08
2.6244911355277623e-08
2.6244911133233018e-08
2.6244911133233018e-08
2.6244911133233018e-08
2.1441535213995166e-08
2.1441535213995166e-08
2.144153499195056e-08
2.144153488092826e-08
2.144153488092826e-08
2.144153488092826e-08
2.144153488092826e-08
2.144153488092826e-08
2.1441508457620273e-08
2.1441508457620273e-08
2.144150834659797e-08
2.144150834659797e-08
2.144150834659797e-08
2.1441508235575668e-08
2.1441508235575668e-08
2.1441508235575668e-08
2.1441508235575668e-08
2.1441508235575668e-08
2.1441508235575668e-08
2.1441508235575668e-08
2.1441508235575668e-08
2.1441508235575668e-08
2.1441508235575668e-08
2.1441508235575668e-08
2.1441508235575668e-08
2.1441508235575668e-08
2.1441508235575668e-08
2.1441508235575668e-08
2.1441507791486458e-08
2.1441507791486458e-08
2.1441507791486458e-08
2.1441507791486458e-08
2.1441507791486458e-08
2.1441507791486458e-08
2.1441507791486458e-08
2.1441507791486458e-08
2.1441461273141726e-08
2.1441461273141726e-08
2.1441461273141726e-08
2.1441461162119424e-08
2.1441461162119424e-08
2.144141542093081e-08
2.144141542093081e-08
2.144141542093081e-08
2.14414149768416e-08
2.14414149768416e-08
2.14414149768416e-08
2.14414149768416e-08
2.14414149768416e-08
2.14414149768416e-08
2.14414149768416e-08
2.14414149768416e-08
2.14414149768416e-08
2.14414149768416e-08
2.14414149768416e-08
2.14414149768416e-08
2.14414149768416e-08
2.14414149768416e-08
2.14414149768416e-08
2.14414149768416e-08
2.14414149768416e-08
2.14414149768416e-08
2.14414149768416e-08
2.14414149768416e-08
2.14414149768416e-08
2.14414149768416e-08
2.14414149768416e-08
2.14414149768416e-08
2.14414149768416e-08
2.1441397768384718e-08
2.1441397768384718e-08
2.1441397768384718e-08
2.1441397768384718e-08
2.144139510384946e-08
2.144139510384946e-08
2.144139510384946e-08
2.144139510384946e-08
2.144139510384946e-08
2.144139021886815e-08
2.1441346587103283e-08
2.1441346587103283e-08
2.1441346587103283e-08
2.1441346587103283e-08
2.1441346587103283e-08
2.1441337705319086e-08
2.144133648407376e-08
2.1439276465251567e-08
2.1439276465251567e-08
2.1439276465251567e-08
2.1439275799117752e-08
2.1439105379883472e-08
2.1439105379883472e-08
2.1439105379883472e-08
2.1439105379883472e-08
2.1439105379883472e-08
2.1439105379883472e-08
2.1439105379883472e-08
2.143910526886117e-08
2.143910526886117e-08
2.143910526886117e-08
2.143910526886117e-08
2.143910526886117e-08
2.143910526886117e-08
2.143910526886117e-08
2.143910526886117e-08
2.143910526886117e-08
2.143910526886117e-08
2.143910526886117e-08
2.143910526886117e-08
2.143910526886117e-08
2.143910526886117e-08
2.143910526886117e-08
2.143910526886117e-08
2.143910526886117e-08
2.143910526886117e-08
2.143910526886117e-08
2.143910526886117e-08
2.143910526886117e-08
2.143910526886117e-08
2.143910526886117e-08
2.143910526886117e-08
2.143910526886117e-08
2.143910526886117e-08
2.143910260432591e-08
2.143910260432591e-08
2.143910260432591e-08
2.143910260432591e-08
2.143910260432591e-08
2.143910260432591e-08
2.143910260432591e-08
2.135683929704868e-08
2.135683929704868e-08
2.135683929704868e-08
2.135683929704868e-08
2.135683929704868e-08
2.135683929704868e-08
2.135683929704868e-08
2.135683929704868e-08
2.135683929704868e-08
2.135683929704868e-08
2.135683929704868e-08
2.135683929704868e-08
2.135683929704868e-08
2.135683929704868e-08
2.135683929704868e-08
2.135683929704868e-08
2.135683929704868e-08
2.135683929704868e-08
2.135683929704868e-08
2.1356426072038914e-08
2.1356426072038914e-08
2.1356426072038914e-08
2.1356426072038914e-08
2.1356426072038914e-08
2.1356426072038914e-08
2.1356426072038914e-08
2.1356426072038914e-08
2.1356426072038914e-08
2.1356426072038914e-08
2.1356426072038914e-08
2.1356426072038914e-08
2.1356426072038914e-08
2.1356426072038914e-08
2.1356426072038914e-08
2.1356426072038914e-08
2.1356426072038914e-08
2.1356426072038914e-08
2.1356426072038914e-08
2.135641097300578e-08
2.135641097300578e-08
2.135641097300578e-08
2.135641097300578e-08
2.135641097300578e-08
1.805020544143332e-08
1.805020544143332e-08
1.805020544143332e-08
1.805020544143332e-08
1.805020544143332e-08
1.805020544143332e-08
1.805020544143332e-08
1.805020544143332e-08
1.805020544143332e-08
1.805020544143332e-08
1.805020544143332e-08
1.805020544143332e-08
1.805020544143332e-08
1.805020544143332e-08
1.805020544143332e-08
1.805020544143332e-08
1.805020544143332e-08
1.805020544143332e-08
1.805020544143332e-08
1.805020544143332e-08
1.805020544143332e-08
1.8049790440066715e-08
1.8049790440066715e-08
1.8049790440066715e-08
1.8049790440066715e-08
1.8049790440066715e-08
1.8049790440066715e-08
1.8049790440066715e-08
1.8049790440066715e-08
1.8049790440066715e-08
1.8049790440066715e-08
1.8049790440066715e-08
1.8049790440066715e-08
1.8049790440066715e-08
1.8049790440066715e-08
1.8049790440066715e-08
1.8049790440066715e-08
1.8049790440066715e-08
1.8049790440066715e-08
1.8049790440066715e-08
1.8049790440066715e-08
1.8049790440066715e-08
1.8049790440066715e-08
1.8049790440066715e-08
1.8049790440066715e-08
1.8049790440066715e-08
1.8049790440066715e-08
1.8049790440066715e-08
1.8049790440066715e-08
1.8049790440066715e-08
1.8049790440066715e-08
1.8049790440066715e-08
1.8049790440066715e-08
1.8049790440066715e-08
1.8049790440066715e-08
1.8049790440066715e-08
1.8049790440066715e-08
1.8049790440066715e-08
1.8049790440066715e-08
1.8049790440066715e-08
1.8049790440066715e-08
1.8049790440066715e-08
1.8049790440066715e-08
1.8049790440066715e-08
1.8049790440066715e-08
1.8049790440066715e-08
1.8049790440066715e-08
1.8049790440066715e-08
1.8049790440066715e-08
1.8049790440066715e-08
1.8049790440066715e-08
1.8049790440066715e-08
1.8049790440066715e-08
1.8049790440066715e-08
1.8049790440066715e-08
1.8049790440066715e-08
1.8049790440066715e-08
1.8049790440066715e-08
1.8049790440066715e-08
1.8049790440066715e-08
1.8049790440066715e-08
1.8049790440066715e-08
1.8049790440066715e-08
1.8049790440066715e-08
1.8049790440066715e-08
1.8049790440066715e-08
1.8049790440066715e-08
1.8049790440066715e-08
1.8049790440066715e-08
9.358121721980694e-09
9.358121721980694e-09
9.358121721980694e-09
9.358121721980694e-09
9.358121721980694e-09
9.358121721980694e-09
9.358121721980694e-09
9.358121721980694e-09
9.358121721980694e-09
9.358121721980694e-09
9.358121721980694e-09
8.325096167993706e-10
8.325096167993706e-10
8.325096167993706e-10
8.325096167993706e-10
8.325096167993706e-10
8.325096167993706e-10
8.325096167993706e-10
8.325096167993706e-10
8.325096167993706e-10
8.325096167993706e-10
8.325096167993706e-10
8.325096167993706e-10
8.325096167993706e-10
8.325096167993706e-10
8.325096167993706e-10
8.325096167993706e-10
8.325096167993706e-10
8.325096167993706e-10
8.325096167993706e-10
8.324553268934665e-10
8.324553268934665e-10
8.324553268934665e-10
8.324553268934665e-10
8.324553268934665e-10
8.324553268934665e-10
8.324553268934665e-10
8.324553268934665e-10
8.324553268934665e-10
8.324553268934665e-10
8.324553268934665e-10
8.324553268934665e-10
8.324553268934665e-10
8.324551048488615e-10
8.324551048488615e-10
8.324551048488615e-10
8.324551048488615e-10
8.324551048488615e-10
8.324551048488615e-10
8.324551048488615e-10
8.324551048488615e-10
8.324551048488615e-10
8.324551048488615e-10
8.324551048488615e-10
8.324551048488615e-10
8.324551048488615e-10
8.324551048488615e-10
8.324551048488615e-10
8.324551048488615e-10
8.324551048488615e-10
8.324551048488615e-10
8.324551048488615e-10
8.324551048488615e-10
8.324551048488615e-10
8.324551048488615e-10
8.324551048488615e-10
8.324551048488615e-10
8.324551048488615e-10
8.324551048488615e-10
8.324551048488615e-10
8.324551048488615e-10
8.324551048488615e-10
8.324551048488615e-10
8.324551048488615e-10
8.324551048488615e-10
8.324551048488615e-10
8.324551048488615e-10
8.324551048488615e-10
8.324551048488615e-10
8.324551048488615e-10
8.324551048488615e-10
8.324551048488615e-10
7.788456546364841e-10
7.788456546364841e-10
7.788456546364841e-10
7.788445444134595e-10
7.788445444134595e-10
7.788445444134595e-10
7.788445444134595e-10
7.788445444134595e-10
7.788445444134595e-10
7.788445444134595e-10
7.788445444134595e-10
7.788445444134595e-10
7.788445444134595e-10
7.788445444134595e-10
7.788445444134595e-10
7.788445444134595e-10
7.788445444134595e-10
7.788445444134595e-10
7.788445444134595e-10
7.788445444134595e-10
7.788445444134595e-10
7.788445444134595e-10
7.788445444134595e-10
7.788445444134595e-10
7.788445444134595e-10
7.788445444134595e-10
7.788445444134595e-10
7.788445444134595e-10
7.788445444134595e-10
7.788445444134595e-10
7.788445444134595e-10
7.788445444134595e-10
7.788445444134595e-10
7.788445444134595e-10
3.922986380189286e-10
3.922986380189286e-10
3.922986380189286e-10
3.922986380189286e-10
3.922986380189286e-10
3.922986380189286e-10
3.922986380189286e-10
3.922986380189286e-10
3.922986380189286e-10
3.922986380189286e-10
3.922986380189286e-10
3.922986380189286e-10
3.922986380189286e-10
3.922986380189286e-10
3.922986380189286e-10
3.922986380189286e-10
3.922986380189286e-10
3.922986380189286e-10
3.922986380189286e-10
3.922986380189286e-10
3.922986380189286e-10
3.922986380189286e-10
1.3990586467116373e-11
1.3990586467116373e-11
1.3990586467116373e-11
1.3990586467116373e-11
1.3990586467116373e-11
1.3990586467116373e-11
1.3990586467116373e-11
1.3990586467116373e-11
1.3990586467116373e-11
1.3990586467116373e-11
1.3990586467116373e-11
1.3990586467116373e-11
1.3990586467116373e-11
1.3990586467116373e-11
1.3990586467116373e-11
1.3990586467116373e-11
1.3990586467116373e-11
1.3990586467116373e-11
1.3990586467116373e-11
1.3990586467116373e-11
1.3990586467116373e-11
1.3990586467116373e-11
1.3990586467116373e-11
1.3990586467116373e-11
1.3990586467116373e-11
1.3990586467116373e-11
1.3990586467116373e-11
1.3990586467116373e-11
1.3990586467116373e-11
1.3990586467116373e-11
1.3990586467116373e-11
1.3990586467116373e-11
1.3990586467116373e-11
1.3990586467116373e-11
1.3990586467116373e-11
1.3990586467116373e-11
1.3990586467116373e-11
1.3990586467116373e-11
1.3990586467116373e-11
1.3990586467116373e-11
1.3990586467116373e-11
1.3990586467116373e-11
1.3990586467116373e-11
1.3990586467116373e-11
1.3990586467116373e-11
1.3990586467116373e-11
1.3990586467116373e-11
1.3990586467116373e-11
1.3990586467116373e-11
1.3990586467116373e-11
1.3990586467116373e-11
1.3990586467116373e-11
1.3990586467116373e-11
1.3990586467116373e-11
1.3990586467116373e-11
1.3990586467116373e-11
1.3990586467116373e-11
1.3990586467116373e-11
1.3990586467116373e-11
1.3990586467116373e-11
1.3990586467116373e-11
1.3990586467116373e-11
1.3990586467116373e-11
1.3990586467116373e-11
1.3990586467116373e-11
1.3990586467116373e-11
1.3990586467116373e-11
1.3990586467116373e-11
1.3990586467116373e-11
1.3990586467116373e-11
1.3990586467116373e-11
1.3990586467116373e-11
1.3990586467116373e-11
1.3990586467116373e-11
1.3990586467116373e-11
1.3990586467116373e-11
1.3990586467116373e-11
1.3990586467116373e-11
1.3990586467116373e-11
1.3990586467116373e-11
1.3990586467116373e-11
1.3990586467116373e-11
1.3990586467116373e-11
1.3990586467116373e-11
1.3990586467116373e-11
1.3990586467116373e-11
1.3990586467116373e-11
1.3990586467116373e-11
1.3990586467116373e-11
1.3990586467116373e-11
1.3990586467116373e-11
1.3990586467116373e-11
1.3990586467116373e-11
1.3990586467116373e-11
1.3990586467116373e-11
1.3990586467116373e-11
1.3990586467116373e-11
1.3990586467116373e-11
1.3990586467116373e-11
1.3990586467116373e-11
1.3990586467116373e-11
1.3990586467116373e-11
1.3990586467116373e-11
1.3990586467116373e-11
1.3990586467116373e-11
1.3990586467116373e-11
1.3990586467116373e-11
1.3990586467116373e-11
1.3990586467116373e-11
1.3990586467116373e-11
1.3990586467116373e-11
1.3990586467116373e-11
1.3990586467116373e-11
1.3990586467116373e-11
1.3990586467116373e-11
1.3990586467116373e-11
1.3990586467116373e-11
1.3990586467116373e-11
1.3990586467116373e-11
1.3990586467116373e-11
1.0210832179780027e-11
1.0210832179780027e-11
1.0210832179780027e-11
1.0210832179780027e-11
1.0210832179780027e-11
1.0210832179780027e-11
2.112754415861673e-12
2.112754415861673e-12
2.112754415861673e-12
2.112754415861673e-12
2.112754415861673e-12
2.112754415861673e-12
2.112754415861673e-12
2.112754415861673e-12
2.1126433935592104e-12
2.1126433935592104e-12
2.1126433935592104e-12
2.1126433935592104e-12
2.1126433935592104e-12
2.1126433935592104e-12
2.1126433935592104e-12
2.1126433935592104e-12
2.1126433935592104e-12
2.1126433935592104e-12
2.1126433935592104e-12
2.1126433935592104e-12
2.1126433935592104e-12
2.1126433935592104e-12
2.1126433935592104e-12
2.1126433935592104e-12
2.1126433935592104e-12
2.1126433935592104e-12
2.1126433935592104e-12
2.1126433935592104e-12
2.1126433935592104e-12
2.1126433935592104e-12
2.1126433935592104e-12
2.1126433935592104e-12
2.1126433935592104e-12
2.1126433935592104e-12
2.1126433935592104e-12
2.1126433935592104e-12
2.1126433935592104e-12
2.1126433935592104e-12
2.1126433935592104e-12
2.1126433935592104e-12
2.1126433935592104e-12
2.1126433935592104e-12
2.1126433935592104e-12
2.1126433935592104e-12
2.1126433935592104e-12
8.804068585277491e-14
8.804068585277491e-14
8.804068585277491e-14
8.804068585277491e-14
8.804068585277491e-14
8.804068585277491e-14
8.804068585277491e-14
8.804068585277491e-14
8.804068585277491e-14
8.804068585277491e-14
8.804068585277491e-14
8.804068585277491e-14
8.804068585277491e-14
8.804068585277491e-14
8.804068585277491e-14
8.804068585277491e-14
8.804068585277491e-14
8.804068585277491e-14
8.804068585277491e-14
1.1324274851176597e-14
1.1324274851176597e-14
1.1324274851176597e-14
1.1324274851176597e-14
1.1324274851176597e-14
1.1324274851176597e-14
1.1324274851176597e-14
1.1324274851176597e-14
1.1324274851176597e-14
1.1324274851176597e-14
1.1324274851176597e-14
1.1324274851176597e-14
1.1324274851176597e-14
1.1324274851176597e-14
1.1324274851176597e-14
1.1324274851176597e-14
1.1324274851176597e-14
1.1324274851176597e-14
1.1324274851176597e-14
1.1324274851176597e-14
1.1324274851176597e-14
1.1324274851176597e-14
1.1324274851176597e-14
1.1324274851176597e-14
1.1324274851176597e-14
1.1324274851176597e-14
1.1324274851176597e-14
1.1324274851176597e-14
1.1324274851176597e-14
1.1324274851176597e-14
1.1324274851176597e-14
1.1324274851176597e-14
1.1324274851176597e-14
1.1324274851176597e-14
1.1324274851176597e-14
1.1324274851176597e-14
1.1324274851176597e-14
1.1324274851176597e-14
1.1324274851176597e-14
1.1324274851176597e-14
1.1324274851176597e-14
1.1324274851176597e-14
1.1324274851176597e-14
1.1324274851176597e-14
1.1324274851176597e-14
1.1324274851176597e-14
1.1324274851176597e-14
1.1324274851176597e-14
1.1324274851176597e-14
1.1324274851176597e-14
1.1213252548714081e-14
1.1213252548714081e-14
1.1213252548714081e-14
1.1213252548714081e-14
1.1213252548714081e-14
1.1213252548714081e-14
1.1213252548714081e-14
1.1213252548714081e-14
1.1213252548714081e-14
1.1213252548714081e-14
1.1213252548714081e-14
1.1213252548714081e-14
1.1213252548714081e-14
1.1213252548714081e-14
1.1213252548714081e-14
1.1213252548714081e-14
1.1213252548714081e-14
1.1213252548714081e-14
1.1213252548714081e-14
1.1213252548714081e-14
1.1213252548714081e-14
1.1213252548714081e-14
1.1213252548714081e-14
1.1213252548714081e-14
1.1213252548714081e-14
1.1213252548714081e-14
1.1213252548714081e-14
1.1213252548714081e-14
1.1213252548714081e-14
6.8833827526759706e-15
6.8833827526759706e-15
6.8833827526759706e-15
6.8833827526759706e-15
6.8833827526759706e-15
6.8833827526759706e-15
6.8833827526759706e-15
6.8833827526759706e-15
6.8833827526759706e-15
6.8833827526759706e-15
6.8833827526759706e-15
6.8833827526759706e-15
6.8833827526759706e-15
6.8833827526759706e-15
6.8833827526759706e-15
6.8833827526759706e-15
6.8833827526759706e-15
6.8833827526759706e-15
6.8833827526759706e-15
6.8833827526759706e-15
6.8833827526759706e-15
6.8833827526759706e-15
6.8833827526759706e-15
6.8833827526759706e-15
6.8833827526759706e-15
6.8833827526759706e-15
6.8833827526759706e-15
6.8833827526759706e-15
6.8833827526759706e-15
6.8833827526759706e-15
6.8833827526759706e-15
6.8833827526759706e-15
6.8833827526759706e-15
6.8833827526759706e-15
3.3306690738754696e-16
3.3306690738754696e-16
3.3306690738754696e-16
3.3306690738754696e-16
3.3306690738754696e-16
3.3306690738754696e-16
3.3306690738754696e-16
3.3306690738754696e-16
3.3306690738754696e-16
3.3306690738754696e-16
3.3306690738754696e-16
3.3306690738754696e-16
3.3306690738754696e-16
3.3306690738754696e-16
3.3306690738754696e-16
3.3306690738754696e-16
3.3306690738754696e-16
3.3306690738754696e-16
3.3306690738754696e-16
3.3306690738754696e-16
3.3306690738754696e-16
3.3306690738754696e-16
3.3306690738754696e-16
3.3306690738754696e-16
3.3306690738754696e-16
3.3306690738754696e-16
3.3306690738754696e-16
3.3306690738754696e-16
3.3306690738754696e-16
3.3306690738754696e-16
3.3306690738754696e-16
3.3306690738754696e-16
3.3306690738754696e-16
3.3306690738754696e-16
3.3306690738754696e-16
3.3306690738754696e-16
3.3306690738754696e-16
3.3306690738754696e-16
3.3306690738754696e-16
3.3306690738754696e-16
3.3306690738754696e-16
3.3306690738754696e-16
3.3306690738754696e-16
3.3306690738754696e-16
3.3306690738754696e-16
3.3306690738754696e-16
3.3306690738754696e-16
3.3306690738754696e-16
3.3306690738754696e-16
3.3306690738754696e-16
3.3306690738754696e-16
3.3306690738754696e-16
3.3306690738754696e-16
3.3306690738754696e-16
3.3306690738754696e-16
3.3306690738754696e-16
3.3306690738754696e-16
3.3306690738754696e-16
3.3306690738754696e-16
3.3306690738754696e-16
3.3306690738754696e-16
3.3306690738754696e-16
3.3306690738754696e-16
3.3306690738754696e-16
3.3306690738754696e-16
3.3306690738754696e-16
3.3306690738754696e-16
3.3306690738754696e-16
3.3306690738754696e-16
3.3306690738754696e-16
3.3306690738754696e-16
3.3306690738754696e-16
3.3306690738754696e-16
3.3306690738754696e-16
3.3306690738754696e-16
3.3306690738754696e-16
3.3306690738754696e-16
3.3306690738754696e-16
3.3306690738754696e-16
3.3306690738754696e-16
3.3306690738754696e-16
3.3306690738754696e-16
3.3306690738754696e-16
3.3306690738754696e-16
3.3306690738754696e-16
3.3306690738754696e-16
3.3306690738754696e-16
3.3306690738754696e-16
3.3306690738754696e-16
3.3306690738754696e-16
3.3306690738754696e-16
3.3306690738754696e-16
3.3306690738754696e-16
3.3306690738754696e-16
3.3306690738754696e-16
3.3306690738754696e-16
3.3306690738754696e-16
3.3306690738754696e-16
3.3306690738754696e-16
3.3306690738754696e-16
3.3306690738754696e-16
3.3306690738754696e-16
3.3306690738754696e-16
3.3306690738754696e-16
3.3306690738754696e-16
3.3306690738754696e-16
3.3306690738754696e-16
3.3306690738754696e-16
3.3306690738754696e-16
3.3306690738754696e-16
3.3306690738754696e-16
3.3306690738754696e-16
3.3306690738754696e-16
3.3306690738754696e-16
3.3306690738754696e-16
3.3306690738754696e-16
3.3306690738754696e-16
3.3306690738754696e-16
3.3306690738754696e-16
3.3306690738754696e-16
3.3306690738754696e-16
3.3306690738754696e-16
3.3306690738754696e-16
3.3306690738754696e-16
3.3306690738754696e-16
3.3306690738754696e-16
3.3306690738754696e-16
3.3306690738754696e-16
3.3306690738754696e-16
3.3306690738754696e-16
3.3306690738754696e-16
3.3306690738754696e-16
3.3306690738754696e-16
3.3306690738754696e-16
3.3306690738754696e-16
3.3306690738754696e-16
3.3306690738754696e-16
3.3306690738754696e-16
3.3306690738754696e-16
3.3306690738754696e-16
3.3306690738754696e-16
3.3306690738754696e-16
3.3306690738754696e-16
1.1102230246251565e-16
1.1102230246251565e-16
1.1102230246251565e-16
1.1102230246251565e-16
1.1102230246251565e-16
1.1102230246251565e-16
1.1102230246251565e-16
1.1102230246251565e-16
1.1102230246251565e-16
1.1102230246251565e-16
1.1102230246251565e-16
1.1102230246251565e-16
1.1102230246251565e-16
1.1102230246251565e-16
1.1102230246251565e-16
1.1102230246251565e-16
1.1102230246251565e-16
1.1102230246251565e-16
1.1102230246251565e-16
1.1102230246251565e-16
1.1102230246251565e-16
1.1102230246251565e-16
1.1102230246251565e-16
1.1102230246251565e-16
1.1102230246251565e-16
1.1102230246251565e-16
1.1102230246251565e-16
1.1102230246251565e-16
1.1102230246251565e-16
1.1102230246251565e-16
1.1102230246251565e-16
1.1102230246251565e-16
1.1102230246251565e-16
1.1102230246251565e-16
1.1102230246251565e-16
1.1102230246251565e-16
1.1102230246251565e-16
1.1102230246251565e-16
1.1102230246251565e-16
1.1102230246251565e-16
1.1102230246251565e-16
1.1102230246251565e-16
1.1102230246251565e-16
1.1102230246251565e-16
1.1102230246251565e-16
1.1102230246251565e-16
1.1102230246251565e-16
1.1102230246251565e-16
1.1102230246251565e-16
1.1102230246251565e-16
1.1102230246251565e-16
1.1102230246251565e-16
1.1102230246251565e-16
1.1102230246251565e-16
1.1102230246251565e-16
1.1102230246251565e-16
1.1102230246251565e-16
1.1102230246251565e-16
1.1102230246251565e-16
1.1102230246251565e-16
1.1102230246251565e-16
1.1102230246251565e-16
1.1102230246251565e-16
1.1102230246251565e-16
1.1102230246251565e-16
1.1102230246251565e-16
1.1102230246251565e-16
1.1102230246251565e-16
1.1102230246251565e-16
1.1102230246251565e-16
1.1102230246251565e-16
1.1102230246251565e-16
1.1102230246251565e-16
1.1102230246251565e-16
1.1102230246251565e-16
1.1102230246251565e-16
1.1102230246251565e-16
1.1102230246251565e-16
1.1102230246251565e-16
1.1102230246251565e-16
1.1102230246251565e-16
1.1102230246251565e-16
1.1102230246251565e-16
1.1102230246251565e-16
1.1102230246251565e-16
1.1102230246251565e-16
1.1102230246251565e-16
1.1102230246251565e-16
1.1102230246251565e-16
1.1102230246251565e-16
1.1102230246251565e-16
1.1102230246251565e-16
1.1102230246251565e-16
1.1102230246251565e-16
1.1102230246251565e-16
1.1102230246251565e-16
1.1102230246251565e-16
1.1102230246251565e-16
1.1102230246251565e-16
1.1102230246251565e-16
1.1102230246251565e-16
1.1102230246251565e-16
1.1102230246251565e-16
1.1102230246251565e-16
1.1102230246251565e-16
1.1102230246251565e-16
1.1102230246251565e-16
1.1102230246251565e-16
1.1102230246251565e-16
1.1102230246251565e-16
1.1102230246251565e-16
1.1102230246251565e-16
1.1102230246251565e-16
1.1102230246251565e-16
1.1102230246251565e-16
1.1102230246251565e-16
1.1102230246251565e-16
1.1102230246251565e-16
1.1102230246251565e-16
1.1102230246251565e-16
1.1102230246251565e-16
1.1102230246251565e-16
1.1102230246251565e-16
1.1102230246251565e-16
1.1102230246251565e-16
1.1102230246251565e-16
1.1102230246251565e-16
1.1102230246251565e-16
1.1102230246251565e-16
1.1102230246251565e-16
1.1102230246251565e-16
1.1102230246251565e-16
1.1102230246251565e-16
1.1102230246251565e-16
1.1102230246251565e-16
1.1102230246251565e-16
1.1102230246251565e-16
1.1102230246251565e-16
1.1102230246251565e-16
1.1102230246251565e-16
1.1102230246251565e-16
1.1102230246251565e-16
1.1102230246251565e-16
1.1102230246251565e-16
1.1102230246251565e-16
1.1102230246251565e-16
1.1102230246251565e-16
1.1102230246251565e-16
1.1102230246251565e-16
1.1102230246251565e-16
1.1102230246251565e-16
1.1102230246251565e-16
1.1102230246251565e-16
1.1102230246251565e-16
0.0
0.0
0.0
0.0
0.0
0.0
0.0
0.0
0.0
0.0
0.0
0.0
0.0
0.0
0.0
0.0
0.0
0.0
0.0
0.0
0.0
0.0
0.0
0.0
0.0
0.0
0.0
0.0
0.0
0.0
0.0
0.0
0.0
0.0
0.0
0.0
0.0
0.0
0.0
0.0
0.0
0.0
0.0
0.0
0.0
0.0
0.0
0.0
0.0
0.0
0.0
0.0
0.0
0.0
0.0
0.0
0.0
0.0
0.0
0.0
0.0
0.0
0.0
0.0
0.0
0.0
0.0
0.0
0.0
0.0
0.0
0.0
0.0
0.0
0.0
0.0
0.0
0.0
0.0
0.0
0.0
0.0
0.0
0.0
0.0
0.0
0.0
0.0
0.0
0.0
0.0
0.0
0.0
0.0
0.0
0.0
0.0
0.0
0.0
0.0
0.0
0.0
0.0
0.0
0.0
0.0
0.0
0.0
0.0
0.0
0.0
0.0
0.0
0.0
0.0
0.0
0.0
0.0
0.0
0.0
0.0
0.0
0.0
0.0
0.0
0.0
0.0
0.0
0.0
0.0
0.0
0.0
0.0
0.0
0.0
0.0
0.0
0.0
0.0
0.0
0.0
0.0
0.0
0.0
0.0
0.0
0.0
0.0
0.0
0.0
0.0
0.0
0.0
0.0
0.0
0.0
0.0
0.0
0.0
0.0
0.0
0.0
0.0
0.0
0.0
0.0
0.0
0.0
0.0
0.0
0.0
0.0
0.0
0.0
0.0
0.0
0.0
0.0
0.0
0.0
0.0
0.0
0.0
0.0
0.0
0.0
0.0
0.0
0.0
0.0
0.0
0.0
0.0
0.0
0.0
0.0
0.0
0.0
0.0
0.0
0.0
0.0
0.0
0.0
0.0
0.0
0.0
0.0
0.0
0.0
0.0
0.0
0.0
0.0
0.0
0.0
0.0
0.0
0.0
0.0
0.0
0.0
0.0
0.0
0.0
0.0
0.0
0.0
0.0
0.0
0.0
0.0
0.0
0.0
0.0
0.0
0.0
0.0
0.0
0.0
0.0
0.0
0.0
0.0
0.0
0.0
0.0
0.0
0.0
0.0
0.0
0.0
0.0
0.0
0.0
0.0
0.0
0.0
0.0
0.0
0.0
0.0
0.0
0.0
0.0
0.0
0.0
0.0
0.0
0.0
0.0
0.0
0.0
0.0
0.0
0.0
0.0
0.0
0.0
0.0
0.0
0.0
0.0
0.0
0.0
0.0
0.0
0.0
0.0
0.0
0.0
0.0
0.0
0.0
0.0
0.0
0.0
0.0
0.0
0.0
0.0
0.0
0.0
0.0
0.0
0.0
0.0
0.0
0.0
0.0
0.0
0.0
0.0
0.0
0.0
0.0
0.0
0.0
0.0
0.0
0.0
0.0
0.0
0.0
0.0
0.0
0.0
0.0
0.0
0.0
0.0
0.0
0.0
0.0
0.0
0.0
0.0
0.0
0.0
0.0
0.0
0.0
0.0
0.0
0.0
0.0
0.0
0.0
0.0
0.0
0.0
0.0
0.0
0.0
0.0
0.0
0.0
0.0
0.0
0.0
0.0
0.0
0.0
0.0
0.0
0.0
0.0
0.0
0.0
0.0
0.0
0.0
0.0
0.0
0.0
0.0
0.0
0.0
0.0
0.0
0.0
0.0
0.0
0.0
0.0
0.0
0.0
0.0
0.0
0.0
0.0
0.0
0.0
0.0
0.0
0.0
0.0
0.0
0.0
0.0
0.0
0.0
0.0
0.0
0.0
0.0
0.0
0.0
0.0
0.0
0.0
0.0
0.0
0.0
0.0
0.0
0.0
0.0
0.0
0.0
0.0
0.0
0.0
0.0
0.0
0.0
0.0
0.0
0.0
0.0
0.0
0.0
0.0
0.0
0.0
0.0
0.0
0.0
0.0
0.0
0.0
0.0
0.0
0.0
0.0
0.0
0.0
0.0
0.0
0.0
0.0
0.0
0.0
0.0
0.0
0.0
0.0
0.0
0.0
0.0
0.0
0.0
0.0
0.0
0.0
0.0
0.0
0.0
0.0
0.0
0.0
0.0
0.0
0.0
0.0
0.0
0.0
0.0
0.0
0.0
0.0
0.0
0.0
0.0
0.0
0.0
0.0
0.0
0.0
0.0
0.0
0.0
0.0
0.0
0.0
0.0
0.0
0.0
0.0
0.0
0.0
0.0
0.0
0.0
0.0
0.0
0.0
0.0
0.0
0.0
0.0
0.0
0.0
0.0
0.0
0.0
0.0
0.0
0.0
0.0
0.0
0.0
0.0
0.0
0.0
0.0
0.0
0.0
0.0
0.0
0.0
0.0
0.0
0.0
0.0
0.0
0.0
0.0
0.0
0.0
0.0
0.0
0.0
0.0
0.0
0.0
0.0
0.0
0.0
0.0
0.0
0.0
0.0
0.0
0.0
0.0
0.0
0.0
0.0
0.0
0.0
0.0
0.0
0.0
0.0
0.0
0.0
0.0
0.0
0.0
0.0
0.0
0.0
0.0
0.0
0.0
0.0
0.0
0.0
0.0
0.0
0.0
0.0
0.0
0.0
0.0
0.0
0.0
0.0
0.0
0.0
0.0
0.0
0.0
0.0
0.0
0.0
0.0
0.0
0.0
0.0
0.0
0.0
0.0
0.0
0.0
0.0
0.0
0.0
0.0
0.0
0.0
0.0
0.0
0.0
0.0
0.0
0.0
0.0
0.0
0.0
0.0
0.0
0.0
0.0
0.0
0.0
0.0
0.0
0.0
0.0
0.0
0.0
0.0
0.0
0.0
0.0
0.0
0.0
0.0
0.0
0.0
0.0
0.0
0.0
0.0
0.0
0.0
0.0
0.0
0.0
0.0
0.0
0.0
0.0
0.0
0.0
0.0
0.0
0.0
0.0
0.0
0.0
0.0
0.0
0.0
0.0
0.0
0.0
0.0
0.0
0.0
0.0
0.0
0.0
0.0
0.0
0.0
0.0
0.0
0.0
0.0
0.0
0.0
0.0
0.0
0.0
0.0
0.0
0.0
0.0
0.0
0.0
0.0
0.0
0.0
0.0
0.0
0.0
0.0
0.0
0.0
0.0
0.0
0.0
0.0
0.0
0.0
0.0
0.0
0.0
0.0
0.0
0.0
0.0
0.0
0.0
0.0
0.0
0.0
0.0
0.0
0.0
0.0
0.0
0.0
0.0
0.0
0.0
0.0
0.0
0.0
0.0
0.0
0.0
0.0
0.0
0.0
0.0
0.0
0.0
0.0
0.0
0.0
0.0
0.0
0.0
0.0
0.0
0.0
0.0
0.0
0.0
0.0
0.0
0.0
0.0
0.0
0.0
0.0
0.0
0.0
0.0
0.0
0.0
0.0
0.0
0.0
0.0
0.0
0.0
0.0
0.0
0.0
0.0
0.0
0.0
0.0
0.0
0.0
0.0
0.0
0.0
0.0
0.0
0.0
0.0
0.0
0.0
0.0
0.0
0.0
0.0
0.0
0.0
0.0
0.0
0.0
0.0
0.0
0.0
0.0
0.0
0.0
0.0
0.0
0.0
0.0
0.0
0.0
0.0
0.0
0.0
0.0
0.0
0.0
0.0
0.0
0.0
0.0
0.0
0.0
0.0
0.0
0.0
0.0
0.0
0.0
0.0
0.0
0.0
0.0
0.0
0.0
0.0
0.0
0.0
0.0
0.0
0.0
0.0
0.0
0.0
0.0
0.0
0.0
0.0
0.0
0.0
0.0
0.0
0.0
0.0
0.0
0.0
0.0
0.0
0.0
0.0
0.0
0.0
0.0
0.0
0.0
0.0
0.0
0.0
0.0
0.0
0.0
0.0
0.0
0.0
0.0
0.0
0.0
0.0
0.0
0.0
0.0
0.0
0.0
0.0
0.0
0.0
0.0
0.0
0.0
0.0
0.0
0.0
0.0
0.0
0.0
0.0
0.0
0.0
0.0
0.0
0.0
0.0
0.0
0.0
0.0
0.0
0.0
0.0
0.0
0.0
0.0
0.0
0.0
0.0
0.0
0.0
0.0
0.0
0.0
0.0
0.0
0.0
0.0
0.0
0.0
0.0
0.0
0.0
0.0
0.0
0.0
0.0
0.0
0.0
0.0
0.0
0.0
0.0
0.0
0.0
0.0
0.0
0.0
0.0
0.0
0.0
0.0
0.0
0.0
0.0
0.0
0.0
0.0
0.0
0.0
0.0
0.0
0.0
0.0
0.0
0.0
0.0
0.0
0.0
0.0
0.0
0.0
0.0
0.0
0.0
0.0
0.0
0.0
0.0
0.0
0.0
0.0
0.0
0.0
0.0
0.0
0.0
0.0
0.0
0.0
0.0
0.0
0.0
0.0
0.0
0.0
0.0
0.0
0.0
0.0
0.0
0.0
0.0
0.0
0.0
0.0
0.0
0.0
0.0
0.0
0.0
0.0
0.0
0.0
0.0
0.0
0.0
0.0
0.0
0.0
0.0
0.0
0.0
0.0
0.0
0.0
0.0
0.0
0.0
0.0
0.0
0.0
0.0
0.0
0.0
0.0
0.0
0.0
0.0
0.0
0.0
0.0
0.0
0.0
0.0
0.0
0.0
0.0
0.0
0.0
0.0
0.0
0.0
0.0
0.0
0.0
0.0
0.0
0.0
0.0
0.0
0.0
0.0
0.0
0.0
0.0
0.0
0.0
0.0
0.0
0.0
0.0
0.0
0.0
0.0
0.0
0.0
0.0
0.0
0.0
0.0
0.0
0.0
0.0
0.0
0.0
0.0
0.0
0.0
0.0
0.0
0.0
0.0
0.0
0.0
0.0
0.0
0.0
0.0
0.0
0.0
0.0
0.0
0.0
0.0
0.0
0.0
0.0
0.0
0.0
0.0
0.0
0.0
0.0
0.0
0.0
0.0
0.0
0.0
0.0
0.0
0.0
0.0
0.0
0.0
0.0
0.0
0.0
0.0
0.0
0.0
0.0
0.0
0.0
0.0
0.0
0.0
0.0
0.0
0.0
0.0
0.0
0.0
0.0
0.0
0.0
0.0
0.0
0.0
0.0
0.0
0.0
0.0
0.0
0.0
0.0
0.0
0.0
0.0
0.0
0.0
0.0
0.0
0.0
0.0
0.0
0.0
0.0
0.0
0.0
0.0
0.0
0.0
0.0
0.0
0.0
0.0
0.0
0.0
0.0
0.0
0.0
0.0
0.0
0.0
0.0
0.0
0.0
0.0
0.0
0.0
0.0
0.0
0.0
0.0
0.0
0.0
0.0
0.0
0.0
0.0
0.0
0.0
0.0
0.0
0.0
0.0
0.0
0.0
0.0
0.0
0.0
0.0
0.0
0.0
0.0
0.0
0.0
0.0
0.0
0.0
0.0
0.0
0.0
0.0
0.0
0.0
0.0
0.0
0.0
0.0
0.0
0.0
0.0
0.0
0.0
0.0
0.0
0.0
0.0
0.0
0.0
0.0
0.0
0.0
0.0
0.0
0.0
0.0
0.0
0.0
0.0
0.0
0.0
0.0
0.0
0.0
0.0
0.0
0.0
0.0
0.0
0.0
0.0
0.0
0.0
0.0
0.0
0.0
0.0
0.0
0.0
0.0
0.0
0.0
0.0
0.0
0.0
0.0
0.0
0.0
0.0
0.0
0.0
0.0
0.0
0.0
0.0
0.0
0.0
0.0
0.0
0.0
0.0
0.0
0.0
0.0
0.0
0.0
0.0
0.0
0.0
0.0
0.0
0.0
0.0
0.0
0.0
0.0
0.0
0.0
0.0
0.0
0.0
0.0
0.0
0.0
0.0
0.0
0.0
0.0
0.0
0.0
0.0
0.0
0.0
0.0
0.0
0.0
0.0
0.0
0.0
0.0
0.0
0.0
0.0
0.0
0.0
0.0
0.0
0.0
0.0
0.0
0.0
0.0
0.0
0.0
0.0
0.0
0.0
0.0
0.0
0.0
0.0
0.0
0.0
0.0
0.0
0.0
0.0
0.0
0.0
0.0
0.0
0.0
0.0
0.0
0.0
0.0
0.0
0.0
0.0
0.0
0.0
0.0
0.0
0.0
0.0
0.0
0.0
0.0
0.0
0.0
0.0
0.0
0.0
0.0
0.0
0.0
0.0
0.0
0.0
0.0
0.0
0.0
0.0
0.0
0.0
0.0
0.0
0.0
0.0
0.0
0.0
0.0
0.0
0.0
0.0
0.0
0.0
0.0
0.0
0.0
0.0
0.0
0.0
0.0
0.0
0.0
0.0
0.0
0.0
0.0
0.0
0.0
0.0
0.0
0.0
0.0
0.0
0.0
0.0
0.0
0.0
0.0
0.0
0.0
0.0
0.0
0.0
0.0
0.0
0.0
0.0
0.0
0.0
0.0
0.0
0.0
0.0
0.0
0.0
0.0
0.0
0.0
0.0
0.0
0.0
0.0
0.0
0.0
0.0
0.0
0.0
0.0
0.0
0.0
0.0
0.0
0.0
0.0
0.0
0.0
0.0
0.0
0.0
0.0
0.0
0.0
0.0
0.0
0.0
0.0
0.0
0.0
0.0
0.0
0.0
0.0
0.0
0.0
0.0
0.0
0.0
0.0
0.0
0.0
0.0
0.0
0.0
0.0
0.0
0.0
0.0
0.0
0.0
0.0
0.0
0.0
0.0
0.0
0.0
0.0
0.0
0.0
0.0
0.0
0.0
0.0
0.0
0.0
0.0
0.0
0.0
0.0
0.0
0.0
0.0
0.0
0.0
0.0
0.0
0.0
0.0
0.0
0.0
0.0
0.0
0.0
0.0
0.0
0.0
0.0
0.0
0.0
0.0
0.0
0.0
0.0
0.0
0.0
0.0
0.0
0.0
0.0
0.0
0.0
0.0
0.0
0.0
0.0
0.0
0.0
0.0
0.0
0.0
0.0
0.0
0.0
0.0
0.0
0.0
0.0
0.0
0.0
0.0
0.0
0.0
0.0
0.0
0.0
0.0
0.0
0.0
0.0
0.0
0.0
0.0
0.0
0.0
0.0
0.0
0.0
0.0
0.0
0.0
0.0
0.0
0.0
0.0
0.0
0.0
0.0
0.0
0.0
0.0
0.0
0.0
0.0
0.0
0.0
0.0
0.0
0.0
0.0
0.0
0.0
0.0
0.0
0.0
0.0
0.0
0.0
0.0
0.0
0.0
0.0
0.0
0.0
0.0
0.0
0.0
0.0
0.0
0.0
0.0
0.0
0.0
0.0
0.0
0.0
0.0
0.0
0.0
0.0
0.0
0.0
0.0
0.0
0.0
0.0
0.0
0.0
0.0
0.0
0.0
0.0
0.0
0.0
0.0
0.0
0.0
0.0
0.0
0.0
0.0
0.0
0.0
0.0
0.0
0.0
0.0
0.0
0.0
0.0
0.0
0.0
0.0
0.0
0.0
0.0
0.0
0.0
0.0
0.0
0.0
0.0
0.0
0.0
0.0
0.0
0.0
0.0
0.0
0.0
0.0
0.0
0.0
0.0
0.0
0.0
0.0
0.0
0.0
0.0
0.0
0.0
0.0
0.0
0.0
0.0
0.0
0.0
0.0
0.0
0.0
0.0
0.0
0.0
0.0
0.0
0.0
0.0
0.0
0.0
0.0
0.0
0.0
0.0
0.0
0.0
0.0
0.0
0.0
0.0
0.0
0.0
0.0
0.0
0.0
0.0
0.0
0.0
0.0
0.0
0.0
0.0
0.0
0.0
0.0
0.0
0.0
0.0
0.0
0.0
0.0
0.0
0.0
0.0
0.0
0.0
0.0
0.0
0.0
0.0
0.0
0.0
0.0
0.0
0.0
0.0
0.0
0.0
0.0
0.0
0.0
0.0
0.0
0.0
0.0
0.0
0.0
0.0
0.0
0.0
0.0
0.0
0.0
0.0
0.0
0.0
0.0
0.0
0.0
0.0
0.0
0.0
0.0
0.0
0.0
0.0
0.0
0.0
0.0
0.0
0.0
0.0
0.0
0.0
0.0
0.0
0.0
0.0
0.0
0.0
0.0
0.0
0.0
0.0
0.0
0.0
0.0
0.0
0.0
0.0
0.0
0.0
0.0
0.0
0.0
0.0
0.0
0.0
0.0
0.0
0.0
0.0
0.0
0.0
0.0
0.0
0.0
0.0
0.0
0.0
0.0
0.0
0.0
0.0
0.0
0.0
0.0
0.0
0.0
0.0
0.0
0.0
0.0
0.0
0.0
0.0
0.0
0.0
0.0
0.0
0.0
0.0
0.0
0.0
0.0
0.0
0.0
0.0
0.0
0.0
0.0
0.0
0.0
0.0
0.0
0.0
0.0
0.0
0.0
0.0
0.0
0.0
0.0
0.0
0.0
0.0
0.0
0.0
0.0
0.0
0.0
0.0
0.0
0.0
0.0
0.0
0.0
0.0
0.0
0.0
0.0
0.0
0.0
0.0
0.0
0.0
0.0
0.0
0.0
0.0
0.0
0.0
0.0
0.0
0.0
0.0
0.0
0.0
0.0
0.0
0.0
0.0
0.0
0.0
0.0
0.0
0.0
0.0
0.0
0.0
0.0
0.0
0.0
0.0
0.0
0.0
0.0
0.0
0.0
0.0
0.0
0.0
0.0
0.0
0.0
0.0
0.0
0.0
0.0
0.0
0.0
0.0
0.0
0.0
0.0
0.0
0.0
0.0
0.0
0.0
0.0
0.0
0.0
0.0
0.0
0.0
0.0
0.0
0.0
0.0
0.0
0.0
0.0
0.0
0.0
0.0
0.0
0.0
0.0
0.0
0.0
0.0
0.0
0.0
0.0
0.0
0.0
0.0
0.0
0.0
0.0
0.0
0.0
0.0
0.0
0.0
0.0
0.0
0.0
0.0
0.0
0.0
0.0
0.0
0.0
0.0
0.0
0.0
0.0
0.0
0.0
0.0
0.0
0.0
0.0
0.0
0.0
0.0
0.0
0.0
0.0
0.0
0.0
0.0
0.0
0.0
0.0
0.0
0.0
0.0
0.0
0.0
0.0
0.0
0.0
0.0
0.0
0.0
0.0
0.0
0.0
0.0
0.0
0.0
0.0
0.0
0.0
0.0
0.0
0.0
0.0
0.0
0.0
0.0
0.0
0.0
0.0
0.0
0.0
0.0
0.0
0.0
0.0
0.0
0.0
0.0
0.0
0.0
0.0
0.0
0.0
0.0
0.0
0.0
0.0
0.0
0.0
0.0
0.0
0.0
0.0
0.0
0.0
0.0
0.0
0.0
0.0
0.0
0.0
0.0
0.0
0.0
0.0
0.0
0.0
0.0
0.0
0.0
0.0
0.0
0.0
0.0
0.0
0.0
0.0
0.0
0.0
0.0
0.0
0.0
0.0
0.0
0.0
0.0
0.0
0.0
0.0
0.0
0.0
0.0
0.0
0.0
0.0
0.0
0.0
0.0
0.0
0.0
0.0
0.0
0.0
0.0
0.0
0.0
0.0
0.0
0.0
0.0
0.0
0.0
0.0
0.0
0.0
0.0
0.0
0.0
0.0
0.0
0.0
0.0
0.0
0.0
0.0
0.0
0.0
0.0
0.0
0.0
0.0
0.0
0.0
0.0
0.0
0.0
0.0
0.0
0.0
0.0
0.0
0.0
0.0
0.0
0.0
0.0
0.0
0.0
0.0
0.0
0.0
0.0
0.0
0.0
0.0
0.0
0.0
0.0
0.0
0.0
0.0
0.0
0.0
0.0
0.0
0.0
0.0
0.0
0.0
0.0
0.0
0.0
0.0
0.0
0.0
0.0
0.0
0.0
0.0
0.0
0.0
0.0
0.0
0.0
0.0
0.0
0.0
0.0
0.0
0.0
0.0
0.0
0.0
0.0
0.0
0.0
0.0
0.0
0.0
0.0
0.0
0.0
0.0
0.0
0.0
0.0
0.0
0.0
0.0
0.0
0.0
0.0
0.0
0.0
0.0
0.0
0.0
0.0
0.0
0.0
0.0
0.0
0.0
0.0
0.0
0.0
0.0
0.0
0.0
0.0
0.0
0.0
0.0
0.0
0.0
0.0
0.0
0.0
0.0
0.0
0.0
0.0
0.0
0.0
0.0
0.0
0.0
0.0
0.0
0.0
0.0
0.0
0.0
0.0
0.0
0.0
0.0
0.0
0.0
0.0
0.0
0.0
0.0
0.0
0.0
0.0
0.0
0.0
0.0
0.0
0.0
0.0
0.0
0.0
0.0
0.0
0.0
0.0
0.0
0.0
0.0
0.0
0.0
0.0
0.0
0.0
0.0
0.0
0.0
0.0
0.0
0.0
0.0
0.0
0.0
0.0
0.0
0.0
0.0
0.0
0.0
0.0
0.0
0.0
0.0
0.0
0.0
0.0
0.0
0.0
0.0
0.0
0.0
0.0
0.0
0.0
0.0
0.0
0.0
0.0
0.0
0.0
0.0
0.0
0.0
0.0
0.0
0.0
0.0
0.0
0.0
0.0
0.0
0.0
0.0
0.0
0.0
0.0
0.0
0.0
0.0
0.0
0.0
0.0
0.0
0.0
0.0
0.0
0.0
0.0
0.0
0.0
0.0
0.0
0.0
0.0
0.0
0.0
0.0
0.0
0.0
0.0
0.0
0.0
0.0
0.0
0.0
0.0
0.0
0.0
0.0
0.0
0.0
0.0
0.0
0.0
0.0
0.0
0.0
0.0
0.0
0.0
0.0
0.0
0.0
0.0
0.0
0.0
0.0
0.0
0.0
0.0
0.0
0.0
0.0
0.0
0.0
0.0
0.0
0.0
0.0
0.0
0.0
0.0
0.0
0.0
0.0
0.0
0.0
0.0
0.0
0.0
0.0
0.0
0.0
0.0
0.0
0.0
0.0
0.0
0.0
0.0
0.0
0.0
0.0
0.0
0.0
0.0
0.0
0.0
0.0
0.0
0.0
0.0
0.0
0.0
0.0
0.0
0.0
0.0
0.0
0.0
0.0
0.0
0.0
0.0
0.0
0.0
0.0
0.0
0.0
0.0
0.0
0.0
0.0
0.0
0.0
0.0
0.0
0.0
0.0
0.0
0.0
0.0
0.0
0.0
0.0
0.0
0.0
0.0
0.0
0.0
0.0
0.0
0.0
0.0
0.0
0.0
0.0
0.0
0.0
0.0
0.0
0.0
0.0
0.0
0.0
0.0
0.0
0.0
0.0
0.0
0.0
0.0
0.0
0.0
0.0
0.0
0.0
0.0
0.0
0.0
0.0
0.0
0.0
0.0
0.0
0.0
0.0
0.0
0.0
0.0
0.0
0.0
0.0
0.0
0.0
0.0
0.0
0.0
0.0
0.0
0.0
0.0
0.0
0.0
0.0
0.0
0.0
0.0
0.0
0.0
0.0
0.0
0.0
0.0
0.0
0.0
0.0
0.0
0.0
0.0
0.0
0.0
0.0
0.0
0.0
0.0
0.0
0.0
0.0
0.0
0.0
0.0
0.0
0.0
0.0
0.0
0.0
0.0
0.0
0.0
0.0
0.0
0.0
0.0
0.0
0.0
0.0
0.0
0.0
0.0
0.0
0.0
0.0
0.0
0.0
0.0
0.0
0.0
0.0
0.0
0.0
0.0
0.0
0.0
0.0
0.0
0.0
0.0
0.0
0.0
0.0
0.0
0.0
0.0
0.0
0.0
0.0
0.0
0.0
0.0
0.0
0.0
0.0
0.0
0.0
0.0
0.0
0.0
0.0
0.0
0.0
0.0
0.0
0.0
0.0
0.0
0.0
0.0
0.0
0.0
0.0
0.0
0.0
0.0
0.0
0.0
0.0
0.0
0.0
0.0
0.0
0.0
0.0
0.0
0.0
0.0
0.0
0.0
0.0
0.0
0.0
0.0
0.0
0.0
0.0
0.0
0.0
0.0
0.0
0.0
0.0
0.0
0.0
0.0
0.0
0.0
0.0
0.0
0.0
0.0
0.0
0.0
0.0
0.0
0.0
0.0
0.0
0.0
0.0
0.0
0.0
0.0
0.0
0.0
0.0
0.0
0.0
0.0
0.0
0.0
0.0
0.0
0.0
0.0
0.0
0.0
0.0
0.0
0.0
0.0
0.0
0.0
0.0
0.0
0.0
0.0
0.0
0.0
0.0
0.0
0.0
0.0
0.0
0.0
0.0
0.0
0.0
0.0
0.0
0.0
0.0
0.0
0.0
0.0
0.0
0.0
0.0
0.0
0.0
0.0
0.0
0.0
0.0
0.0
0.0
0.0
0.0
0.0
0.0
0.0
0.0
0.0
0.0
0.0
0.0
0.0
0.0
0.0
0.0
0.0
0.0
0.0
0.0
0.0
0.0
0.0
0.0
0.0
0.0
0.0
0.0
0.0
0.0
0.0
0.0
0.0
0.0
0.0
0.0
0.0
0.0
0.0
0.0
0.0
0.0
0.0
0.0
0.0
0.0
0.0
0.0
0.0
0.0
0.0
0.0
0.0
0.0
0.0
0.0
0.0
0.0
0.0
0.0
0.0
0.0
0.0
0.0
0.0
0.0
0.0
0.0
0.0
0.0
0.0
0.0
0.0
0.0
0.0
0.0
0.0
0.0
0.0
0.0
0.0
0.0
0.0
0.0
0.0
0.0
0.0
0.0
0.0
0.0
0.0
0.0
0.0
0.0
0.0
0.0
0.0
0.0
0.0
0.0
0.0
0.0
0.0
0.0
0.0
0.0
0.0
0.0
0.0
0.0
0.0
0.0
0.0
0.0
0.0
0.0
0.0
0.0
0.0
0.0
0.0
0.0
0.0
0.0
0.0
0.0
0.0
0.0
0.0
0.0
0.0
0.0
0.0
0.0
0.0
0.0
0.0
0.0
0.0
0.0
0.0
0.0
0.0
0.0
0.0
0.0
0.0
0.0
0.0
0.0
0.0
0.0
0.0
0.0
0.0
0.0
0.0
0.0
0.0
0.0
0.0
0.0
0.0
0.0
0.0
0.0
0.0
0.0
0.0
0.0
0.0
0.0
0.0
0.0
0.0
0.0
0.0
0.0
0.0
0.0
0.0
0.0
0.0
0.0
0.0
0.0
0.0
0.0
0.0
0.0
0.0
0.0
0.0
0.0
0.0
0.0
0.0
0.0
0.0
0.0
0.0
0.0
0.0
0.0
0.0
0.0
0.0
0.0
0.0
0.0
0.0
0.0
0.0
0.0
0.0
0.0
0.0
0.0
0.0
0.0
0.0
0.0
0.0
0.0
0.0
0.0
0.0
0.0
0.0
0.0
0.0
0.0
0.0
0.0
0.0
0.0
0.0
0.0
0.0
0.0
0.0
0.0
0.0
0.0
0.0
0.0
0.0
0.0
0.0
0.0
0.0
0.0
0.0
0.0
0.0
0.0
0.0
0.0
0.0
0.0
0.0
0.0
0.0
0.0
0.0
0.0
0.0
0.0
0.0
0.0
0.0
0.0
0.0
0.0
0.0
0.0
0.0
0.0
0.0
0.0
0.0
0.0
0.0
0.0
0.0
0.0
0.0
0.0
0.0
0.0
0.0
0.0
0.0
0.0
0.0
0.0
0.0
0.0
0.0
0.0
0.0
0.0
0.0
0.0
0.0
0.0
0.0
0.0
0.0
0.0
0.0
0.0
0.0
0.0
0.0
0.0
0.0
0.0
0.0
0.0
0.0
0.0
0.0
0.0
0.0
0.0
0.0
0.0
0.0
0.0
0.0
0.0
0.0
0.0
0.0
0.0
0.0
0.0
0.0
0.0
0.0
0.0
0.0
0.0
0.0
0.0
0.0
0.0
0.0
0.0
0.0
0.0
0.0
0.0
0.0
0.0
0.0
0.0
0.0
0.0
0.0
0.0
0.0
0.0
0.0
0.0
0.0
0.0
0.0
0.0
0.0
0.0
0.0
0.0
0.0
0.0
0.0
0.0
0.0
0.0
0.0
0.0
0.0
0.0
0.0
0.0
0.0
0.0
0.0
0.0
0.0
0.0
0.0
0.0
0.0
0.0
0.0
0.0
0.0
0.0
0.0
0.0
0.0
0.0
0.0
0.0
0.0
0.0
0.0
0.0
0.0
0.0
0.0
0.0
0.0
0.0
0.0
0.0
0.0
0.0
0.0
0.0
0.0
0.0
0.0
0.0
0.0
0.0
0.0
0.0
0.0
0.0
0.0
0.0
0.0
0.0
0.0
0.0
0.0
0.0
0.0
0.0
0.0
0.0
0.0
0.0
0.0
0.0
0.0
0.0
0.0
0.0
0.0
0.0
0.0
0.0
0.0
0.0
0.0
0.0
0.0
0.0
0.0
0.0
0.0
0.0
0.0
0.0
0.0
0.0
0.0
0.0
0.0
0.0
0.0
0.0
0.0
0.0
0.0
0.0
0.0
0.0
0.0
0.0
0.0
0.0
0.0
0.0
0.0
0.0
0.0
0.0
0.0
0.0
0.0
0.0
0.0
0.0
0.0
0.0
0.0
0.0
0.0
0.0
0.0
0.0
0.0
0.0
0.0
0.0
0.0
0.0
0.0
0.0
0.0
0.0
0.0
0.0
0.0
0.0
0.0
0.0
0.0
0.0
0.0
0.0
0.0
0.0
0.0
0.0
0.0
0.0
0.0
0.0
0.0
0.0
0.0
0.0
0.0
0.0
0.0
0.0
0.0
0.0
0.0
0.0
0.0
0.0
0.0
0.0
0.0
0.0
0.0
0.0
0.0
0.0
0.0
0.0
0.0
0.0
0.0
0.0
0.0
0.0
0.0
0.0
0.0
0.0
0.0
0.0
0.0
0.0
0.0
0.0
0.0
0.0
0.0
0.0
0.0
0.0
0.0
0.0
0.0
0.0
0.0
0.0
0.0
0.0
0.0
0.0
0.0
0.0
0.0
0.0
0.0
0.0
0.0
0.0
0.0
0.0
0.0
0.0
0.0
0.0
0.0
0.0
0.0
0.0
0.0
0.0
0.0
0.0
0.0
0.0
0.0
0.0
0.0
0.0
0.0
0.0
0.0
0.0
0.0
0.0
0.0
0.0
0.0
0.0
0.0
0.0
0.0
0.0
0.0
0.0
0.0
0.0
0.0
0.0
0.0
0.0
0.0
0.0
0.0
0.0
0.0
0.0
0.0
0.0
0.0
0.0
0.0
0.0
0.0
0.0
0.0
0.0
0.0
0.0
0.0
0.0
0.0
0.0
0.0
0.0
0.0
0.0
0.0
0.0
0.0
0.0
0.0
0.0
0.0
0.0
0.0
0.0
0.0
0.0
0.0
0.0
0.0
0.0
0.0
0.0
0.0
0.0
0.0
0.0
0.0
0.0
0.0
0.0
0.0
0.0
0.0
0.0
0.0
0.0
0.0
0.0
0.0
0.0
0.0
0.0
0.0
0.0
0.0
0.0
0.0
0.0
0.0
0.0
0.0
0.0
0.0
0.0
0.0
0.0
0.0
0.0
0.0
0.0
0.0
0.0
0.0
0.0
0.0
0.0
0.0
0.0
0.0
0.0
0.0
0.0
0.0
0.0
0.0
0.0
0.0
0.0
0.0
0.0
0.0
0.0
0.0
0.0
0.0
0.0
0.0
0.0
0.0
0.0
0.0
0.0
0.0
0.0
0.0
0.0
0.0
0.0
0.0
0.0
0.0
0.0
0.0
0.0
0.0
0.0
0.0
0.0
0.0
0.0
0.0
0.0
0.0
0.0
0.0
0.0
0.0
0.0
0.0
0.0
0.0
0.0
0.0
0.0
0.0
0.0
0.0
0.0
0.0
0.0
0.0
0.0
0.0
0.0
0.0
0.0
0.0
0.0
0.0
0.0
0.0
0.0
0.0
0.0
0.0
0.0
0.0
0.0
0.0
0.0
0.0
0.0
0.0
0.0
0.0
0.0
0.0
0.0
0.0
0.0
0.0
0.0
0.0
0.0
0.0
0.0
0.0
0.0
0.0
0.0
0.0
0.0
0.0
0.0
0.0
0.0
0.0
0.0
0.0
0.0
0.0
0.0
0.0
0.0
0.0
0.0
0.0
0.0
0.0
0.0
0.0
0.0
0.0
0.0
0.0
0.0
0.0
0.0
0.0
0.0
0.0
0.0
0.0
0.0
0.0
0.0
0.0
0.0
0.0
0.0
0.0
0.0
0.0
0.0
0.0
0.0
0.0
0.0
0.0
0.0
0.0
0.0
0.0
0.0
0.0
0.0
0.0
0.0
0.0
0.0
0.0
0.0
0.0
0.0
0.0
0.0
0.0
0.0
0.0
0.0
0.0
0.0
0.0
0.0
0.0
0.0
0.0
0.0
0.0
0.0
0.0
0.0
0.0
0.0
0.0
0.0
0.0
0.0
0.0
0.0
0.0
0.0
0.0
0.0
0.0
0.0
0.0
0.0
0.0
0.0
0.0
0.0
0.0
0.0
0.0
0.0
0.0
0.0
0.0
0.0
0.0
0.0
0.0
0.0
0.0
0.0
0.0
0.0
0.0
0.0
0.0
0.0
0.0
0.0
0.0
0.0
0.0
0.0
0.0
0.0
0.0
0.0
0.0
0.0
0.0
0.0
0.0
0.0
0.0
0.0
0.0
0.0
0.0
0.0
0.0
0.0
0.0
0.0
0.0
0.0
0.0
0.0
0.0
0.0
0.0
0.0
0.0
0.0
0.0
0.0
0.0
0.0
0.0
0.0
0.0
0.0
0.0
0.0
0.0
0.0
0.0
0.0
0.0
0.0
0.0
0.0
0.0
0.0
0.0
0.0
0.0
0.0
0.0
0.0
0.0
0.0
0.0
0.0
0.0
0.0
0.0
0.0
0.0
0.0
0.0
0.0
0.0
0.0
0.0
0.0
0.0
0.0
0.0
0.0
0.0
0.0
0.0
0.0
0.0
0.0
0.0
0.0
0.0
0.0
0.0
0.0
0.0
0.0
0.0
0.0
0.0
0.0
0.0
0.0
0.0
0.0
0.0
0.0
0.0
0.0
0.0
0.0
0.0
0.0
0.0
0.0
0.0
0.0
0.0
0.0
0.0
0.0
0.0
0.0
0.0
0.0
0.0
0.0
0.0
0.0
0.0
0.0
0.0
0.0
0.0
0.0
0.0
0.0
0.0
0.0
0.0
0.0
0.0
0.0
0.0
0.0
0.0
0.0
0.0
0.0
0.0
0.0
0.0
0.0
0.0
0.0
0.0
0.0
0.0
0.0
0.0
0.0
0.0
0.0
0.0
0.0
0.0
0.0
0.0
0.0
0.0
0.0
0.0
0.0
0.0
0.0
0.0
0.0
0.0
0.0
0.0
0.0
0.0
0.0
0.0
0.0
0.0
0.0
0.0
0.0
0.0
0.0
0.0
0.0
0.0
0.0
0.0
0.0
0.0
0.0
0.0
0.0
0.0
0.0
0.0
0.0
0.0
0.0
0.0
0.0
0.0
0.0
0.0
0.0
0.0
0.0
0.0
0.0
0.0
0.0
0.0
0.0
0.0
0.0
0.0
0.0
0.0
0.0
0.0
0.0
0.0
0.0
0.0
0.0
0.0
0.0
0.0
0.0
0.0
0.0
0.0
0.0
0.0
0.0
0.0
0.0
0.0
0.0
0.0
0.0
0.0
0.0
0.0
0.0
0.0
0.0
0.0
0.0
0.0
0.0
0.0
0.0
0.0
0.0
0.0
0.0
0.0
0.0
0.0
0.0
0.0
0.0
0.0
0.0
0.0
0.0
0.0
0.0
0.0
0.0
0.0
0.0
0.0
0.0
0.0
0.0
0.0
0.0
0.0
0.0
0.0
0.0
0.0
0.0
0.0
0.0
0.0
0.0
0.0
0.0
0.0
0.0
0.0
0.0
0.0
0.0
0.0
0.0
0.0
0.0
0.0
0.0
0.0
0.0
0.0
0.0
0.0
0.0
0.0
0.0
0.0
0.0
0.0
0.0
0.0
0.0
0.0
0.0
0.0
0.0
0.0
0.0
0.0
0.0
0.0
0.0
0.0
0.0
0.0
0.0
0.0
0.0
0.0
0.0
0.0
0.0
0.0
0.0
0.0
0.0
0.0
0.0
0.0
0.0
0.0
0.0
0.0
0.0
0.0
0.0
0.0
0.0
0.0
0.0
0.0
0.0
0.0
0.0
0.0
0.0
0.0
0.0
0.0
0.0
0.0
0.0
0.0
0.0
0.0
0.0
0.0
0.0
0.0
0.0
0.0
0.0
0.0
0.0
0.0
0.0
0.0
0.0
0.0
0.0
0.0
0.0
0.0
0.0
0.0
0.0
0.0
0.0
0.0
0.0
0.0
0.0
0.0
0.0
0.0
0.0
0.0
0.0
0.0
0.0
0.0
0.0
0.0
0.0
0.0
0.0
0.0
0.0
0.0
0.0
0.0
0.0
0.0
0.0
0.0
0.0
0.0
0.0
0.0
0.0
0.0
0.0
0.0
0.0
0.0
0.0
0.0
0.0
0.0
0.0
0.0
0.0
0.0
0.0
0.0
0.0
0.0
0.0
0.0
0.0
0.0
0.0
0.0
0.0
0.0
0.0
0.0
0.0
0.0
0.0
0.0
0.0
0.0
0.0
0.0
0.0
0.0
0.0
0.0
0.0
0.0
0.0
0.0
0.0
0.0
0.0
0.0
0.0
0.0
0.0
0.0
0.0
0.0
0.0
0.0
0.0
0.0
0.0
0.0
0.0
0.0
0.0
0.0
0.0
0.0
0.0
0.0
0.0
0.0
0.0
0.0
0.0
0.0
0.0
0.0
0.0
0.0
0.0
0.0
0.0
0.0
0.0
0.0
0.0
0.0
0.0
0.0
0.0
0.0
0.0
0.0
0.0
0.0
0.0
0.0
0.0
0.0
0.0
0.0
0.0
0.0
0.0
0.0
0.0
0.0
0.0
0.0
0.0
0.0
0.0
0.0
0.0
0.0
0.0
0.0
0.0
0.0
0.0
0.0
0.0
0.0
0.0
0.0
0.0
0.0
0.0
0.0
0.0
0.0
0.0
0.0
0.0
0.0
0.0
0.0
0.0
0.0
0.0
0.0
0.0
0.0
0.0
0.0
0.0
0.0
0.0
0.0
0.0
0.0
0.0
0.0
0.0
0.0
0.0
0.0
0.0
0.0
0.0
0.0
0.0
0.0
0.0
0.0
0.0
0.0
0.0
0.0
0.0
0.0
0.0
0.0
0.0
0.0
0.0
0.0
0.0
0.0
0.0
0.0
0.0
0.0
0.0
0.0
0.0
0.0
0.0
0.0
0.0
0.0
0.0
0.0
0.0
0.0
0.0
0.0
0.0
0.0
0.0
0.0
0.0
0.0
0.0
0.0
0.0
0.0
0.0
0.0
0.0
0.0
0.0
0.0
0.0
0.0
0.0
0.0
0.0
0.0
0.0
0.0
0.0
0.0
0.0
0.0
0.0
0.0
0.0
0.0
0.0
0.0
0.0
0.0
0.0
0.0
0.0
0.0
0.0
0.0
0.0
0.0
0.0
0.0
0.0
0.0
0.0
0.0
0.0
0.0
0.0
0.0
0.0
0.0
0.0
0.0
0.0
0.0
0.0
0.0
0.0
0.0
0.0
0.0
0.0
0.0
0.0
0.0
0.0
0.0
0.0
0.0
0.0
0.0
0.0
0.0
0.0
0.0
0.0
0.0
0.0
0.0
0.0
0.0
0.0
0.0
0.0
0.0
0.0
0.0
0.0
0.0
0.0
0.0
0.0
0.0
0.0
0.0
0.0
0.0
0.0
0.0
0.0
0.0
0.0
0.0
0.0
0.0
0.0
0.0
0.0
0.0
0.0
0.0
0.0
0.0
0.0
0.0
0.0
0.0
0.0
0.0
0.0
0.0
0.0
0.0
0.0
0.0
0.0
0.0
0.0
0.0
0.0
0.0
0.0
0.0
0.0
0.0
0.0
0.0
0.0
0.0
0.0
0.0
0.0
0.0
0.0
0.0
0.0
0.0
0.0
0.0
0.0
0.0
0.0
0.0
0.0
0.0
0.0
0.0
0.0
0.0
0.0
0.0
0.0
0.0
0.0
0.0
0.0
0.0
0.0
0.0
0.0
0.0
0.0
0.0
0.0
0.0
0.0
0.0
0.0
0.0
0.0
0.0
0.0
0.0
0.0
0.0
0.0
0.0
0.0
0.0
0.0
0.0
0.0
0.0
0.0
0.0
0.0
0.0
0.0
0.0
0.0
0.0
0.0
0.0
0.0
0.0
0.0
0.0
0.0
0.0
0.0
0.0
0.0
0.0
0.0
0.0
0.0
0.0
0.0
0.0
0.0
0.0
0.0
0.0
0.0
0.0
0.0
0.0
0.0
0.0
0.0
0.0
0.0
0.0
0.0
0.0
0.0
0.0
0.0
0.0
0.0
0.0
0.0
0.0
0.0
0.0
0.0
0.0
0.0
0.0
0.0
0.0
0.0
0.0
0.0
0.0
0.0
0.0
0.0
0.0
0.0
0.0
0.0
0.0
0.0
0.0
0.0
0.0
0.0
0.0
0.0
0.0
0.0
0.0
0.0
0.0
0.0
0.0
0.0
0.0
0.0
0.0
0.0
0.0
0.0
0.0
0.0
0.0
0.0
0.0
0.0
0.0
0.0
0.0
0.0
0.0
0.0
0.0
0.0
0.0
0.0
0.0
0.0
0.0
0.0
0.0
0.0
0.0
0.0
0.0
0.0
0.0
0.0
0.0
0.0
0.0
0.0
0.0
0.0
0.0
0.0
0.0
0.0
0.0
0.0
0.0
0.0
0.0
0.0
0.0
0.0
0.0
0.0
0.0
0.0
0.0
0.0
0.0
0.0
0.0
0.0
0.0
0.0
0.0
0.0
0.0
0.0
0.0
0.0
0.0
0.0
0.0
0.0
0.0
0.0
0.0
0.0
0.0
0.0
0.0
0.0
0.0
0.0
0.0
0.0
0.0
0.0
0.0
0.0
0.0
0.0
0.0
0.0
0.0
0.0
0.0
0.0
0.0
0.0
0.0
0.0
0.0
0.0
0.0
0.0
0.0
0.0
0.0
0.0
0.0
0.0
0.0
0.0
0.0
0.0
0.0
0.0
0.0
0.0
0.0
0.0
0.0
0.0
0.0
0.0
0.0
0.0
0.0
0.0
0.0
0.0
0.0
0.0
0.0
0.0
0.0
0.0
0.0
0.0
0.0
0.0
0.0
0.0
0.0
0.0
0.0
0.0
0.0
0.0
0.0
0.0
0.0
0.0
0.0
0.0
0.0
0.0
0.0
0.0
0.0
0.0
0.0
0.0
0.0
0.0
0.0
0.0
0.0
0.0
0.0
0.0
0.0
0.0
0.0
0.0
0.0
0.0
0.0
0.0
0.0
0.0
0.0
0.0
0.0
0.0
0.0
0.0
0.0
0.0
0.0
0.0
0.0
0.0
0.0
0.0
0.0
0.0
0.0
0.0
0.0
0.0
0.0
0.0
0.0
0.0
0.0
0.0
0.0
0.0
0.0
0.0
0.0
0.0
0.0
0.0
0.0
0.0
0.0
0.0
0.0
0.0
0.0
0.0
0.0
0.0
0.0
0.0
0.0
0.0
0.0
0.0
0.0
0.0
0.0
0.0
0.0
0.0
0.0
0.0
0.0
0.0
0.0
0.0
0.0
0.0
0.0
0.0
0.0
0.0
0.0
0.0
0.0
0.0
0.0
0.0
0.0
0.0
0.0
0.0
0.0
0.0
0.0
0.0
0.0
0.0
0.0
0.0
0.0
0.0
0.0
0.0
0.0
0.0
0.0
0.0
0.0
0.0
0.0
0.0
0.0
0.0
0.0
0.0
0.0
0.0
0.0
0.0
0.0
0.0
0.0
0.0
0.0
0.0
0.0
0.0
0.0
0.0
0.0
0.0
0.0
0.0
0.0
0.0
0.0
0.0
0.0
0.0
0.0
0.0
0.0
0.0
0.0
0.0
0.0
0.0
0.0
0.0
0.0
0.0
0.0
0.0
0.0
0.0
0.0
0.0
0.0
0.0
0.0
0.0
0.0
0.0
0.0
0.0
0.0
0.0
0.0
0.0
0.0
0.0
0.0
0.0
0.0
0.0
0.0
0.0
0.0
0.0
0.0
0.0
0.0
0.0
0.0
0.0
0.0
0.0
0.0
0.0
0.0
0.0
0.0
0.0
0.0
0.0
0.0
0.0
0.0
0.0
0.0
0.0
0.0
0.0
0.0
0.0
0.0
0.0
0.0
0.0
0.0
0.0
0.0
0.0
0.0
0.0
0.0
0.0
0.0
0.0
0.0
0.0
0.0
0.0
0.0
0.0
0.0
0.0
0.0
0.0
0.0
0.0
0.0
0.0
0.0
0.0
0.0
0.0
0.0
0.0
0.0
0.0
0.0
0.0
0.0
0.0
0.0
0.0
0.0
0.0
0.0
0.0
0.0
0.0
0.0
0.0
0.0
0.0
0.0
0.0
0.0
0.0
0.0
0.0
0.0
0.0
0.0
0.0
0.0
0.0
0.0
0.0
0.0
0.0
0.0
0.0
0.0
0.0
0.0
0.0
0.0
0.0
0.0
0.0
0.0
0.0
0.0
0.0
0.0
0.0
0.0
0.0
0.0
0.0
0.0
0.0
0.0
0.0
0.0
0.0
0.0
0.0
0.0
0.0
0.0
0.0
0.0
0.0
0.0
0.0
0.0
0.0
0.0
0.0
0.0
0.0
0.0
0.0
0.0
0.0
0.0
0.0
0.0
0.0
0.0
0.0
0.0
0.0
0.0
0.0
0.0
0.0
0.0
0.0
0.0
0.0
0.0
0.0
0.0
0.0
0.0
0.0
0.0
0.0
0.0
0.0
0.0
0.0
0.0
0.0
0.0
0.0
0.0
0.0
0.0
0.0
0.0
0.0
0.0
0.0
0.0
0.0
0.0
0.0
0.0
0.0
0.0
0.0
0.0
0.0
0.0
0.0
0.0
0.0
0.0
0.0
0.0
0.0
0.0
0.0
0.0
0.0
0.0
0.0
0.0
0.0
0.0
0.0
0.0
0.0
0.0
0.0
0.0
0.0
0.0
0.0
0.0
0.0
0.0
0.0
0.0
0.0
0.0
0.0
0.0
0.0
0.0
0.0
0.0
0.0
0.0
0.0
0.0
0.0
0.0
0.0
0.0
0.0
0.0
0.0
0.0
0.0
0.0
0.0
0.0
0.0
0.0
0.0
0.0
0.0
0.0
0.0
0.0
0.0
0.0
0.0
0.0
0.0
0.0
0.0
0.0
0.0
0.0
0.0
0.0
0.0
0.0
0.0
0.0
0.0
0.0
0.0
0.0
0.0
0.0
0.0
0.0
0.0
0.0
0.0
0.0
0.0
0.0
0.0
0.0
0.0
0.0
0.0
0.0
0.0
0.0
0.0
0.0
0.0
0.0
0.0
0.0
0.0
0.0
0.0
0.0
0.0
0.0
0.0
0.0
0.0
0.0
0.0
0.0
0.0
0.0
0.0
0.0
0.0
0.0
0.0
0.0
0.0
0.0
0.0
0.0
0.0
0.0
0.0
0.0
0.0
0.0
0.0
0.0
0.0
0.0
0.0
0.0
0.0
0.0
0.0
0.0
0.0
0.0
0.0
0.0
0.0
0.0
0.0
0.0
0.0
0.0
0.0
0.0
0.0
0.0
0.0
0.0
0.0
0.0
0.0
0.0
0.0
0.0
0.0
0.0
0.0
0.0
0.0
0.0
0.0
0.0
0.0
0.0
0.0
0.0
0.0
0.0
0.0
0.0
0.0
0.0
0.0
0.0
0.0
0.0
0.0
0.0
0.0
0.0
0.0
0.0
0.0
0.0
0.0
0.0
0.0
0.0
0.0
0.0
0.0
0.0
0.0
0.0
0.0
0.0
0.0
0.0
0.0
0.0
0.0
0.0
0.0
0.0
0.0
0.0
0.0
0.0
0.0
0.0
0.0
0.0
0.0
0.0
0.0
0.0
0.0
0.0
0.0
0.0
0.0
0.0
0.0
0.0
0.0
0.0
0.0
0.0
0.0
0.0
0.0
0.0
0.0
0.0
0.0
0.0
0.0
0.0
0.0
0.0
0.0
0.0
0.0
0.0
0.0
0.0
0.0
0.0
0.0
0.0
0.0
0.0
0.0
0.0
0.0
0.0
0.0
0.0
0.0
0.0
0.0
0.0
0.0
0.0
0.0
0.0
0.0
0.0
0.0
0.0
0.0
0.0
0.0
0.0
0.0
0.0
0.0
0.0
0.0
0.0
0.0
0.0
0.0
0.0
0.0
0.0
0.0
0.0
0.0
0.0
0.0
0.0
0.0
0.0
0.0
0.0
0.0
0.0
0.0
0.0
0.0
0.0
0.0
0.0
0.0
0.0
0.0
0.0
0.0
0.0
0.0
0.0
0.0
0.0
0.0
0.0
0.0
0.0
0.0
0.0
0.0
0.0
0.0
0.0
0.0
0.0
0.0
0.0
0.0
0.0
0.0
0.0
0.0
0.0
0.0
0.0
0.0
0.0
0.0
0.0
0.0
0.0
0.0
0.0
0.0
0.0
0.0
0.0
0.0
0.0
0.0
0.0
0.0
0.0
0.0
0.0
0.0
0.0
0.0
0.0
0.0
0.0
0.0
0.0
0.0
0.0
0.0
0.0
0.0
0.0
0.0
0.0
0.0
0.0
0.0
0.0
0.0
0.0
0.0
0.0
0.0
0.0
0.0
0.0
0.0
0.0
0.0
0.0
0.0
0.0
0.0
0.0
0.0
0.0
0.0
0.0
0.0
0.0
0.0
0.0
0.0
0.0
0.0
0.0
0.0
0.0
0.0
0.0
0.0
0.0
0.0
0.0
0.0
0.0
0.0
0.0
0.0
0.0
0.0
0.0
0.0
0.0
0.0
0.0
0.0
0.0
0.0
0.0
0.0
0.0
0.0
0.0
0.0
0.0
0.0
0.0
0.0
0.0
0.0
0.0
0.0
0.0
0.0
0.0
0.0
0.0
0.0
0.0
0.0
0.0
0.0
0.0
0.0
0.0
0.0
0.0
0.0
0.0
0.0
0.0
0.0
0.0
0.0
0.0
0.0
0.0
0.0
0.0
0.0
0.0
0.0
0.0
0.0
0.0
0.0
0.0
0.0
0.0
0.0
0.0
0.0
0.0
0.0
0.0
0.0
0.0
0.0
0.0
0.0
0.0
0.0
0.0
0.0
0.0
0.0
0.0
0.0
0.0
0.0
0.0
0.0
0.0
0.0
0.0
0.0
0.0
0.0
0.0
0.0
0.0
0.0
0.0
0.0
0.0
0.0
0.0
0.0
0.0
0.0
0.0
0.0
0.0
0.0
0.0
0.0
0.0
0.0
0.0
0.0
0.0
0.0
0.0
0.0
0.0
0.0
0.0
0.0
0.0
0.0
0.0
0.0
0.0
0.0
0.0
0.0
0.0
0.0
0.0
0.0
0.0
0.0
0.0
0.0
0.0
0.0
0.0
0.0
0.0
0.0
0.0
0.0
0.0
0.0
0.0
0.0
0.0
0.0
0.0
0.0
0.0
0.0
0.0
0.0
0.0
0.0
0.0
0.0
0.0
0.0
0.0
0.0
0.0
0.0
0.0
0.0
0.0
0.0
0.0
0.0
0.0
0.0
0.0
0.0
0.0
0.0
0.0
0.0
0.0
0.0
0.0
0.0
0.0
0.0
0.0
0.0
0.0
0.0
0.0
0.0
0.0
0.0
0.0
0.0
0.0
0.0
0.0
0.0
0.0
0.0
0.0
0.0
0.0
0.0
0.0
0.0
0.0
0.0
0.0
0.0
0.0
0.0
0.0
0.0
0.0
0.0
0.0
0.0
0.0
0.0
0.0
0.0
0.0
0.0
0.0
0.0
0.0
0.0
0.0
0.0
0.0
0.0
0.0
0.0
0.0
0.0
0.0
0.0
0.0
0.0
0.0
0.0
0.0
0.0
0.0
0.0
0.0
0.0
0.0
0.0
0.0
0.0
0.0
0.0
0.0
0.0
0.0
0.0
0.0
0.0
0.0
0.0
0.0
0.0
0.0
0.0
0.0
0.0
0.0
0.0
0.0
0.0
0.0
0.0
0.0
0.0
0.0
0.0
0.0
0.0
0.0
0.0
0.0
0.0
0.0
0.0
0.0
0.0
0.0
0.0
0.0
0.0
0.0
0.0
0.0
0.0
0.0
0.0
0.0
0.0
0.0
0.0
0.0
0.0
0.0
0.0
0.0
0.0
0.0
0.0
0.0
0.0
0.0
0.0
0.0
0.0
0.0
0.0
0.0
0.0
0.0
0.0
0.0
0.0
0.0
0.0
0.0
0.0
0.0
0.0
0.0
0.0
0.0
0.0
0.0
0.0
0.0
0.0
0.0
0.0
0.0
0.0
0.0
0.0
0.0
0.0
0.0
0.0
0.0
0.0
0.0
0.0
0.0
0.0
0.0
0.0
0.0
0.0
0.0
0.0
0.0
0.0
0.0
0.0
0.0
0.0
0.0
0.0
0.0
0.0
0.0
0.0
0.0
0.0
0.0
0.0
0.0
0.0
0.0
0.0
0.0
0.0
0.0
0.0
0.0
0.0
0.0
0.0
0.0
0.0
0.0
0.0
0.0
0.0
0.0
0.0
0.0
0.0
0.0
0.0
0.0
0.0
0.0
0.0
0.0
0.0
0.0
0.0
0.0
0.0
0.0
0.0
0.0
0.0
0.0
0.0
0.0
0.0
0.0
0.0
0.0
0.0
0.0
0.0
0.0
0.0
0.0
0.0
0.0
0.0
0.0
0.0
0.0
0.0
0.0
0.0
0.0
0.0
0.0
0.0
0.0
0.0
0.0
0.0
0.0
0.0
0.0
0.0
0.0
0.0
0.0
0.0
0.0
0.0
0.0
0.0
0.0
0.0
0.0
0.0
0.0
0.0
0.0
0.0
0.0
0.0
0.0
0.0
0.0
0.0
0.0
0.0
0.0
0.0
0.0
0.0
0.0
0.0
0.0
0.0
0.0
0.0
0.0
0.0
0.0
0.0
0.0
0.0
0.0
0.0
0.0
0.0
0.0
0.0
0.0
0.0
0.0
0.0
0.0
0.0
0.0
0.0
0.0
0.0
0.0
0.0
0.0
0.0
0.0
0.0
0.0
0.0
0.0
0.0
0.0
0.0
0.0
0.0
0.0
0.0
0.0
0.0
0.0
0.0
0.0
0.0
0.0
0.0
0.0
0.0
0.0
0.0
0.0
0.0
0.0
0.0
0.0
0.0
0.0
0.0
0.0
0.0
0.0
0.0
0.0
0.0
0.0
0.0
0.0
0.0
0.0
0.0
0.0
0.0
0.0
0.0
0.0
0.0
0.0
0.0
0.0
0.0
0.0
0.0
0.0
0.0
0.0
0.0
0.0
0.0
0.0
0.0
0.0
0.0
0.0
0.0
0.0
0.0
0.0
0.0
0.0
0.0
0.0
0.0
0.0
0.0
0.0
0.0
0.0
0.0
0.0
0.0
0.0
0.0
0.0
0.0
0.0
0.0
0.0
0.0
0.0
0.0
0.0
0.0
0.0
0.0
0.0
0.0
0.0
0.0
0.0
0.0
0.0
0.0
0.0
0.0
0.0
0.0
0.0
0.0
0.0
0.0
0.0
0.0
0.0
0.0
0.0
0.0
0.0
0.0
0.0
0.0
0.0
0.0
0.0
0.0
0.0
0.0
0.0
0.0
0.0
0.0
0.0
0.0
0.0
0.0
0.0
0.0
0.0
0.0
0.0
0.0
0.0
0.0
0.0
0.0
0.0
0.0
0.0
0.0
0.0
0.0
0.0
0.0
0.0
0.0
0.0
0.0
0.0
0.0
0.0
0.0
0.0
0.0
0.0
0.0
0.0
0.0
0.0
0.0
0.0
0.0
0.0
0.0
0.0
0.0
0.0
0.0
0.0
0.0
0.0
0.0
0.0
0.0
0.0
0.0
0.0
0.0
0.0
0.0
0.0
0.0
0.0
0.0
0.0
0.0
0.0
0.0
0.0
0.0
0.0
0.0
0.0
0.0
0.0
0.0
0.0
0.0
0.0
0.0
0.0
0.0
0.0
0.0
0.0
0.0
0.0
0.0
0.0
0.0
0.0
0.0
0.0
0.0
0.0
0.0
0.0
0.0
0.0
0.0
0.0
0.0
0.0
0.0
0.0
0.0
0.0
0.0
0.0
0.0
0.0
0.0
0.0
0.0
0.0
0.0
0.0
0.0
0.0
0.0
0.0
0.0
0.0
0.0
0.0
0.0
0.0
0.0
0.0
0.0
0.0
0.0
0.0
0.0
0.0
0.0
0.0
0.0
0.0
0.0
0.0
0.0
0.0
0.0
0.0
0.0
0.0
0.0
0.0
0.0
0.0
0.0
0.0
0.0
0.0
0.0
0.0
0.0
0.0
0.0
0.0
0.0
0.0
0.0
0.0
0.0
0.0
0.0
0.0
0.0
0.0
0.0
0.0
0.0
0.0
0.0
0.0
0.0
0.0
0.0
0.0
0.0
0.0
0.0
0.0
0.0
0.0
0.0
0.0
0.0
0.0
0.0
0.0
0.0
0.0
0.0
0.0
0.0
0.0
0.0
0.0
0.0
0.0
0.0
0.0
0.0
0.0
0.0
0.0
0.0
0.0
0.0
0.0
0.0
0.0
0.0
0.0
0.0
0.0
0.0
0.0
0.0
0.0
0.0
0.0
0.0
0.0
0.0
0.0
0.0
0.0
0.0
0.0
0.0
0.0
0.0
0.0
0.0
0.0
0.0
0.0
0.0
0.0
0.0
0.0
0.0
0.0
0.0
0.0
0.0
0.0
0.0
0.0
0.0
0.0
0.0
0.0
0.0
0.0
0.0
0.0
0.0
0.0
0.0
0.0
0.0
0.0
0.0
0.0
0.0
0.0
0.0
0.0
0.0
0.0
0.0
0.0
0.0
0.0
0.0
0.0
0.0
0.0
0.0
0.0
0.0
0.0
0.0
0.0
0.0
0.0
0.0
0.0
0.0
0.0
0.0
0.0
0.0
0.0
0.0
0.0
0.0
0.0
0.0
0.0
0.0
0.0
0.0
0.0
0.0
0.0
0.0
0.0
0.0
0.0
0.0
0.0
0.0
0.0
0.0
0.0
0.0
0.0
0.0
0.0
0.0
0.0
0.0
0.0
0.0
0.0
0.0
0.0
0.0
0.0
0.0
0.0
0.0
0.0
0.0
0.0
0.0
0.0
0.0
0.0
0.0
0.0
0.0
0.0
0.0
0.0
0.0
0.0
0.0
0.0
0.0
0.0
0.0
0.0
0.0
0.0
0.0
0.0
0.0
0.0
0.0
0.0
0.0
0.0
0.0
0.0
0.0
0.0
0.0
0.0
0.0
0.0
0.0
0.0
0.0
0.0
0.0
0.0
0.0
0.0
0.0
0.0
0.0
0.0
0.0
0.0
0.0
0.0
0.0
0.0
0.0
0.0
0.0
0.0
0.0
0.0
0.0
0.0
0.0
0.0
0.0
0.0
0.0
0.0
0.0
0.0
0.0
0.0
0.0
0.0
0.0
0.0
0.0
0.0
0.0
0.0
0.0
0.0
0.0
0.0
0.0
0.0
0.0
0.0
0.0
0.0
0.0
0.0
0.0
0.0
0.0
0.0
0.0
0.0
0.0
0.0
0.0
0.0
0.0
0.0
0.0
0.0
0.0
0.0
0.0
0.0
0.0
0.0
0.0
0.0
0.0
0.0
0.0
0.0
0.0
0.0
0.0
0.0
0.0
0.0
0.0
0.0
0.0
0.0
0.0
0.0
0.0
0.0
0.0
0.0
0.0
0.0
0.0
0.0
0.0
0.0
0.0
0.0
0.0
0.0
0.0
0.0
0.0
0.0
0.0
0.0
0.0
0.0
0.0
0.0
0.0
0.0
0.0
0.0
0.0
0.0
0.0
0.0
0.0
0.0
0.0
0.0
0.0
0.0
0.0
0.0
0.0
0.0
0.0
0.0
0.0
0.0
0.0
0.0
0.0
0.0
0.0
0.0
0.0
0.0
0.0
0.0
0.0
0.0
0.0
0.0
0.0
0.0
0.0
0.0
0.0
0.0
0.0
0.0
0.0
0.0
0.0
0.0
0.0
0.0
0.0
0.0
0.0
0.0
0.0
0.0
0.0
0.0
0.0
0.0
0.0
0.0
0.0
0.0
0.0
0.0
0.0
0.0
0.0
0.0
0.0
0.0
0.0
0.0
0.0
0.0
0.0
0.0
0.0
0.0
0.0
0.0
0.0
0.0
0.0
0.0
0.0
0.0
0.0
0.0
0.0
0.0
0.0
0.0
0.0
0.0
0.0
0.0
0.0
0.0
0.0
0.0
0.0
0.0
0.0
0.0
0.0
0.0
0.0
0.0
0.0
0.0
0.0
0.0
0.0
0.0
0.0
0.0
0.0
0.0
0.0
0.0
0.0
0.0
0.0
0.0
0.0
0.0
0.0
0.0
0.0
0.0
0.0
0.0
0.0
0.0
0.0
0.0
0.0
0.0
0.0
0.0
0.0
0.0
0.0
0.0
0.0
0.0
0.0
0.0
0.0
0.0
0.0
0.0
0.0
0.0
0.0
0.0
0.0
0.0
0.0
0.0
0.0
0.0
0.0
0.0
0.0
0.0
0.0
0.0
0.0
0.0
0.0
0.0
0.0
0.0
0.0
0.0
0.0
0.0
0.0
0.0
0.0
0.0
0.0
0.0
0.0
0.0
0.0
0.0
0.0
0.0
0.0
0.0
0.0
0.0
0.0
0.0
0.0
0.0
0.0
0.0
0.0
0.0
0.0
0.0
0.0
0.0
0.0
0.0
0.0
0.0
0.0
0.0
0.0
0.0
0.0
0.0
0.0
0.0
0.0
0.0
0.0
0.0
0.0
0.0
0.0
0.0
0.0
0.0
0.0
0.0
0.0
0.0
0.0
0.0
0.0
0.0
0.0
0.0
0.0
0.0
0.0
0.0
0.0
0.0
0.0
0.0
0.0
0.0
0.0
0.0
0.0
0.0
0.0
0.0
0.0
0.0
0.0
0.0
0.0
0.0
0.0
0.0
0.0
0.0
0.0
0.0
0.0
0.0
0.0
0.0
0.0
0.0
0.0
0.0
0.0
0.0
0.0
0.0
0.0
0.0
0.0
0.0
0.0
0.0
0.0
0.0
0.0
0.0
0.0
0.0
0.0
0.0
0.0
0.0
0.0
0.0
0.0
0.0
0.0
0.0
0.0
0.0
0.0
0.0
0.0
0.0
0.0
0.0
0.0
0.0
0.0
0.0
0.0
0.0
0.0
0.0
0.0
0.0
0.0
0.0
0.0
0.0
0.0
0.0
0.0
0.0
0.0
0.0
0.0
0.0
0.0
0.0
0.0
0.0
0.0
0.0
0.0
0.0
0.0
0.0
0.0
0.0
0.0
0.0
0.0
0.0
0.0
0.0
0.0
0.0
0.0
0.0
0.0
0.0
0.0
0.0
0.0
0.0
0.0
0.0
0.0
0.0
0.0
0.0
0.0
0.0
0.0
0.0
0.0
0.0
0.0
0.0
0.0
0.0
0.0
0.0
0.0
0.0
0.0
0.0
0.0
0.0
0.0
0.0
0.0
0.0
0.0
0.0
0.0
0.0
0.0
0.0
0.0
0.0
0.0
0.0
0.0
0.0
0.0
0.0
0.0
0.0
0.0
0.0
0.0
0.0
0.0
0.0
0.0
0.0
0.0
0.0
0.0
0.0
0.0
0.0
0.0
0.0
0.0
0.0
0.0
0.0
0.0
0.0
0.0
0.0
0.0
0.0
0.0
0.0
0.0
0.0
0.0
0.0
0.0
0.0
0.0
0.0
0.0
0.0
0.0
0.0
0.0
0.0
0.0
0.0
0.0
0.0
0.0
0.0
0.0
0.0
0.0
0.0
0.0
0.0
0.0
0.0
0.0
0.0
0.0
0.0
0.0
0.0
0.0
0.0
0.0
0.0
0.0
0.0
0.0
0.0
0.0
0.0
0.0
0.0
0.0
0.0
0.0
0.0
0.0
0.0
0.0
0.0
0.0
0.0
0.0
0.0
0.0
0.0
0.0
0.0
0.0
0.0
0.0
0.0
0.0
0.0
0.0
0.0
0.0
0.0
0.0
0.0
0.0
0.0
0.0
0.0
0.0
0.0
0.0
0.0
0.0
0.0
0.0
0.0
0.0
0.0
0.0
0.0
0.0
0.0
0.0
0.0
0.0
0.0
0.0
0.0
0.0
0.0
0.0
0.0
0.0
0.0
0.0
0.0
0.0
0.0
0.0
0.0
0.0
0.0
0.0
0.0
0.0
0.0
0.0
0.0
0.0
0.0
0.0
0.0
0.0
0.0
0.0
0.0
0.0
0.0
0.0
0.0
0.0
0.0
0.0
0.0
0.0
0.0
0.0
0.0
0.0
0.0
0.0
0.0
0.0
0.0
0.0
0.0
0.0
0.0
0.0
0.0
0.0
0.0
0.0
0.0
0.0
0.0
0.0
0.0
0.0
0.0
0.0
0.0
0.0
0.0
0.0
0.0
0.0
0.0
0.0
0.0
0.0
0.0
0.0
0.0
0.0
0.0
0.0
0.0
0.0
0.0
0.0
0.0
0.0
0.0
0.0
0.0
0.0
0.0
0.0
0.0
0.0
0.0
0.0
0.0
0.0
0.0
0.0
0.0
0.0
0.0
0.0
0.0
0.0
0.0
0.0
0.0
0.0
0.0
0.0
0.0
0.0
0.0
0.0
0.0
0.0
0.0
0.0
0.0
0.0
0.0
0.0
0.0
0.0
0.0
0.0
0.0
0.0
0.0
0.0
0.0
0.0
0.0
0.0
0.0
0.0
0.0
0.0
0.0
0.0
0.0
0.0
0.0
0.0
0.0
0.0
0.0
0.0
0.0
0.0
0.0
0.0
0.0
0.0
0.0
0.0
0.0
0.0
0.0
0.0
0.0
0.0
0.0
0.0
0.0
0.0
0.0
0.0
0.0
0.0
0.0
0.0
0.0
0.0
0.0
0.0
0.0
0.0
0.0
0.0
0.0
0.0
0.0
0.0
0.0
0.0
0.0
0.0
0.0
0.0
0.0
0.0
0.0
0.0
0.0
0.0
0.0
0.0
0.0
0.0
0.0
0.0
0.0
0.0
0.0
0.0
0.0
0.0
0.0
0.0
0.0
0.0
0.0
0.0
0.0
0.0
0.0
0.0
0.0
0.0
0.0
0.0
0.0
0.0
0.0
0.0
0.0
0.0
0.0
0.0
0.0
0.0
0.0
0.0
0.0
0.0
0.0
0.0
0.0
0.0
0.0
0.0
0.0
0.0
0.0
0.0
0.0
0.0
0.0
0.0
0.0
0.0
0.0
0.0
0.0
0.0
0.0
0.0
0.0
0.0
0.0
0.0
0.0
0.0
0.0
0.0
0.0
0.0
0.0
0.0
0.0
0.0
0.0
0.0
0.0
0.0
0.0
0.0
0.0
0.0
0.0
0.0
0.0
0.0
0.0
0.0
0.0
0.0
0.0
0.0
0.0
0.0
0.0
0.0
0.0
0.0
0.0
0.0
0.0
0.0
0.0
0.0
0.0
0.0
0.0
0.0
0.0
0.0
0.0
0.0
0.0
0.0
0.0
0.0
0.0
0.0
0.0
0.0
0.0
0.0
0.0
0.0
0.0
0.0
0.0
0.0
0.0
0.0
0.0
0.0
0.0
0.0
0.0
0.0
0.0
0.0
0.0
0.0
0.0
0.0
0.0
0.0
0.0
0.0
0.0
0.0
0.0
0.0
0.0
0.0
0.0
0.0
0.0
0.0
0.0
0.0
0.0
0.0
0.0
0.0
0.0
0.0
0.0
0.0
0.0
0.0
0.0
0.0
0.0
0.0
0.0
0.0
0.0
0.0
0.0
0.0
0.0
0.0
0.0
0.0
0.0
0.0
0.0
0.0
0.0
0.0
0.0
0.0
0.0
0.0
0.0
0.0
0.0
0.0
0.0
0.0
0.0
0.0
0.0
0.0
0.0
0.0
0.0
0.0
0.0
0.0
0.0
0.0
0.0
0.0
0.0
0.0
0.0
0.0
0.0
0.0
0.0
0.0
0.0
0.0
0.0
0.0
0.0
0.0
0.0
0.0
0.0
0.0
0.0
0.0
0.0
0.0
0.0
0.0
0.0
0.0
0.0
0.0
0.0
0.0
0.0
0.0
0.0
0.0
0.0
0.0
0.0
0.0
0.0
0.0
0.0
0.0
0.0
0.0
0.0
0.0
0.0
0.0
0.0
0.0
0.0
0.0
0.0
0.0
0.0
0.0
0.0
0.0
0.0
0.0
0.0
0.0
0.0
0.0
0.0
0.0
0.0
0.0
0.0
0.0
0.0
0.0
0.0
0.0
0.0
0.0
0.0
0.0
0.0
0.0
0.0
0.0
0.0
0.0
0.0
0.0
0.0
0.0
0.0
0.0
0.0
0.0
0.0
0.0
0.0
0.0
0.0
0.0
0.0
0.0
0.0
0.0
0.0
0.0
0.0
0.0
0.0
0.0
0.0
0.0
0.0
0.0
0.0
0.0
0.0
0.0
0.0
0.0
0.0
0.0
0.0
0.0
0.0
0.0
0.0
0.0
0.0
0.0
0.0
0.0
0.0
0.0
0.0
0.0
0.0
0.0
0.0
0.0
0.0
0.0
0.0
0.0
0.0
0.0
0.0
0.0
0.0
0.0
0.0
0.0
0.0
0.0
0.0
0.0
0.0
0.0
0.0
0.0
0.0
0.0
0.0
0.0
0.0
0.0
0.0
0.0
0.0
0.0
0.0
0.0
0.0
0.0
0.0
0.0
0.0
0.0
0.0
0.0
0.0
0.0
0.0
0.0
0.0
0.0
0.0
0.0
0.0
0.0
0.0
0.0
0.0
0.0
0.0
0.0
0.0
0.0
0.0
0.0
0.0
0.0
0.0
0.0
0.0
0.0
0.0
0.0
0.0
0.0
0.0
0.0
0.0
0.0
0.0
0.0
0.0
0.0
0.0
0.0
0.0
0.0
0.0
0.0
0.0
0.0
0.0
0.0
0.0
0.0
0.0
0.0
0.0
0.0
0.0
0.0
0.0
0.0
0.0
0.0
0.0
0.0
0.0
0.0
0.0
0.0
0.0
0.0
0.0
0.0
0.0
0.0
0.0
0.0
0.0
0.0
0.0
0.0
0.0
0.0
0.0
0.0
0.0
0.0
0.0
0.0
0.0
0.0
0.0
0.0
0.0
0.0
0.0
0.0
0.0
0.0
0.0
0.0
0.0
0.0
0.0
0.0
0.0
0.0
0.0
0.0
0.0
0.0
0.0
0.0
0.0
0.0
0.0
0.0
0.0
0.0
0.0
0.0
0.0
0.0
0.0
0.0
0.0
0.0
0.0
0.0
0.0
0.0
0.0
0.0
0.0
0.0
0.0
0.0
0.0
0.0
0.0
0.0
0.0
0.0
0.0
0.0
0.0
0.0
0.0
0.0
0.0
0.0
0.0
0.0
0.0
0.0
0.0
0.0
0.0
0.0
0.0
0.0
0.0
0.0
0.0
0.0
0.0
0.0
0.0
0.0
0.0
0.0
0.0
0.0
0.0
0.0
0.0
0.0
0.0
0.0
0.0
0.0
0.0
0.0
0.0
0.0
0.0
0.0
0.0
0.0
0.0
0.0
0.0
0.0
0.0
0.0
0.0
0.0
0.0
0.0
0.0
0.0
0.0
0.0
0.0
0.0
0.0
0.0
0.0
0.0
0.0
0.0
0.0
0.0
0.0
0.0
0.0
0.0
0.0
0.0
0.0
0.0
0.0
0.0
0.0
0.0
0.0
0.0
0.0
0.0
0.0
0.0
0.0
0.0
0.0
0.0
0.0
0.0
0.0
0.0
0.0
0.0
0.0
0.0
0.0
0.0
0.0
0.0
0.0
0.0
0.0
0.0
0.0
0.0
0.0
0.0
0.0
0.0
0.0
0.0
0.0
0.0
0.0
0.0
0.0
0.0
0.0
0.0
0.0
0.0
0.0
0.0
0.0
0.0
0.0
0.0
0.0
0.0
0.0
0.0
0.0
0.0
0.0
0.0
0.0
0.0
0.0
0.0
0.0
0.0
0.0
0.0
0.0
0.0
0.0
0.0
0.0
0.0
0.0
0.0
0.0
0.0
0.0
0.0
0.0
0.0
0.0
0.0
0.0
0.0
0.0
0.0
0.0
0.0
0.0
0.0
0.0
0.0
0.0
0.0
0.0
0.0
0.0
0.0
0.0
0.0
0.0
0.0
0.0
0.0
0.0
0.0
0.0
0.0
0.0
0.0
0.0
0.0
0.0
0.0
0.0
0.0
0.0
0.0
0.0
0.0
0.0
0.0
0.0
0.0
0.0
0.0
0.0
0.0
0.0
0.0
0.0
0.0
0.0
0.0
0.0
0.0
0.0
0.0
0.0
0.0
0.0
0.0
0.0
0.0
0.0
0.0
0.0
0.0
0.0
0.0
0.0
0.0
0.0
0.0
0.0
0.0
0.0
0.0
0.0
0.0
0.0
0.0
0.0
0.0
0.0
0.0
0.0
0.0
0.0
0.0
0.0
0.0
0.0
0.0
0.0
0.0
0.0
0.0
0.0
0.0
0.0
0.0
0.0
0.0
0.0
0.0
0.0
0.0
0.0
0.0
0.0
0.0
0.0
0.0
0.0
0.0
0.0
0.0
0.0
0.0
0.0
0.0
0.0
0.0
0.0
0.0
0.0
0.0
0.0
0.0
0.0
0.0
0.0
0.0
0.0
0.0
0.0
0.0
0.0
0.0
0.0
0.0
0.0
0.0
0.0
0.0
0.0
0.0
0.0
0.0
0.0
0.0
0.0
0.0
0.0
0.0
0.0
0.0
0.0
0.0
0.0
0.0
0.0
0.0
0.0
0.0
0.0
0.0
0.0
0.0
0.0
0.0
0.0
0.0
0.0
0.0
0.0
0.0
0.0
0.0
0.0
0.0
0.0
0.0
0.0
0.0
0.0
0.0
0.0
0.0
0.0
0.0
0.0
0.0
0.0
0.0
0.0
0.0
0.0
0.0
0.0
0.0
0.0
0.0
0.0
0.0
0.0
0.0
0.0
0.0
0.0
0.0
0.0
0.0
0.0
