48301.91110711789
42336.19271970127
41699.168717208566
37839.17765954742
36749.884448679404
36637.456483473085
36637.456483473085
36637.456483473085
36637.456483473085
36637.456483473085
36510.67216906839
32657.523934421766
32656.409995503
31615.38301653539
31615.38301653539
29609.682871579378
24569.962835441693
23900.557570191722
23336.66978456824
19907.239199180523
19537.458645033712
17210.51048057396
16563.86275663701
16563.86275663701
15878.316745783364
15878.316745783364
15878.316745783364
15878.316745783364
15013.533495695918
14106.643377185841
9720.273668735203
9720.273668735203
9673.370259627143
9673.370259627143
9673.370259627143
9647.511310190535
8628.586302735386
8610.062230302163
8597.650922357743
8578.405436753059
7448.40418941674
6061.95613882894
6061.95613882894
5297.653725438554
5297.653725438554
4530.634003091582
4275.084832501181
4079.4194392977856
3948.1774281540233
2705.042775886085
2683.5856022803932
2442.7735840171545
2417.4399393877816
1773.648197779339
1767.967617298286
1624.7133700787886
1624.7133700787886
1508.2891327203258
1372.5482001440075
1332.9843618746027
855.9462048461007
855.496412749895
855.496412749895
855.496412749895
821.298738375277
821.298738375277
821.298738375277
731.4245192141591
731.4245192141591
641.0573689609763
606.0483268014348
601.534837979312
599.4535141442649
254.1434394648482
242.79087107613503
240.0761554353881
240.0761554353881
197.65119873952312
197.15234867545428
197.1107432644789
190.7952665067897
183.07491370835544
175.06971911135207
138.52542007961048
137.832564122909
129.53497327512198
129.53497327512198
128.851497040718
128.19917139788777
126.33545561004954
124.68434191825688
124.68434191825688
124.68434191825688
122.86995293576568
70.88259713864058
64.69952180461858
64.69952180461858
64.69952180461858
19.935018692816072
19.935018692816072
18.951262943784407
18.26432434545673
18.26432434545673
18.26432434545673
18.26432434545673
17.670805649228466
17.63504877449442
17.617404075947032
17.617404075947032
15.466739560841358
14.400437861650465
14.400437861650465
14.060976666832982
12.850000207793999
12.832425055572395
12.484260197699554
8.051502240472901
8.05083909965868
8.05083909965868
8.05083909965868
7.83361858065073
7.83361858065073
7.600755459472997
6.289390165756845
6.110828080549914
6.021167818705183
6.001234896925889
5.728611081352323
5.728611081352323
5.728587884268248
3.821069444065145
3.0949107779962293
3.0949107779962293
2.90981605044931
2.9097932621720006
2.909169717939064
2.6203894315946776
2.2637016284317686
2.034251114494366
1.5411279897480987
1.5411279897480987
0.9481162153679633
0.9481162153679633
0.8152477099322039
0.7941889734360167
0.7757080534326543
0.7726098176883546
0.7726098176883546
0.6132555314126361
0.6132555314126361
0.6096021826704762
0.6073103979770377
0.6033637532077347
0.5309294481687877
0.47026528730214884
0.47026528730214884
0.39484882969715934
0.3947546439787193
0.28834237505135757
0.2034354716295728
0.19105270804074553
0.13181820176264744
0.13120293015742068
0.07667317228146343
0.0765738431432732
0.0765738431432732
0.07538543251699341
0.07538543251699341
0.0745433400707765
0.07453547687022057
0.07451305345001896
0.06768803135371489
0.06715509840703883
0.06649523811396992
0.06064990770791573
0.05526578956857212
0.05526578956857212
0.048130219101732694
0.04717981718589964
0.046677029899629414
0.038455299853160346
0.038455299853160346
0.03827260750623212
0.03827260750623212
0.03631241403448541
0.03146235841139283
0.031455220723797014
0.018761654475600208
0.018001163221908395
0.018001163221908395
0.017917499653619984
0.017917499653619984
0.01791205838548476
0.015697269424476808
0.015697269424476808
0.015697269424476808
0.01373428408793217
0.010523778477904444
0.010486873001539575
0.010486689758989656
0.005622401526899854
0.005621243456088934
0.005532876646606717
0.005532876646606717
0.005415872884562561
0.005412427061036711
0.005412427061036711
0.005344774731044926
0.005344774731044926
0.00534353252095928
0.00534353252095928
0.0053061623851416466
0.00494194863959286
0.00494194863959286
0.004867113465237861
0.004177898188516164
0.004177898188516164
0.0013754344612249576
0.0013754344612249576
0.0013441146922388721
0.0013441146922388721
0.0013316040967662002
0.0013086220282730928
0.0009010128664843008
0.0009010040537871065
0.0008479496196317032
0.0008479496196317032
0.0008479496196317032
0.0008479496196317032
0.0008479496196317032
0.0008163209746371262
0.0008141064607343142
0.0007629783920909803
0.0007629783920909803
0.0007436148204398098
0.0007324128853987891
0.0007121923798252009
0.0006151795571061214
0.0005470633697343782
0.0005205725611861731
0.0005205725611861731
0.0005205725611861731
0.0002026019812691123
0.0002026019812691123
0.0001790995969861507
0.00017413136101712974
0.00013610328727228609
0.00012044330537028086
0.00011003685315727387
0.00011003685315727387
0.00010995371558013786
0.00010750928235085391
0.00010750928235085391
9.999688618025168e-05
9.69839036787669e-05
9.649106766515169e-05
9.649106766515169e-05
9.649106766515169e-05
7.886966621443629e-05
7.668990119659834e-05
3.8951876179669535e-05
3.8951876179669535e-05
3.8829317547522244e-05
3.8829317547522244e-05
2.7073378730613985e-05
2.693078221331725e-05
2.6668757454553306e-05
2.602589133863016e-05
1.730309922530488e-05
1.730309922530488e-05
1.7210294537226873e-05
1.7210294537226873e-05
1.7199999280298874e-05
1.7183942780694792e-05
1.7149603019227696e-05
1.7137323441519097e-05
1.5279131230540954e-05
1.5279131230540954e-05
1.50957970748689e-05
1.5092374843035958e-05
1.5092374843035958e-05
1.4998717399803902e-05
1.4743097447776766e-05
1.4743097447776766e-05
1.4216887086265429e-05
1.3224425172634959e-05
1.1491258552154547e-05
6.7944739327641675e-06
4.464949164764549e-06
3.4041521121891347e-06
3.399039374247806e-06
3.399039374247806e-06
3.399039374247806e-06
3.310558250644087e-06
3.1606363032051373e-06
3.1525849940218345e-06
3.138140777447348e-06
3.132709013054169e-06
3.132709013054169e-06
3.1184259924374327e-06
2.9103719361443873e-06
2.702853652784275e-06
2.63981747511739e-06
2.4734916527289946e-06
2.4497364159334533e-06
2.4489848826976966e-06
2.4429703062215345e-06
2.4429703062215345e-06
2.4319945430534283e-06
1.6527060480062954e-06
1.6236259503625264e-06
1.509987208875637e-06
5.491694658319864e-07
5.491694658319864e-07
5.489566619531936e-07
5.489566619531936e-07
5.489566619531936e-07
5.380503207747504e-07
5.322492101422879e-07
5.245761759982572e-07
4.667177976073869e-07
3.833683664794573e-07
3.831101811253854e-07
3.740788963433418e-07
3.6946591164460354e-07
3.56247203608741e-07
3.56247203608741e-07
3.556144920655618e-07
2.703545747231767e-07
2.690874861273795e-07
2.688313715922105e-07
2.598643614446993e-07
2.598643614446993e-07
2.178208315125914e-07
1.7007614096115925e-07
1.6610756649601813e-07
8.95898086015263e-08
8.858800731671865e-08
8.858800731671865e-08
8.772878461657076e-08
7.992489513867344e-08
7.968107838913754e-08
6.789275533436907e-08
6.73552053223004e-08
6.460241631944662e-08
6.046023108639972e-08
5.981595075886165e-08
5.981595075886165e-08
3.05196605847069e-08
3.039486497390654e-08
2.987558621154713e-08
2.6568558761004624e-08
2.6482362492748194e-08
2.6482362492748194e-08
2.6465174096049544e-08
1.5361978766776038e-08
1.5361978766776038e-08
1.5341775526906364e-08
1.3264669259041494e-08
1.3264669259041494e-08
1.0311642503079263e-08
1.011691928713202e-08
7.752283268335951e-09
7.743182204386106e-09
7.743182204386106e-09
7.705382676865492e-09
7.610313985181006e-09
7.610313985181006e-09
7.07616318816918e-09
7.07616318816918e-09
7.07616318816918e-09
6.999196243120669e-09
6.981805185670709e-09
6.9779728296622436e-09
6.8089814506275445e-09
6.8089814506275445e-09
6.806007653532404e-09
6.805742815152557e-09
5.605453350792784e-09
4.758590873167527e-09
4.745483445457741e-09
4.689896468061644e-09
3.6135412873393426e-09
3.297917017490186e-09
3.2581875732921636e-09
3.247358470045439e-09
2.882551615034271e-09
7.018641969228204e-10
6.878071584949918e-10
6.508155235612561e-10
6.508155235612561e-10
6.508155235612561e-10
6.508155235612561e-10
5.670918306395297e-10
5.607537608251819e-10
5.606454247746542e-10
5.542936817911199e-10
5.522171560617361e-10
5.417026512420178e-10
5.417026512420178e-10
3.8582163054347244e-10
3.8582163054347244e-10
3.594451481444455e-10
3.567866986320868e-10
3.5450951965314723e-10
3.4959985742278713e-10
3.4881602526135073e-10
3.4881602526135073e-10
3.246624520074307e-10
1.40310979171958e-10
1.40310979171958e-10
1.3570562298346e-10
1.3526353263821725e-10
1.3526353263821725e-10
1.3176975363784177e-10
1.3161202489990065e-10
1.3160234558187895e-10
1.1042628965167524e-10
1.1041868534050798e-10
1.101350526264817e-10
1.0985269493426724e-10
1.0554401263515836e-10
5.316245716110408e-11
5.316245716110408e-11
5.264326694386067e-11
5.264326694386067e-11
5.264326694386067e-11
4.2973422351733035e-11
4.2973422351733035e-11
4.2973422351733035e-11
4.2973422351733035e-11
4.2973422351733035e-11
4.0564353447211255e-11
2.466023335841002e-11
2.466023335841002e-11
2.4280095175154318e-11
2.384879079329075e-11
2.021804497130203e-11
1.546963148013991e-11
1.546963148013991e-11
1.4023484286049903e-11
1.2986330290488205e-11
1.2798888648175802e-11
1.267904793286437e-11
1.0982600206666742e-11
8.326910204478353e-12
7.346192416922064e-12
7.346192416922064e-12
7.346192416922064e-12
6.773074049983891e-12
6.773074049983891e-12
6.51376779128839e-12
6.51376779128839e-12
4.955415133494717e-12
4.9458916423407944e-12
4.9456431344644084e-12
4.782903755222755e-12
4.5153763183076524e-12
4.472607780143367e-12
4.257391418668723e-12
4.015980819176123e-12
4.0132012238250285e-12
3.976155221135279e-12
2.8379699907571835e-12
2.6251069723606264e-12
1.715375705640916e-12
1.5476503219648643e-12
1.5173634682523451e-12
1.1985552110416432e-12
1.1773761784216835e-12
1.1047099124602614e-12
1.1047099124602614e-12
1.1047099124602614e-12
1.1016680941660385e-12
2.637564278326441e-13
2.6210304588148263e-13
2.6210304588148263e-13
2.6210304588148263e-13
2.6210304588148263e-13
2.5887727082409217e-13
2.5887727082409217e-13
2.5887727082409217e-13
2.5887727082409217e-13
2.2736279791180241e-13
2.2691496767671256e-13
2.2691496767671256e-13
2.2668496134496272e-13
2.265033423339606e-13
2.2590600189718479e-13
2.2590600189718479e-13
2.219084551164044e-13
2.219084551164044e-13
2.196204840206714e-13
2.196204840206714e-13
2.1539370261108935e-13
2.1499994450890626e-13
2.1321124820237403e-13
1.8373819663763643e-13
1.8373819663763643e-13
1.8373819663763643e-13
1.5074295307791239e-13
1.5019016068872193e-13
8.199727898527962e-14
8.199727898527962e-14
8.15204223098425e-14
8.15204223098425e-14
8.15204223098425e-14
7.96744229562899e-14
7.944678111868274e-14
4.7523992438835026e-14
4.7523992438835026e-14
4.739584677530682e-14
4.739584677530682e-14
4.279528498357833e-14
4.279528498357833e-14
4.241291979216092e-14
2.3168853846447274e-14
2.137808013128134e-14
2.137808013128134e-14
2.137808013128134e-14
2.1014023194690393e-14
2.1014023194690393e-14
2.1014023194690393e-14
2.0634008612142425e-14
2.0485925932029925e-14
1.8184027925677607e-14
1.8184027925677607e-14
1.8184027925677607e-14
9.877028887194003e-15
9.877028887194003e-15
9.877028887194003e-15
5.612206944719959e-15
5.612206944719959e-15
5.251050707423325e-15
5.1670214883769374e-15
5.1670214883769374e-15
5.1670214883769374e-15
5.1670214883769374e-15
5.1670214883769374e-15
5.1670214883769374e-15
4.918054978199186e-15
4.918054978199186e-15
4.587458181472212e-15
4.528371309631109e-15
3.968174001842061e-15
3.794721357723545e-15
3.794721357723545e-15
3.794721357723545e-15
3.524099813019818e-15
3.4907506561885586e-15
3.4319189661836323e-15
2.8999627244427315e-15
2.403657986011795e-15
2.3601635954828044e-15
2.3601635954828044e-15
2.3601635954828044e-15
1.2046066273575996e-15
1.2046066273575996e-15
1.2046066273575996e-15
1.2046066273575996e-15
1.2046066273575996e-15
1.2046066273575996e-15
1.2046066273575996e-15
1.2046066273575996e-15
1.2046066273575996e-15
1.2046066273575996e-15
9.897012004335091e-16
9.897012004335091e-16
9.897012004335091e-16
9.897012004335091e-16
9.897012004335091e-16
9.897012004335091e-16
9.897012004335091e-16
9.897012004335091e-16
9.714391950863008e-16
7.048875257062667e-16
7.048875257062667e-16
7.048875257062667e-16
7.048875257062667e-16
7.048875257062667e-16
7.048875257062667e-16
7.048875257062667e-16
7.048875257062667e-16
7.048875257062667e-16
7.048875257062667e-16
7.048875257062667e-16
7.048875257062667e-16
7.048875257062667e-16
7.048875257062667e-16
7.048875257062667e-16
7.048875257062667e-16
7.048875257062667e-16
7.048875257062667e-16
7.048875257062667e-16
7.048875257062667e-16
7.048875257062667e-16
7.048875257062667e-16
7.048875257062667e-16
7.048875257062667e-16
7.048875257062667e-16
7.048875257062667e-16
7.048875257062667e-16
7.048875257062667e-16
7.048875257062667e-16
7.048875257062667e-16
7.048875257062667e-16
7.048875257062667e-16
7.048875257062667e-16
7.048875257062667e-16
7.048875257062667e-16
7.048875257062667e-16
7.048875257062667e-16
7.048875257062667e-16
7.048875257062667e-16
7.048875257062667e-16
7.048875257062667e-16
7.048875257062667e-16
7.048875257062667e-16
7.048875257062667e-16
7.048875257062667e-16
5.72089812738658e-16
5.72089812738658e-16
5.72089812738658e-16
5.424472543111827e-16
5.424472543111827e-16
5.424472543111827e-16
5.424472543111827e-16
5.424472543111827e-16
5.424472543111827e-16
5.424472543111827e-16
5.424472543111827e-16
5.424472543111827e-16
5.424472543111827e-16
5.424472543111827e-16
5.424472543111827e-16
5.424472543111827e-16
5.424472543111827e-16
5.424472543111827e-16
5.424472543111827e-16
5.424472543111827e-16
5.424472543111827e-16
5.424472543111827e-16
5.424472543111827e-16
5.424472543111827e-16
5.424472543111827e-16
5.424472543111827e-16
5.424472543111827e-16
5.424472543111827e-16
5.424472543111827e-16
5.424472543111827e-16
5.424472543111827e-16
5.424472543111827e-16
5.424472543111827e-16
5.424472543111827e-16
5.424472543111827e-16
5.424472543111827e-16
5.424472543111827e-16
5.424472543111827e-16
5.424472543111827e-16
5.424472543111827e-16
5.424472543111827e-16
5.424472543111827e-16
5.424472543111827e-16
5.424472543111827e-16
5.424472543111827e-16
5.424472543111827e-16
5.424472543111827e-16
5.424472543111827e-16
5.424472543111827e-16
5.424472543111827e-16
5.424472543111827e-16
5.424472543111827e-16
5.424472543111827e-16
5.424472543111827e-16
5.424472543111827e-16
5.424472543111827e-16
5.424472543111827e-16
5.424472543111827e-16
5.424472543111827e-16
5.424472543111827e-16
5.424472543111827e-16
5.424472543111827e-16
5.424472543111827e-16
5.424472543111827e-16
5.424472543111827e-16
5.424472543111827e-16
5.424472543111827e-16
5.424472543111827e-16
5.424472543111827e-16
5.424472543111827e-16
5.424472543111827e-16
5.424472543111827e-16
5.424472543111827e-16
5.424472543111827e-16
5.424472543111827e-16
5.424472543111827e-16
5.424472543111827e-16
5.424472543111827e-16
5.424472543111827e-16
5.424472543111827e-16
5.424472543111827e-16
5.424472543111827e-16
5.424472543111827e-16
5.424472543111827e-16
5.424472543111827e-16
5.424472543111827e-16
5.424472543111827e-16
5.424472543111827e-16
5.424472543111827e-16
5.424472543111827e-16
5.424472543111827e-16
5.424472543111827e-16
5.424472543111827e-16
5.424472543111827e-16
5.424472543111827e-16
5.424472543111827e-16
5.424472543111827e-16
5.424472543111827e-16
5.424472543111827e-16
5.424472543111827e-16
5.424472543111827e-16
5.424472543111827e-16
5.424472543111827e-16
5.424472543111827e-16
5.424472543111827e-16
5.424472543111827e-16
5.424472543111827e-16
5.424472543111827e-16
5.424472543111827e-16
5.424472543111827e-16
5.424472543111827e-16
5.424472543111827e-16
5.424472543111827e-16
5.424472543111827e-16
5.424472543111827e-16
5.424472543111827e-16
5.424472543111827e-16
5.424472543111827e-16
5.424472543111827e-16
5.424472543111827e-16
5.424472543111827e-16
5.424472543111827e-16
5.424472543111827e-16
5.424472543111827e-16
5.424472543111827e-16
5.424472543111827e-16
5.424472543111827e-16
5.424472543111827e-16
5.424472543111827e-16
5.424472543111827e-16
5.424472543111827e-16
5.424472543111827e-16
5.424472543111827e-16
5.424472543111827e-16
5.424472543111827e-16
5.424472543111827e-16
5.424472543111827e-16
5.424472543111827e-16
5.424472543111827e-16
5.424472543111827e-16
5.424472543111827e-16
5.424472543111827e-16
5.424472543111827e-16
5.424472543111827e-16
5.424472543111827e-16
5.424472543111827e-16
5.424472543111827e-16
5.424472543111827e-16
5.424472543111827e-16
5.424472543111827e-16
5.424472543111827e-16
5.424472543111827e-16
5.424472543111827e-16
5.424472543111827e-16
5.424472543111827e-16
5.424472543111827e-16
5.424472543111827e-16
5.424472543111827e-16
5.424472543111827e-16
5.424472543111827e-16
5.424472543111827e-16
5.424472543111827e-16
5.424472543111827e-16
5.424472543111827e-16
5.424472543111827e-16
5.424472543111827e-16
5.424472543111827e-16
5.424472543111827e-16
5.424472543111827e-16
5.424472543111827e-16
5.424472543111827e-16
5.424472543111827e-16
5.424472543111827e-16
5.424472543111827e-16
5.424472543111827e-16
5.424472543111827e-16
5.424472543111827e-16
5.424472543111827e-16
5.424472543111827e-16
5.424472543111827e-16
5.424472543111827e-16
5.424472543111827e-16
5.424472543111827e-16
5.424472543111827e-16
5.424472543111827e-16
5.424472543111827e-16
5.424472543111827e-16
5.424472543111827e-16
5.424472543111827e-16
5.424472543111827e-16
5.424472543111827e-16
5.424472543111827e-16
5.424472543111827e-16
5.424472543111827e-16
5.424472543111827e-16
5.424472543111827e-16
5.424472543111827e-16
5.424472543111827e-16
5.424472543111827e-16
5.424472543111827e-16
5.424472543111827e-16
5.424472543111827e-16
5.424472543111827e-16
5.424472543111827e-16
5.424472543111827e-16
5.424472543111827e-16
5.424472543111827e-16
5.424472543111827e-16
5.424472543111827e-16
5.424472543111827e-16
5.424472543111827e-16
5.424472543111827e-16
5.424472543111827e-16
5.424472543111827e-16
5.424472543111827e-16
5.424472543111827e-16
5.424472543111827e-16
5.424472543111827e-16
5.424472543111827e-16
5.424472543111827e-16
5.424472543111827e-16
5.424472543111827e-16
5.424472543111827e-16
5.424472543111827e-16
5.424472543111827e-16
5.424472543111827e-16
5.424472543111827e-16
5.424472543111827e-16
5.424472543111827e-16
5.424472543111827e-16
5.424472543111827e-16
5.424472543111827e-16
5.424472543111827e-16
5.424472543111827e-16
5.424472543111827e-16
5.424472543111827e-16
5.424472543111827e-16
5.424472543111827e-16
5.424472543111827e-16
5.424472543111827e-16
5.424472543111827e-16
5.424472543111827e-16
5.424472543111827e-16
5.424472543111827e-16
5.424472543111827e-16
5.424472543111827e-16
5.424472543111827e-16
5.424472543111827e-16
5.424472543111827e-16
5.424472543111827e-16
5.424472543111827e-16
5.424472543111827e-16
5.424472543111827e-16
5.424472543111827e-16
5.424472543111827e-16
5.424472543111827e-16
5.424472543111827e-16
5.424472543111827e-16
5.424472543111827e-16
5.424472543111827e-16
5.424472543111827e-16
5.424472543111827e-16
5.424472543111827e-16
5.424472543111827e-16
5.424472543111827e-16
5.424472543111827e-16
5.424472543111827e-16
5.424472543111827e-16
5.424472543111827e-16
5.424472543111827e-16
5.424472543111827e-16
5.424472543111827e-16
5.424472543111827e-16
5.424472543111827e-16
5.424472543111827e-16
5.424472543111827e-16
5.424472543111827e-16
5.424472543111827e-16
5.424472543111827e-16
5.424472543111827e-16
5.424472543111827e-16
5.424472543111827e-16
5.424472543111827e-16
5.424472543111827e-16
5.424472543111827e-16
5.424472543111827e-16
5.424472543111827e-16
5.424472543111827e-16
5.424472543111827e-16
5.424472543111827e-16
5.424472543111827e-16
5.424472543111827e-16
5.424472543111827e-16
5.424472543111827e-16
5.424472543111827e-16
5.424472543111827e-16
5.424472543111827e-16
5.424472543111827e-16
5.424472543111827e-16
5.424472543111827e-16
5.424472543111827e-16
5.424472543111827e-16
5.424472543111827e-16
5.424472543111827e-16
5.424472543111827e-16
5.424472543111827e-16
5.424472543111827e-16
5.424472543111827e-16
5.424472543111827e-16
5.424472543111827e-16
5.424472543111827e-16
5.424472543111827e-16
5.424472543111827e-16
5.424472543111827e-16
5.424472543111827e-16
5.424472543111827e-16
5.424472543111827e-16
5.424472543111827e-16
5.424472543111827e-16
5.424472543111827e-16
5.424472543111827e-16
5.424472543111827e-16
5.424472543111827e-16
5.424472543111827e-16
5.424472543111827e-16
5.424472543111827e-16
5.424472543111827e-16
5.424472543111827e-16
5.424472543111827e-16
5.424472543111827e-16
5.424472543111827e-16
5.424472543111827e-16
5.424472543111827e-16
5.424472543111827e-16
5.424472543111827e-16
5.424472543111827e-16
5.424472543111827e-16
5.424472543111827e-16
5.424472543111827e-16
5.424472543111827e-16
5.424472543111827e-16
5.424472543111827e-16
5.424472543111827e-16
5.424472543111827e-16
5.424472543111827e-16
5.424472543111827e-16
5.424472543111827e-16
5.424472543111827e-16
5.424472543111827e-16
5.424472543111827e-16
5.424472543111827e-16
5.424472543111827e-16
5.424472543111827e-16
5.424472543111827e-16
5.424472543111827e-16
5.424472543111827e-16
5.424472543111827e-16
5.424472543111827e-16
5.424472543111827e-16
5.424472543111827e-16
5.424472543111827e-16
5.424472543111827e-16
5.424472543111827e-16
5.424472543111827e-16
5.424472543111827e-16
5.424472543111827e-16
5.424472543111827e-16
5.424472543111827e-16
5.424472543111827e-16
5.424472543111827e-16
5.424472543111827e-16
5.424472543111827e-16
5.424472543111827e-16
5.424472543111827e-16
5.424472543111827e-16
5.424472543111827e-16
5.424472543111827e-16
5.424472543111827e-16
5.424472543111827e-16
5.424472543111827e-16
