9554.94654072459
9428.659421609234
9428.659421609234
9355.239827124264
9186.417160543107
9184.16500458152
9184.16500458152
9171.71264393167
8981.723877473045
8981.723877473045
8981.723877473045
8730.453722348011
8517.264300623947
8517.264300623947
8362.714680144916
8134.293724192491
8134.293724192491
8072.749624757225
8027.128765801067
7791.014718451936
7791.014718451936
7791.014718451936
7791.014718451936
7443.805427428798
7443.805427428798
7432.254861666361
7350.462460808831
7201.307544253537
6975.685504741213
6945.533261750051
6945.533261750051
6916.77404476027
6646.670798694485
6596.73650199532
6480.53627877322
6480.53627877322
6357.412173117881
6168.425780576181
5986.878203563109
5986.878203563109
5943.622110165451
5773.467804327453
5608.514117591377
5608.514117591377
5568.274968480057
5464.851550183475
5464.851550183475
5299.9991427175755
5299.9991427175755
5031.716371617325
5031.716371617325
5031.716371617325
5031.716371617325
4858.315284614053
4735.192742721133
4615.989434162243
4613.586201751205
4179.499860969287
4125.066501748128
4125.066501748128
4125.066501748128
4125.066501748128
4122.55555306357
3916.5046269156555
3916.5046269156555
3916.5046269156555
3854.09804068033
3854.09804068033
3854.09804068033
3715.9052467029796
3469.9820799779027
3426.7749191334296
3426.7749191334296
3426.7749191334296
3130.383308704666
3130.2164336007554
2761.2174098553114
2761.2174098553114
2761.2174098553114
2761.2174098553114
2706.3922881091094
2706.3922881091094
2706.3922881091094
2706.3922881091094
2659.4405638950266
2659.4405638950266
2659.4405638950266
2574.5306476732876
2574.5306476732876
2574.5306476732876
2574.5306476732876
2574.5306476732876
2574.5306476732876
2488.2244652899208
2362.367931685898
2344.235725345945
2344.235725345945
2344.235725345945
2291.580552694577
2287.0664911375807
2125.3463270213397
1985.3882677218662
1985.3509042635487
1985.3509042635487
1981.0157659110955
1980.952403285477
1980.1578110430983
1980.1578110430983
1862.8898752227597
1862.8898752227597
1810.084018227455
1810.084018227455
1681.5396444140533
1681.2592007148978
1681.2592007148978
1679.907938341099
1512.865534941655
1512.8245417851267
1512.5692061020818
1489.4547735839988
1479.723741812224
1403.5719900653257
1403.5719900653257
1403.5719900653257
1351.3833052416721
1351.3833052416721
1265.616417960553
1265.616417960553
1265.616417960553
1265.616417960553
1265.616417960553
1242.2056055070552
1122.658539696422
1104.049211632686
1024.2406605963952
878.441503490505
878.441503490505
878.441503490505
878.441503490505
878.441503490505
878.441503490505
877.2942768045014
824.04847472451
823.4943074090115
823.4943074090115
823.4943074090115
822.905622570901
822.7525984116292
726.9785620592575
726.9785620592575
725.2499485704302
725.2378054448145
725.2378054448145
725.2378054448145
725.2378054448145
612.7049608952566
611.3021573524566
611.2973157485594
606.6274326527782
600.0021838487337
599.0506911026732
599.0506911026732
599.0506911026732
568.0131595881121
504.4379505699835
492.8053007610433
492.8053007610433
492.79750474655884
492.79750474655884
492.76641875126006
492.76641875126006
492.76641875126006
491.81493499248427
482.76571628460624
482.7304869383788
475.5919004559164
453.28593572257887
453.28593572257887
364.02583956157105
363.9951246663859
357.5618120308336
357.41604178790476
357.41604178790476
310.0671986188281
309.8849757869684
309.8472394049113
309.8380321958357
309.8336610816132
305.8120277821781
305.8120277821781
296.8301254671769
278.1713861160151
277.10759083349876
277.0924866790738
277.0601659794538
273.60396767303973
272.559577040558
272.559577040558
272.559577040558
268.5668726532367
248.07954146365773
248.0701336099355
248.07012222232333
248.0698495070974
248.05406364292503
248.05406364292503
248.04826332046832
248.04826332046832
247.4641078262921
247.4641078262921
247.4641078262921
247.40581426770586
245.5800030037717
241.7023156351479
241.7022588730306
241.70220966975467
241.66835891056508
241.66835891056508
241.38071566517647
239.71167715730735
239.71167715730735
239.6931146414645
239.64898689203255
239.33421198221913
239.33391526846026
239.32990246249938
239.3065597705081
239.3065597705081
239.3065597705081
239.22432679375925
239.1007095470177
239.10059742787598
238.58545795702958
238.2596896195173
238.23890971244145
238.23813059839813
238.23812718727095
238.23335054232302
238.23310908913845
238.21864352116063
238.21864352116063
237.27784179708215
150.83670096218884
150.8336754319298
148.9096023905695
148.9096023905695
148.9096023905695
148.9096023905695
148.9075382849278
148.8140310379913
148.8140310379913
148.41570308887094
148.41567917840075
148.1529701194777
148.1529701194777
148.1529701194777
148.1520217765301
148.1520217765301
148.1520217765301
147.6915171116143
147.6915171116143
147.31962298584767
146.28269330563126
146.28269330563126
146.28269330563126
146.28267150782813
146.1997444602075
146.02869799125074
146.02869799125074
145.73380962450756
145.38433731381338
145.3843370742652
123.5529824577734
123.5529824577734
123.5529824577734
123.55298239950025
123.55292272225415
123.55292272225415
123.55273110820053
123.55273110820053
123.26782082825775
123.26782082825775
123.26773234980101
123.26773234980101
123.26773234980101
123.26773176903589
112.62726208904314
112.62705844927041
112.62705807573366
110.19091950106122
29.023314223837588
29.022805278571468
29.022492071007946
29.022492071007946
29.003614837973146
29.000529115501195
28.999626343354976
26.985063840955263
26.985063840955263
26.98497908166246
26.98497893745116
26.94532327504203
26.172505762287983
26.17250466273981
26.17250145854996
26.171126697736327
26.171126697736327
26.17093616544844
26.170936145075757
16.379259987359546
16.379259987359546
16.379259978128175
16.378786412289628
16.37866958815357
5.283819175543613
5.283818874431745
5.28380199043022
5.283801990059146
5.282633507420542
4.104227125098987
4.104227114574314
4.104227060903213
4.10422601972823
4.10422601972823
4.104185363168654
4.104078196178307
4.1040781919364235
1.3664148975403805
1.3657683082237781
0.27884629634536395
0.27884629634536395
0.2784992937686184
0.2784992937686184
0.2784992937686184
0.23560180078129633
0.2355547791303252
0.23555477268018876
0.2352985037396138
0.23529845067605493
0.04641941510999459
0.04630669419202604
0.046306689218909014
0.04630659459508024
0.04505148803218617
0.04462718170725566
0.04462718164541002
0.0446271702676313
0.0446271702676313
0.0446271702676313
0.04462716966372682
0.04462716966372682
0.044596151150471997
0.044596151150471997
0.044596151150471997
0.044596151150471997
0.01412506392262003
0.01412506318592932
0.014125063000392402
0.014124972671197611
0.01412079611873196
0.014120795940470998
0.014120795514827478
0.014033809333341196
0.014033809333341196
0.014033809333341196
0.014033809333341196
0.014033809333341196
0.014033787965672673
0.014033787965672673
0.014025035119630047
0.014007372366904747
0.013953948217022116
0.013890954789530952
0.0027131430761073716
0.002702116089494666
0.0005779137864010409
0.0005778748400189215
0.0005777811002189992
0.0005776730849902378
0.0005776730849902378
0.0005776730849902378
0.0005776730849902378
0.0005776730849902378
0.0005776700090791564
0.0005772177519247634
0.0005772177519247634
0.0002382315487921005
0.0002382315487921005
7.238065882120281e-05
7.238064245029818e-05
7.188800191215705e-05
7.188800191215705e-05
7.173282210715115e-05
7.137184911698569e-05
4.209362487017643e-05
3.681374801089987e-05
3.676007872854825e-05
3.6760075090569444e-05
3.6760075090569444e-05
3.6625857319450006e-05
3.6598401493392885e-05
3.659839239844587e-05
3.659839239844587e-05
3.612138061726e-05
3.1559720810037106e-05
3.1559720810037106e-05
3.155372178298421e-05
3.155372178298421e-05
3.155372178298421e-05
3.1400395528180525e-05
3.1400395528180525e-05
2.2546721083926968e-05
2.254663013445679e-05
2.254663013445679e-05
2.254663013445679e-05
2.2414167688111775e-05
2.2414167688111775e-05
2.2414167688111775e-05
2.241410948045086e-05
1.3372793546295725e-05
1.3372793546295725e-05
1.331067323917523e-05
1.331067323917523e-05
1.331067323917523e-05
1.331067323917523e-05
1.331067323917523e-05
1.331064777332358e-05
9.296767530031502e-06
9.296767530031502e-06
9.296732969232835e-06
9.084105840884149e-06
9.084105840884149e-06
9.084105840884149e-06
8.877852451405488e-06
8.877852451405488e-06
8.713141141925007e-06
8.713141141925007e-06
6.968792149564251e-06
6.968792149564251e-06
6.968655725358985e-06
6.968655725358985e-06
6.968655725358985e-06
6.968655725358985e-06
6.89425905875396e-06
3.875580659951083e-06
3.875580659951083e-06
3.875580659951083e-06
3.875580659951083e-06
3.875569746014662e-06
3.875569746014662e-06
3.875569746014662e-06
3.875569746014662e-06
3.875569746014662e-06
3.8170346670085564e-06
3.8170346670085564e-06
3.8170346670085564e-06
3.817032848019153e-06
3.817016477114521e-06
3.713910700753331e-06
3.713910700753331e-06
3.713910700753331e-06
3.7108020478626713e-06
8.17733962321654e-07
8.172064553946257e-07
8.172064553946257e-07
8.172064553946257e-07
8.14801751403138e-07
8.14801751403138e-07
7.908511179266497e-07
5.691272235708311e-07
5.691053956979886e-07
5.603178578894585e-07
5.603178578894585e-07
5.603178578894585e-07
5.603178578894585e-07
1.6842750483192503e-07
1.68307451531291e-07
1.68307451531291e-07
1.5714249457232654e-07
1.570770109537989e-07
1.570770109537989e-07
1.2690725270658731e-07
1.2690725270658731e-07
1.2480995792429894e-07
1.2480995792429894e-07
1.248081389348954e-07
9.685209079179913e-08
9.281029633712023e-08
9.281029633712023e-08
9.281029633712023e-08
9.281029633712023e-08
6.873415259178728e-08
4.454159352462739e-08
4.406319931149483e-08
4.4028638512827456e-08
4.4028638512827456e-08
4.4028638512827456e-08
4.4028638512827456e-08
4.4028638512827456e-08
4.401954356580973e-08
4.286266630515456e-08
4.286266630515456e-08
4.286266630515456e-08
4.285902832634747e-08
4.2708052205853164e-08
4.26498445449397e-08
4.246430762577802e-08
4.063804226461798e-08
4.063804226461798e-08
4.063804226461798e-08
4.0428858483210206e-08
2.3777829483151436e-08
1.879743649624288e-08
1.5210389392450452e-08
7.012204150669277e-09
7.012204150669277e-09
7.012204150669277e-09
6.890331860631704e-09
5.584297468885779e-09
5.584297468885779e-09
5.4315023589879274e-09
5.4315023589879274e-09
5.027686711400747e-09
2.4774635676294565e-09
2.4774635676294565e-09
2.4774635676294565e-09
2.473825588822365e-09
2.472006599418819e-09
2.422893885523081e-09
2.0463630789890885e-09
1.9717845134437084e-09
1.8826540326699615e-09
1.8826540326699615e-09
1.5115801943466067e-09
1.5115801943466067e-09
8.421920938417315e-10
8.385541150346398e-10
8.385541150346398e-10
8.385541150346398e-10
7.203198038041592e-10
7.203198038041592e-10
7.203198038041592e-10
7.203198038041592e-10
5.948095349594951e-10
5.948095349594951e-10
5.948095349594951e-10
5.948095349594951e-10
5.802576197311282e-10
5.802576197311282e-10
5.802576197311282e-10
5.802576197311282e-10
4.94765117764473e-10
4.94765117764473e-10
4.656612873077393e-10
4.656612873077393e-10
4.43833414465189e-10
4.43833414465189e-10
4.43833414465189e-10
3.4560798667371273e-10
3.4560798667371273e-10
3.4560798667371273e-10
3.4560798667371273e-10
3.4560798667371273e-10
2.128217602148652e-10
2.128217602148652e-10
2.128217602148652e-10
2.128217602148652e-10
2.128217602148652e-10
1.4370016288012266e-10
1.4370016288012266e-10
1.4006218407303095e-10
1.4006218407303095e-10
1.3278622645884752e-10
1.3278622645884752e-10
1.291482476517558e-10
1.291482476517558e-10
1.291482476517558e-10
1.291482476517558e-10
6.366462912410498e-11
6.366462912410498e-11
6.366462912410498e-11
6.366462912410498e-11
3.456079866737127e-11
3.456079866737127e-11
3.456079866737127e-11
3.092281986027956e-11
2.7284841053187847e-11
2.7284841053187847e-11
2.3646862246096134e-11
2.3646862246096134e-11
2.3646862246096134e-11
1.8189894035458565e-11
1.8189894035458565e-11
1.8189894035458565e-11
1.2732925824820995e-11
1.2732925824820995e-11
1.0913936421275139e-11
1.0913936421275139e-11
1.0913936421275139e-11
1.0913936421275139e-11
1.0913936421275139e-11
9.094947017729282e-12
9.094947017729282e-12
9.094947017729282e-12
9.094947017729282e-12
9.094947017729282e-12
9.094947017729282e-12
9.094947017729282e-12
9.094947017729282e-12
9.094947017729282e-12
9.094947017729282e-12
9.094947017729282e-12
9.094947017729282e-12
9.094947017729282e-12
9.094947017729282e-12
9.094947017729282e-12
9.094947017729282e-12
9.094947017729282e-12
9.094947017729282e-12
9.094947017729282e-12
9.094947017729282e-12
9.094947017729282e-12
7.275957614183426e-12
7.275957614183426e-12
7.275957614183426e-12
7.275957614183426e-12
7.275957614183426e-12
7.275957614183426e-12
7.275957614183426e-12
7.275957614183426e-12
7.275957614183426e-12
7.275957614183426e-12
7.275957614183426e-12
5.4569682106375694e-12
5.4569682106375694e-12
5.4569682106375694e-12
5.4569682106375694e-12
5.4569682106375694e-12
5.4569682106375694e-12
5.4569682106375694e-12
5.4569682106375694e-12
5.4569682106375694e-12
5.4569682106375694e-12
5.4569682106375694e-12
5.4569682106375694e-12
5.4569682106375694e-12
5.4569682106375694e-12
5.4569682106375694e-12
5.4569682106375694e-12
5.4569682106375694e-12
5.4569682106375694e-12
5.4569682106375694e-12
5.4569682106375694e-12
5.4569682106375694e-12
5.4569682106375694e-12
5.4569682106375694e-12
5.4569682106375694e-12
5.4569682106375694e-12
5.4569682106375694e-12
5.4569682106375694e-12
5.4569682106375694e-12
5.4569682106375694e-12
5.4569682106375694e-12
5.4569682106375694e-12
5.4569682106375694e-12
5.4569682106375694e-12
5.4569682106375694e-12
5.4569682106375694e-12
5.4569682106375694e-12
5.4569682106375694e-12
5.4569682106375694e-12
5.4569682106375694e-12
5.4569682106375694e-12
5.4569682106375694e-12
5.4569682106375694e-12
5.4569682106375694e-12
5.4569682106375694e-12
5.4569682106375694e-12
5.4569682106375694e-12
5.4569682106375694e-12
5.4569682106375694e-12
5.4569682106375694e-12
5.4569682106375694e-12
5.4569682106375694e-12
5.4569682106375694e-12
5.4569682106375694e-12
5.4569682106375694e-12
5.4569682106375694e-12
5.4569682106375694e-12
5.4569682106375694e-12
5.4569682106375694e-12
5.4569682106375694e-12
5.4569682106375694e-12
5.4569682106375694e-12
5.4569682106375694e-12
5.4569682106375694e-12
5.4569682106375694e-12
5.4569682106375694e-12
5.4569682106375694e-12
5.4569682106375694e-12
5.4569682106375694e-12
5.4569682106375694e-12
5.4569682106375694e-12
5.4569682106375694e-12
5.4569682106375694e-12
5.4569682106375694e-12
5.4569682106375694e-12
5.4569682106375694e-12
5.4569682106375694e-12
5.4569682106375694e-12
5.4569682106375694e-12
5.4569682106375694e-12
5.4569682106375694e-12
5.4569682106375694e-12
5.4569682106375694e-12
5.4569682106375694e-12
5.4569682106375694e-12
5.4569682106375694e-12
5.4569682106375694e-12
5.4569682106375694e-12
5.4569682106375694e-12
5.4569682106375694e-12
5.4569682106375694e-12
5.4569682106375694e-12
5.4569682106375694e-12
5.4569682106375694e-12
5.4569682106375694e-12
5.4569682106375694e-12
5.4569682106375694e-12
5.4569682106375694e-12
5.4569682106375694e-12
5.4569682106375694e-12
5.4569682106375694e-12
5.4569682106375694e-12
5.4569682106375694e-12
5.4569682106375694e-12
5.4569682106375694e-12
5.4569682106375694e-12
5.4569682106375694e-12
5.4569682106375694e-12
5.4569682106375694e-12
5.4569682106375694e-12
5.4569682106375694e-12
5.4569682106375694e-12
5.4569682106375694e-12
5.4569682106375694e-12
5.4569682106375694e-12
5.4569682106375694e-12
5.4569682106375694e-12
5.4569682106375694e-12
5.4569682106375694e-12
5.4569682106375694e-12
5.4569682106375694e-12
5.4569682106375694e-12
5.4569682106375694e-12
5.4569682106375694e-12
5.4569682106375694e-12
5.4569682106375694e-12
5.4569682106375694e-12
5.4569682106375694e-12
5.4569682106375694e-12
5.4569682106375694e-12
5.4569682106375694e-12
5.4569682106375694e-12
5.4569682106375694e-12
5.4569682106375694e-12
5.4569682106375694e-12
5.4569682106375694e-12
5.4569682106375694e-12
5.4569682106375694e-12
5.4569682106375694e-12
5.4569682106375694e-12
5.4569682106375694e-12
5.4569682106375694e-12
5.4569682106375694e-12
5.4569682106375694e-12
5.4569682106375694e-12
5.4569682106375694e-12
5.4569682106375694e-12
5.4569682106375694e-12
5.4569682106375694e-12
5.4569682106375694e-12
5.4569682106375694e-12
5.4569682106375694e-12
5.4569682106375694e-12
5.4569682106375694e-12
5.4569682106375694e-12
5.4569682106375694e-12
5.4569682106375694e-12
5.4569682106375694e-12
5.4569682106375694e-12
5.4569682106375694e-12
5.4569682106375694e-12
5.4569682106375694e-12
5.4569682106375694e-12
5.4569682106375694e-12
5.4569682106375694e-12
5.4569682106375694e-12
5.4569682106375694e-12
5.4569682106375694e-12
5.4569682106375694e-12
5.4569682106375694e-12
5.4569682106375694e-12
5.4569682106375694e-12
5.4569682106375694e-12
5.4569682106375694e-12
5.4569682106375694e-12
5.4569682106375694e-12
5.4569682106375694e-12
5.4569682106375694e-12
5.4569682106375694e-12
5.4569682106375694e-12
5.4569682106375694e-12
5.4569682106375694e-12
5.4569682106375694e-12
5.4569682106375694e-12
5.4569682106375694e-12
5.4569682106375694e-12
5.4569682106375694e-12
5.4569682106375694e-12
5.4569682106375694e-12
5.4569682106375694e-12
5.4569682106375694e-12
5.4569682106375694e-12
5.4569682106375694e-12
5.4569682106375694e-12
5.4569682106375694e-12
5.4569682106375694e-12
5.4569682106375694e-12
5.4569682106375694e-12
5.4569682106375694e-12
5.4569682106375694e-12
5.4569682106375694e-12
5.4569682106375694e-12
5.4569682106375694e-12
5.4569682106375694e-12
5.4569682106375694e-12
5.4569682106375694e-12
5.4569682106375694e-12
5.4569682106375694e-12
5.4569682106375694e-12
5.4569682106375694e-12
5.4569682106375694e-12
5.4569682106375694e-12
5.4569682106375694e-12
5.4569682106375694e-12
5.4569682106375694e-12
5.4569682106375694e-12
5.4569682106375694e-12
5.4569682106375694e-12
5.4569682106375694e-12
5.4569682106375694e-12
5.4569682106375694e-12
5.4569682106375694e-12
5.4569682106375694e-12
5.4569682106375694e-12
5.4569682106375694e-12
5.4569682106375694e-12
5.4569682106375694e-12
5.4569682106375694e-12
5.4569682106375694e-12
5.4569682106375694e-12
5.4569682106375694e-12
5.4569682106375694e-12
5.4569682106375694e-12
5.4569682106375694e-12
5.4569682106375694e-12
5.4569682106375694e-12
5.4569682106375694e-12
5.4569682106375694e-12
5.4569682106375694e-12
5.4569682106375694e-12
5.4569682106375694e-12
5.4569682106375694e-12
5.4569682106375694e-12
5.4569682106375694e-12
5.4569682106375694e-12
5.4569682106375694e-12
5.4569682106375694e-12
5.4569682106375694e-12
5.4569682106375694e-12
5.4569682106375694e-12
5.4569682106375694e-12
5.4569682106375694e-12
5.4569682106375694e-12
5.4569682106375694e-12
5.4569682106375694e-12
5.4569682106375694e-12
5.4569682106375694e-12
5.4569682106375694e-12
5.4569682106375694e-12
5.4569682106375694e-12
5.4569682106375694e-12
5.4569682106375694e-12
5.4569682106375694e-12
5.4569682106375694e-12
5.4569682106375694e-12
5.4569682106375694e-12
5.4569682106375694e-12
5.4569682106375694e-12
5.4569682106375694e-12
5.4569682106375694e-12
5.4569682106375694e-12
5.4569682106375694e-12
5.4569682106375694e-12
5.4569682106375694e-12
5.4569682106375694e-12
5.4569682106375694e-12
5.4569682106375694e-12
5.4569682106375694e-12
5.4569682106375694e-12
5.4569682106375694e-12
5.4569682106375694e-12
5.4569682106375694e-12
5.4569682106375694e-12
5.4569682106375694e-12
5.4569682106375694e-12
5.4569682106375694e-12
5.4569682106375694e-12
5.4569682106375694e-12
5.4569682106375694e-12
5.4569682106375694e-12
5.4569682106375694e-12
5.4569682106375694e-12
5.4569682106375694e-12
5.4569682106375694e-12
5.4569682106375694e-12
5.4569682106375694e-12
5.4569682106375694e-12
5.4569682106375694e-12
5.4569682106375694e-12
5.4569682106375694e-12
5.4569682106375694e-12
5.4569682106375694e-12
5.4569682106375694e-12
5.4569682106375694e-12
5.4569682106375694e-12
5.4569682106375694e-12
5.4569682106375694e-12
5.4569682106375694e-12
5.4569682106375694e-12
5.4569682106375694e-12
5.4569682106375694e-12
5.4569682106375694e-12
5.4569682106375694e-12
5.4569682106375694e-12
5.4569682106375694e-12
5.4569682106375694e-12
5.4569682106375694e-12
5.4569682106375694e-12
5.4569682106375694e-12
5.4569682106375694e-12
5.4569682106375694e-12
5.4569682106375694e-12
5.4569682106375694e-12
5.4569682106375694e-12
5.4569682106375694e-12
5.4569682106375694e-12
5.4569682106375694e-12
5.4569682106375694e-12
5.4569682106375694e-12
5.4569682106375694e-12
5.4569682106375694e-12
5.4569682106375694e-12
5.4569682106375694e-12
5.4569682106375694e-12
5.4569682106375694e-12
5.4569682106375694e-12
5.4569682106375694e-12
5.4569682106375694e-12
5.4569682106375694e-12
5.4569682106375694e-12
5.4569682106375694e-12
5.4569682106375694e-12
5.4569682106375694e-12
5.4569682106375694e-12
5.4569682106375694e-12
5.4569682106375694e-12
5.4569682106375694e-12
5.4569682106375694e-12
5.4569682106375694e-12
5.4569682106375694e-12
5.4569682106375694e-12
5.4569682106375694e-12
5.4569682106375694e-12
5.4569682106375694e-12
5.4569682106375694e-12
5.4569682106375694e-12
5.4569682106375694e-12
5.4569682106375694e-12
5.4569682106375694e-12
5.4569682106375694e-12
5.4569682106375694e-12
5.4569682106375694e-12
5.4569682106375694e-12
5.4569682106375694e-12
5.4569682106375694e-12
5.4569682106375694e-12
5.4569682106375694e-12
5.4569682106375694e-12
