60030.40040913342
59096.34070860175
59096.34070860175
53687.61399592015
53686.89910100486
53272.01668914606
50458.923169673355
50458.923169673355
49481.23897478323
45817.953383350046
33107.99209393785
33107.99209393785
28885.027925846804
28241.46342476126
26319.138261385295
26319.138261385295
26200.35101755786
24908.181088790014
24908.08996845914
24906.863124765587
24883.381456728122
21585.61932488598
21585.61932488598
16431.481288547573
16214.284949074234
16071.35066127078
15993.012164711497
15056.837410462847
15056.837410462847
15056.837410462847
14967.151359675272
14148.733164629253
14116.038759945008
11274.388144773548
11274.388144773548
8406.013491182593
7298.157072870302
6960.946612523634
6958.584225017905
6951.041145003812
6566.344505248973
5403.676304383465
5399.337983584451
4854.4778458041965
4854.4778458041965
4854.4778458041965
4787.402843745566
4731.685447873742
3961.7772739786164
2268.806247189294
2054.531152405344
2054.531152405344
2034.121753328025
2026.7773698496624
2026.7773698496624
2026.7773698496624
1913.5710280845778
1610.540144384193
1210.7593496588186
1201.0588337780393
1201.0588337780393
1201.0588337780393
1201.0588337780393
1167.648321532013
1167.0468368578997
1163.4287318822458
1153.3314748811774
1153.281373403833
1096.010931678068
1040.4775952004284
847.8324869289258
847.8324869289258
846.7697324050755
819.3081255841957
423.43570080111306
414.19034152207473
414.19034152207473
414.19034152207473
363.19163804650816
310.2253272277166
288.9058686355354
274.7902804870042
125.23867520774178
124.51982364533094
96.04482667692137
96.04482667692137
96.04280589345753
94.92798480865892
94.46167531468798
94.42126392250623
93.96487223718128
80.48547162407085
64.6633970526814
64.6633970526814
61.560733673165345
58.833294802482655
58.833294802482655
57.85541585382782
57.71205833042386
40.1583244281025
38.566916924138404
38.168015611629166
38.168015611629166
37.63701621293811
19.22749973724256
19.22749973724256
19.22749973724256
19.22749973724256
19.22749973724256
19.22749973724256
18.850415422907613
18.850415422907613
15.922266865191412
15.884064616873086
15.884064616873086
15.559905911585286
15.559905911585286
14.880055203125194
14.429689899210528
13.525993422358793
11.651044103209285
9.99600158259773
9.986001976289106
9.77056319682657
8.700998791317238
8.700998791317238
8.695089999685765
7.433374852143296
6.523836076546641
5.819811481431295
5.555883700211768
5.555883700211768
5.368802663499047
5.368802663499047
5.367477259106026
5.113314012157282
5.074838396271307
4.625085974076756
4.625085974076756
4.351281234989207
4.351281234989207
3.254992182679461
2.440268975615697
2.440268975615697
2.2760615291219986
2.0497289653456527
2.0497289653456527
2.0497289653456527
2.0497289653456527
1.591664268081745
0.7736912696458899
0.767225929773994
0.7661492667864177
0.7661492667864177
0.7378140633194105
0.7378140633194105
0.7378140633194105
0.6050086465796424
0.6050086465796424
0.5163933637765056
0.45577163047311764
0.4556149016807103
0.4556149016807103
0.44058256399279083
0.3899525771122892
0.3899525771122892
0.389637986958201
0.389637986958201
0.389637986958201
0.3884806026803476
0.3884806026803476
0.3880473982315788
0.30484856509942476
0.30484856509942476
0.2722509712597641
0.2721406053884457
0.272117086978809
0.27207570094365263
0.27207570094365263
0.17475663178254763
0.17475444553998576
0.17460164927844268
0.12507882436603543
0.12417319529856706
0.12362295738194941
0.12203953442544789
0.1210091445221817
0.07326348706347398
0.07326348706347398
0.06325496772525688
0.06325496772525688
0.06039285811631715
0.06039285811631715
0.06025632668982276
0.06025632668982276
0.05673386615300972
0.05431379359692017
0.05431379359692017
0.05431379359692017
0.044488193198582084
0.04250463762436182
0.042308532750232004
0.040599771784959715
0.01915120273044237
0.01915120273044237
0.01915120273044237
0.019065155779627682
0.01421328753370961
0.012268940583452338
0.00588260719257188
0.0055211779934231245
0.0055211779934231245
0.0051342980329754945
0.004741902651578486
0.004741902651578486
0.004741902651578486
0.004741902651578486
0.004634113725259985
0.004623032500337732
0.004529097556490526
0.003907867379742275
0.0037580892248506555
0.0037580892248506555
0.0037580892248506555
0.0037566712337574444
0.003265029412441435
0.003265029412441435
0.003265029412441435
0.0027237843958730188
0.0021865694402506326
0.001947517494408172
0.0019179537502156273
0.00180607703411404
0.00180607703411404
0.0018050987994567595
0.0017806924566408223
0.0012336005484365334
0.0011743087874899092
0.0011124561803017303
0.0011124561803017303
0.001052562994080906
0.0008165441980075451
0.0008165441980075451
0.0007977004454703228
0.0007968113158351669
0.0007425801608664826
0.0006675079940606788
0.0006591037695134062
0.00062206880559147
0.0005021006852354357
0.0004991778502099471
0.000331104706285185
0.00019129761556525474
0.00018268881087421063
0.00018268881087421063
0.0001812966935360143
0.00018114715378532333
0.00018111751191682903
0.00017789399603880364
0.00017789399603880364
0.00017275958587905437
0.0001677373247824532
0.0001677373247824532
0.0001654686373806619
0.00016524455768173314
0.00015906830081639396
0.00015892610675955924
0.00015892610675955924
0.00012772398594210115
0.0001267424239089997
0.0001267424239089997
0.00012393034354249912
0.00010296676571621929
8.976161118624317e-05
8.612670679435433e-05
8.369244037122558e-05
8.369244037122558e-05
7.935020156913819e-05
2.7851974145690947e-05
2.7850484281363698e-05
2.440648507007786e-05
2.437724755265414e-05
2.437724755265414e-05
2.3900645054378562e-05
2.3794243900225564e-05
1.0251164033723852e-05
1.0111619296741795e-05
9.980090102876694e-06
9.930942598087201e-06
9.930942598087201e-06
9.930942598087201e-06
9.82665855362671e-06
9.675352890685792e-06
9.649105591304103e-06
9.649105591304103e-06
6.082226024433104e-06
6.082226024433104e-06
5.659447637046166e-06
5.659447637046166e-06
5.650077685065755e-06
5.6337708896735326e-06
2.0613500665093817e-06
2.0613500665093817e-06
2.0613500665093817e-06
2.0219704669081867e-06
1.8972388470070886e-06
1.8858039331710968e-06
1.8830269157490307e-06
1.8808564281850278e-06
1.8808551701486239e-06
1.8776810509914615e-06
1.8776810509914615e-06
1.7881682466573097e-06
1.7881682466573097e-06
1.7881682466573097e-06
1.4559291461516902e-06
1.3414339426681939e-06
9.446066720889983e-07
9.446066720889983e-07
9.3416705506723e-07
9.3416705506723e-07
6.358651739258342e-07
6.284905514877132e-07
6.284905514877132e-07
5.900538984779712e-07
5.294420768669318e-07
5.270603783691215e-07
5.263850392106724e-07
5.262810593315886e-07
5.262810593315886e-07
5.262810593315886e-07
5.021633613536303e-07
4.2409317600016704e-07
1.9980370871453575e-07
1.9980370871453575e-07
1.8190534715061104e-07
1.817696115145008e-07
1.6965105881044977e-07
1.1403744488856408e-07
1.1009035899852516e-07
1.0976522203789426e-07
1.0976522203789426e-07
1.0976522203789426e-07
1.0771105542564528e-07
1.074889384891865e-07
9.672524536919701e-08
9.533542264830054e-08
9.533542264830054e-08
9.533542264830054e-08
8.385419282442388e-08
8.279023288432986e-08
5.369113378453749e-08
5.369113378453749e-08
5.369113378453749e-08
5.368660280049695e-08
4.901310981090485e-08
4.649213342694542e-08
3.6929276049771856e-08
3.6929276049771856e-08
3.584049760537433e-08
3.557927748374709e-08
3.557927748374709e-08
9.637440953273737e-09
9.633179606684414e-09
9.6328940212267e-09
9.213730306959189e-09
9.190072411841831e-09
9.190072411841831e-09
9.190072411841831e-09
9.1168577348903e-09
9.116813601325534e-09
9.116813601325534e-09
9.116813601325534e-09
9.116813601325534e-09
9.116813601325534e-09
9.116813601325534e-09
5.501084785651628e-09
5.501084785651628e-09
5.501084785651628e-09
5.146664434583003e-09
5.146664434583003e-09
5.140282597461007e-09
5.133101354411224e-09
5.101352719654856e-09
4.765993102466608e-09
2.14900090141185e-09
1.7263319260656417e-09
1.7263319260656417e-09
1.7257566211046138e-09
1.6883072200716222e-09
1.6745368938723334e-09
1.6745368938723334e-09
1.6641329599791752e-09
1.3907258693500726e-09
7.119475404553728e-10
6.46263310645232e-10
6.422016262425308e-10
6.422016262425308e-10
5.631580275150518e-10
5.474618703629321e-10
5.02642812948776e-10
5.010326210045157e-10
5.002395012786758e-10
5.002067443183299e-10
3.823311279822504e-10
3.823311279822504e-10
3.260584329997078e-10
3.234617038643821e-10
2.9284732631896436e-10
2.9284732631896436e-10
2.4232842601305786e-10
2.391567019696165e-10
2.145409513786371e-10
2.1256944525921825e-10
2.107167785836118e-10
2.107167785836118e-10
2.0225319511859016e-10
2.0225319511859016e-10
1.1199210369912889e-10
1.1048742593122272e-10
1.1048742593122272e-10
1.0376107847000019e-10
1.0376107847000019e-10
1.0376107847000019e-10
9.474875745457306e-11
9.100302635170515e-11
9.100302635170515e-11
8.114153538958978e-11
8.114153538958978e-11
8.066118600132993e-11
6.322656807727274e-11
6.322656807727274e-11
6.322656807727274e-11
5.934078786087634e-11
5.934078786087634e-11
5.934078786087634e-11
5.590031574090328e-11
4.6555927766113597e-11
4.6475641133223055e-11
1.6700073610466363e-11
1.6700073610466363e-11
1.6700073610466363e-11
1.6700073610466363e-11
1.6035551787346697e-11
1.6035551787346697e-11
1.6035551787346697e-11
1.5934774283720824e-11
1.5934774283720824e-11
1.5934774283720824e-11
1.5423605505267073e-11
1.5403644879394434e-11
1.0740810351105747e-11
1.0740810351105747e-11
1.0264178172007226e-11
1.0264178172007226e-11
1.0255737460074519e-11
1.0135810784187982e-11
1.0105344163418566e-11
9.748392141566492e-12
9.636368075786955e-12
7.301842341119506e-12
5.710558316370608e-12
5.706101929865911e-12
5.706101929865911e-12
4.051807099393157e-12
3.907236227329975e-12
3.907236227329975e-12
3.878037355205911e-12
3.878037355205911e-12
3.6173769796419865e-12
3.6173769796419865e-12
3.6173769796419865e-12
3.6173769796419865e-12
3.094733920478516e-12
3.0943534075139354e-12
3.0928614244039285e-12
2.9758491761936192e-12
2.973982842123153e-12
2.5791244268658926e-12
2.5717593956486285e-12
8.756299331907945e-13
8.756299331907945e-13
8.756299331907945e-13
8.756299331907945e-13
8.706795961151098e-13
8.702030953087204e-13
8.702030953087204e-13
8.577702794898775e-13
7.805046146632645e-13
7.802357987116393e-13
7.802357987116393e-13
6.669138159734433e-13
6.669138159734433e-13
6.651201037713935e-13
6.651201037713935e-13
6.219607336923501e-13
4.172227388292318e-13
4.164950074746302e-13
3.0011369294527144e-13
3.0011369294527144e-13
2.110716995704577e-13
2.110716995704577e-13
2.1055190429788969e-13
1.319400863517229e-13
1.240201690765077e-13
7.948932799260852e-14
7.454836389093999e-14
7.454836389093999e-14
7.454836389093999e-14
7.414281703108824e-14
7.387599505467987e-14
7.387599505467987e-14
7.249735327339026e-14
6.724473829521209e-14
6.276587470196433e-14
5.96206902959544e-14
5.3769073790052007e-14
5.3769073790052007e-14
5.303273154432328e-14
5.1551855913311834e-14
4.705633339242843e-14
3.861813350631697e-14
3.852360773155931e-14
2.6052773214018903e-14
2.5716345111022048e-14
2.5716345111022048e-14
2.5716345111022048e-14
2.3174822236733968e-14
2.2964660519981725e-14
2.2964660519981725e-14
2.2964660519981725e-14
2.2964660519981725e-14
2.1455113367480768e-14
2.1455113367480768e-14
2.1455113367480768e-14
1.2802091884518326e-14
5.276316451357288e-15
5.276316451357288e-15
5.217280084330456e-15
5.217280084330456e-15
5.217280084330456e-15
5.217280084330456e-15
5.217280084330456e-15
5.217280084330456e-15
5.217280084330456e-15
5.217280084330456e-15
5.217280084330456e-15
5.217280084330456e-15
5.217280084330456e-15
4.5095528693610956e-15
4.5095528693610956e-15
4.5095528693610956e-15
4.5095528693610956e-15
4.5095528693610956e-15
4.286979749937279e-15
3.896910969273888e-15
3.896910969273888e-15
3.896910969273888e-15
2.7681256760406387e-15
2.7681256760406387e-15
2.7681256760406387e-15
2.7681256760406387e-15
2.7681256760406387e-15
2.7681256760406387e-15
2.7681256760406387e-15
1.652641434910996e-15
1.652641434910996e-15
1.652641434910996e-15
1.4740385230821366e-15
1.3358410304445346e-15
1.1462982543354354e-15
1.1462982543354354e-15
8.455077179947872e-16
8.455077179947872e-16
8.455077179947872e-16
8.455077179947872e-16
8.455077179947872e-16
8.455077179947872e-16
8.455077179947872e-16
6.967129700014485e-16
6.967129700014485e-16
6.967129700014485e-16
6.967129700014485e-16
6.967129700014485e-16
6.967129700014485e-16
6.967129700014485e-16
6.967129700014485e-16
6.967129700014485e-16
6.967129700014485e-16
6.967129700014485e-16
6.967129700014485e-16
6.967129700014485e-16
6.967129700014485e-16
6.967129700014485e-16
6.967129700014485e-16
6.967129700014485e-16
6.967129700014485e-16
6.967129700014485e-16
6.967129700014485e-16
6.967129700014485e-16
6.967129700014485e-16
6.967129700014485e-16
6.967129700014485e-16
6.967129700014485e-16
6.967129700014485e-16
6.967129700014485e-16
6.967129700014485e-16
6.967129700014485e-16
6.967129700014485e-16
6.967129700014485e-16
6.967129700014485e-16
6.967129700014485e-16
6.967129700014485e-16
6.967129700014485e-16
6.967129700014485e-16
6.967129700014485e-16
6.967129700014485e-16
6.967129700014485e-16
6.967129700014485e-16
6.967129700014485e-16
6.967129700014485e-16
6.967129700014485e-16
6.967129700014485e-16
6.967129700014485e-16
6.967129700014485e-16
6.967129700014485e-16
6.967129700014485e-16
6.967129700014485e-16
6.967129700014485e-16
6.967129700014485e-16
6.967129700014485e-16
6.967129700014485e-16
6.967129700014485e-16
6.967129700014485e-16
6.967129700014485e-16
6.967129700014485e-16
6.967129700014485e-16
6.967129700014485e-16
6.967129700014485e-16
6.967129700014485e-16
6.967129700014485e-16
6.967129700014485e-16
6.967129700014485e-16
6.967129700014485e-16
6.967129700014485e-16
6.967129700014485e-16
6.967129700014485e-16
6.967129700014485e-16
6.967129700014485e-16
6.967129700014485e-16
6.967129700014485e-16
6.967129700014485e-16
6.967129700014485e-16
6.967129700014485e-16
6.967129700014485e-16
6.967129700014485e-16
6.967129700014485e-16
6.967129700014485e-16
6.967129700014485e-16
6.967129700014485e-16
6.967129700014485e-16
6.967129700014485e-16
6.967129700014485e-16
6.967129700014485e-16
6.967129700014485e-16
6.967129700014485e-16
6.967129700014485e-16
6.967129700014485e-16
6.967129700014485e-16
6.967129700014485e-16
6.967129700014485e-16
6.967129700014485e-16
6.967129700014485e-16
6.967129700014485e-16
6.967129700014485e-16
6.967129700014485e-16
6.967129700014485e-16
6.967129700014485e-16
6.967129700014485e-16
6.967129700014485e-16
6.967129700014485e-16
6.967129700014485e-16
6.967129700014485e-16
6.967129700014485e-16
6.967129700014485e-16
6.967129700014485e-16
6.967129700014485e-16
6.967129700014485e-16
6.967129700014485e-16
6.967129700014485e-16
6.967129700014485e-16
6.967129700014485e-16
6.967129700014485e-16
6.967129700014485e-16
6.967129700014485e-16
6.967129700014485e-16
6.967129700014485e-16
6.967129700014485e-16
6.967129700014485e-16
6.967129700014485e-16
6.967129700014485e-16
6.967129700014485e-16
6.967129700014485e-16
6.967129700014485e-16
6.967129700014485e-16
6.967129700014485e-16
6.967129700014485e-16
6.967129700014485e-16
6.967129700014485e-16
6.967129700014485e-16
6.967129700014485e-16
6.967129700014485e-16
6.967129700014485e-16
6.967129700014485e-16
6.967129700014485e-16
6.967129700014485e-16
6.967129700014485e-16
6.967129700014485e-16
6.967129700014485e-16
6.967129700014485e-16
6.967129700014485e-16
6.967129700014485e-16
6.967129700014485e-16
6.967129700014485e-16
6.967129700014485e-16
6.967129700014485e-16
6.967129700014485e-16
6.967129700014485e-16
6.967129700014485e-16
6.967129700014485e-16
6.967129700014485e-16
6.967129700014485e-16
6.967129700014485e-16
6.967129700014485e-16
6.967129700014485e-16
6.967129700014485e-16
6.967129700014485e-16
6.967129700014485e-16
6.967129700014485e-16
6.967129700014485e-16
6.967129700014485e-16
6.967129700014485e-16
6.967129700014485e-16
6.967129700014485e-16
6.967129700014485e-16
6.967129700014485e-16
6.967129700014485e-16
6.967129700014485e-16
6.967129700014485e-16
6.967129700014485e-16
6.967129700014485e-16
6.967129700014485e-16
6.967129700014485e-16
6.967129700014485e-16
6.967129700014485e-16
6.967129700014485e-16
6.967129700014485e-16
6.967129700014485e-16
6.967129700014485e-16
6.967129700014485e-16
6.967129700014485e-16
6.967129700014485e-16
6.967129700014485e-16
6.967129700014485e-16
6.967129700014485e-16
6.967129700014485e-16
6.967129700014485e-16
6.967129700014485e-16
6.967129700014485e-16
6.967129700014485e-16
6.967129700014485e-16
6.967129700014485e-16
6.967129700014485e-16
6.967129700014485e-16
6.967129700014485e-16
6.967129700014485e-16
6.967129700014485e-16
6.967129700014485e-16
6.967129700014485e-16
6.967129700014485e-16
6.967129700014485e-16
6.967129700014485e-16
6.967129700014485e-16
6.967129700014485e-16
6.967129700014485e-16
6.967129700014485e-16
6.967129700014485e-16
6.967129700014485e-16
6.967129700014485e-16
6.967129700014485e-16
6.967129700014485e-16
6.967129700014485e-16
6.967129700014485e-16
6.967129700014485e-16
6.967129700014485e-16
6.967129700014485e-16
6.967129700014485e-16
6.967129700014485e-16
6.967129700014485e-16
6.967129700014485e-16
6.967129700014485e-16
6.967129700014485e-16
6.967129700014485e-16
6.967129700014485e-16
6.967129700014485e-16
6.967129700014485e-16
6.967129700014485e-16
6.967129700014485e-16
6.967129700014485e-16
6.967129700014485e-16
6.967129700014485e-16
6.967129700014485e-16
6.967129700014485e-16
6.967129700014485e-16
6.967129700014485e-16
6.967129700014485e-16
6.967129700014485e-16
6.967129700014485e-16
6.967129700014485e-16
6.967129700014485e-16
6.967129700014485e-16
6.967129700014485e-16
6.967129700014485e-16
6.967129700014485e-16
6.967129700014485e-16
6.967129700014485e-16
6.967129700014485e-16
6.967129700014485e-16
6.967129700014485e-16
6.967129700014485e-16
6.967129700014485e-16
6.967129700014485e-16
6.967129700014485e-16
6.967129700014485e-16
6.967129700014485e-16
6.967129700014485e-16
6.967129700014485e-16
6.967129700014485e-16
6.967129700014485e-16
6.967129700014485e-16
6.967129700014485e-16
6.967129700014485e-16
6.967129700014485e-16
6.967129700014485e-16
6.967129700014485e-16
6.967129700014485e-16
6.967129700014485e-16
6.967129700014485e-16
6.967129700014485e-16
6.967129700014485e-16
6.967129700014485e-16
6.967129700014485e-16
6.967129700014485e-16
6.967129700014485e-16
6.967129700014485e-16
6.967129700014485e-16
6.967129700014485e-16
6.967129700014485e-16
6.967129700014485e-16
6.967129700014485e-16
6.967129700014485e-16
6.967129700014485e-16
6.967129700014485e-16
6.967129700014485e-16
6.967129700014485e-16
6.967129700014485e-16
6.967129700014485e-16
6.967129700014485e-16
6.967129700014485e-16
6.967129700014485e-16
6.967129700014485e-16
6.967129700014485e-16
6.967129700014485e-16
6.967129700014485e-16
6.967129700014485e-16
6.967129700014485e-16
6.967129700014485e-16
6.967129700014485e-16
6.967129700014485e-16
6.967129700014485e-16
6.967129700014485e-16
6.967129700014485e-16
6.967129700014485e-16
6.967129700014485e-16
6.967129700014485e-16
6.967129700014485e-16
6.967129700014485e-16
6.967129700014485e-16
6.967129700014485e-16
6.967129700014485e-16
6.967129700014485e-16
6.967129700014485e-16
6.967129700014485e-16
6.967129700014485e-16
6.967129700014485e-16
6.967129700014485e-16
6.967129700014485e-16
6.967129700014485e-16
6.967129700014485e-16
6.967129700014485e-16
6.967129700014485e-16
6.967129700014485e-16
6.967129700014485e-16
6.967129700014485e-16
6.967129700014485e-16
6.967129700014485e-16
6.967129700014485e-16
6.967129700014485e-16
6.967129700014485e-16
6.967129700014485e-16
6.967129700014485e-16
6.967129700014485e-16
6.967129700014485e-16
6.967129700014485e-16
6.967129700014485e-16
6.967129700014485e-16
6.967129700014485e-16
6.967129700014485e-16
6.967129700014485e-16
6.967129700014485e-16
6.967129700014485e-16
6.967129700014485e-16
6.967129700014485e-16
6.967129700014485e-16
6.967129700014485e-16
6.967129700014485e-16
6.967129700014485e-16
6.967129700014485e-16
6.967129700014485e-16
6.967129700014485e-16
6.967129700014485e-16
6.967129700014485e-16
6.967129700014485e-16
6.967129700014485e-16
6.967129700014485e-16
6.967129700014485e-16
6.967129700014485e-16
6.967129700014485e-16
6.967129700014485e-16
6.967129700014485e-16
6.967129700014485e-16
6.967129700014485e-16
6.967129700014485e-16
6.967129700014485e-16
6.967129700014485e-16
6.967129700014485e-16
6.967129700014485e-16
6.967129700014485e-16
6.967129700014485e-16
6.967129700014485e-16
6.967129700014485e-16
6.967129700014485e-16
6.967129700014485e-16
6.967129700014485e-16
6.967129700014485e-16
6.967129700014485e-16
6.967129700014485e-16
6.967129700014485e-16
6.967129700014485e-16
6.967129700014485e-16
6.967129700014485e-16
6.967129700014485e-16
6.967129700014485e-16
6.967129700014485e-16
6.967129700014485e-16
6.967129700014485e-16
6.967129700014485e-16
6.967129700014485e-16
6.967129700014485e-16
6.967129700014485e-16
6.967129700014485e-16
6.967129700014485e-16
6.967129700014485e-16
6.967129700014485e-16
6.967129700014485e-16
6.967129700014485e-16
6.967129700014485e-16
6.967129700014485e-16
6.967129700014485e-16
6.967129700014485e-16
6.967129700014485e-16
6.967129700014485e-16
6.967129700014485e-16
6.967129700014485e-16
6.967129700014485e-16
6.967129700014485e-16
6.967129700014485e-16
6.967129700014485e-16
6.967129700014485e-16
6.967129700014485e-16
6.967129700014485e-16
6.967129700014485e-16
6.967129700014485e-16
6.967129700014485e-16
6.967129700014485e-16
6.967129700014485e-16
6.967129700014485e-16
6.967129700014485e-16
6.967129700014485e-16
6.967129700014485e-16
