3723815.192131315
3221756.608243009
3221756.608243009
2995741.4480801797
2798414.617263326
1733986.102737342
1632102.938236828
1632102.938236828
1630146.017280257
1626808.6341249763
1626808.6341249763
1626808.6341249763
1621274.7905604204
1532778.3585198943
1436676.652766298
1398433.4290218963
1395942.0941317738
1170258.668564045
1170258.668564045
1132615.7217536308
947922.3135756536
947922.3135756536
784557.9553044122
784557.9553044122
208734.21361334532
208734.21361334532
204490.4575187364
204191.94418848478
190132.1543941363
188440.18206147733
188440.18206147733
188440.18206147733
185356.95657850523
185356.95657850523
149721.05267212135
149721.05267212135
149702.2345419309
132561.4011141895
132561.4011141895
78782.36159947039
78782.36159947039
54049.80949620016
53544.81438014432
42125.33514148481
42068.606577569495
42068.606577569495
41867.26545627619
34999.605041761286
22358.904565364144
22358.904565364144
21990.297126698188
21990.297126698188
19378.744174316675
19378.744174316675
19378.744174316675
18532.28414813711
14499.989769330146
14499.989769330146
14499.989769330146
14354.890101185494
14354.890101185494
14354.890101185494
8145.8996830529495
8145.8996830529495
8145.8996830529495
8075.428531284969
8075.141078208675
7920.004641366533
7920.004641366533
7610.340154570688
7604.0065518072015
7604.0065518072015
4407.735464636124
4407.735464636124
4407.735464636124
4396.815692379991
3527.330096818537
3527.330096818537
3512.399040113771
3378.864901225316
3345.6967607676092
3333.067093239611
3198.234265742713
3193.094935427998
2510.9469586106115
2190.9611209509353
2190.9611209509353
2188.827986719203
2080.724810429721
2080.724810429721
2074.1276914466584
1752.0914199617946
1589.2484157640342
1516.77289154145
1506.100990342698
1349.857660467182
1349.857660467182
1349.857660467182
1343.4468443042892
1335.8196014978948
1285.2305544725396
891.8377672885205
709.673421608803
619.21722487822
612.1943511149769
612.1943511149769
612.1943511149769
612.1943511149769
600.8017461394325
600.8017461394325
584.0902770173027
584.0902770173027
580.5013539266555
580.4740088405778
580.4740088405778
580.4740088405778
550.7830020114291
550.7830020114291
535.5952772863408
452.44787375970225
452.44787375970225
452.44787375970225
375.38774848098996
375.38774848098996
375.38774848098996
375.38774848098996
372.9299699976505
369.52345774184715
321.3452414290696
320.57360022338133
319.14427757592483
319.14427757592483
319.14427757592483
319.14427757592483
319.14427757592483
319.14427757592483
319.14427757592483
262.213527875262
262.213527875262
252.1480412787602
252.1480412787602
251.85493045913816
251.85493045913816
251.85493045913816
220.35629695747556
220.35629695747556
211.51248994213756
211.51248994213756
211.4893188704835
209.2345285456511
208.6150045296748
208.6150045296748
208.29802418349345
208.29802418349345
199.06999347991524
196.7143753080105
196.7143753080105
195.3744817371891
195.05802402709566
195.05802402709566
195.05802402709566
195.05802402709566
186.01930272779555
184.42671462422072
172.5841633105845
172.5841633105845
172.5841633105845
168.11024337190256
168.11024337190256
158.58206999416245
158.58206999416245
158.58206999416245
156.82030136858
131.38845398412977
131.38845398412977
131.38845398412977
131.38845398412977
131.38845398412977
131.38845398412977
131.38845398412977
130.55716057012117
128.82211954096607
127.86819340073085
127.86819340073085
123.34652360340347
123.32630971575816
123.32630971575816
123.1891173794005
121.97050736549504
121.9249280503656
121.9249280503656
121.43015390965631
115.60732484197227
114.83997273661265
114.83997273661265
114.6541603900917
114.6541603900917
109.03151975259212
109.03151975259212
109.03151975259212
108.1390489074308
108.1390489074308
108.1390489074308
108.1390489074308
106.14804738966376
103.63943574683601
103.63943574683601
98.70538990329241
98.1078850627899
98.1078850627899
97.56695188735017
97.56695188735017
97.35080179650718
97.35080179650718
97.35080179650718
95.7792423632787
95.7792423632787
95.7792423632787
95.7792423632787
95.77719204338294
95.77719204338294
95.67976201838803
95.67814085552337
93.76599868703613
93.76599868703613
86.78461891990004
86.78461891990004
86.28691907141545
86.28691907141545
81.01303916131137
69.88748623886241
69.88748623886241
69.88748623886241
52.736314625187354
52.736314625187354
52.736314625187354
52.736314625187354
50.690091235657384
50.690091235657384
50.690091235657384
50.690091235657384
50.690091235657384
50.690091235657384
50.690091235657384
50.681856800479686
50.681856800479686
50.05105444211272
50.05105444211272
50.05105444211272
50.05105444211272
49.77960747334688
49.77960747334688
49.77960747334688
49.77960747334688
49.77960747334688
49.77960747334688
49.77960747334688
48.91970040611435
47.940952553722035
47.940952553722035
47.88821208587358
47.886379349760496
47.656350213522174
47.58473440865986
46.62865825313171
46.463308129516356
45.0102469127789
44.55797183871558
43.66833851723154
43.66833851723154
43.66833851723154
43.50264927892102
39.02869114952397
39.019423576035074
38.136682669898754
38.136682669898754
38.136682669898754
38.10554257305979
37.84509662589069
37.84509662589069
37.84509662589069
37.84509662589069
37.84509662589069
37.84509662589069
36.634170078179935
36.634170078179935
36.589410061793494
36.5401970538385
36.45006505749595
36.45006505749595
36.43752995875993
36.435389127147246
36.435389127147246
36.435389127147246
36.435389127147246
36.17496671108137
35.36274694015768
35.36274694015768
35.36274694015768
34.9154090765236
34.90273018273589
34.90273018273589
34.87371006630947
34.8491775116733
34.8491775116733
34.8491775116733
34.54052624192984
33.91388746081674
33.91388746081674
33.91388746081674
33.77504592561556
33.193544946052604
33.193544946052604
33.193544946052604
33.14204422020999
33.14204422020999
33.14204422020999
33.14204422020999
33.14204422020999
33.14204422020999
32.711458906834565
32.711458906834565
32.711458906834565
32.48811204036725
32.48811204036725
32.48735513438563
31.92520508967975
31.92520508967975
30.854653171369648
30.51080978691693
30.51080978691693
30.43910865600512
30.43910865600512
30.43910865600512
30.43910865600512
28.469368400788706
28.469368400788706
28.469368400788706
28.469368400788706
28.425904764592033
28.425904764592033
28.338666203060075
28.338666203060075
28.338666203060075
28.338666203060075
28.078679735006627
28.078679735006627
28.078679735006627
27.948783834653092
27.948783834653092
27.948783834653092
25.52720886153429
25.51627132927494
25.49914580984316
25.49914580984316
25.49914580984316
23.13267944419011
23.13267944419011
22.37627324477486
22.37627324477486
22.18713283344345
21.77910200710541
21.77910200710541
21.77910200710541
21.77910200710541
21.77910200710541
20.314315243475676
20.314315243475676
20.314315243475676
20.19039023468758
20.19039023468758
20.19039023468758
20.170171032255677
19.573774906689916
19.573774906689916
19.565124469293387
19.565124469293387
19.501736042225776
19.344392599452597
19.344392599452597
19.344392599452597
19.344392599452597
19.328981415362254
19.2938678082704
19.276207864246455
19.276207864246455
19.276207864246455
19.133783817642943
19.133783817642943
19.012680312231364
19.012680312231364
19.012680312231364
19.012680312231364
19.012680312231364
19.012680312231364
18.98182793336825
18.98182793336825
18.47698307547423
18.47698307547423
18.475454472415837
18.475454472415837
18.475454472415837
18.475454472415837
18.474402016841037
18.474402016841037
18.474402016841037
18.47050569538651
18.316667350761097
18.316667350761097
18.314788005904315
18.314788005904315
18.25562601975615
18.25021643846597
18.242157152682328
18.242157152682328
18.220707797698633
18.220707797698633
17.321647799639365
17.321647799639365
17.321647799639365
17.321647799639365
17.321647799639365
17.29245779823794
15.351785093521238
15.351785093521238
15.351785093521238
15.351785093521238
15.295580056827362
15.295580056827362
15.295580056827362
15.295580056827362
15.295580056827362
15.295580056827362
15.262505304199866
14.945801780012863
14.945801780012863
14.945801780012863
14.945801780012863
14.945801780012863
14.945801780012863
14.945801780012863
14.945801780012863
14.945801780012863
14.93947449003565
14.93947449003565
14.93947449003565
14.93947449003565
14.93947449003565
14.93947449003565
14.93947449003565
14.93947449003565
14.93947449003565
14.362210526349825
14.362210526349825
14.362210526349825
14.362210526349825
14.362210526349825
14.362210526349825
14.322212338280709
14.2881307798614
14.2881307798614
14.26698955040125
14.26698955040125
14.26698955040125
12.498137311406293
12.498137311406293
12.498137311406293
12.498137311406293
12.45716592558228
12.430139379500321
12.430139379500321
12.399797042332708
12.190574547424479
12.190574547424479
12.190574547424479
12.187531610381011
12.187531610381011
11.971016601318384
11.971016601318384
11.971016601318384
11.971016601318384
11.556190536411616
11.54165004031175
10.299270614431062
10.299270614431062
10.188789131787185
10.188789131787185
10.188789131787185
10.188789131787185
10.188789131787185
10.188789131787185
10.186410798712458
10.186410798712458
10.186410798712458
10.186410798712458
10.186410798712458
10.186410798712458
10.183339060636477
9.409477670964058
9.409477670964058
9.409477670964058
9.409477670964058
9.409477670964058
9.409477670964058
9.409477670964058
9.409477670964058
9.409477670964058
9.40890054056343
9.40890054056343
9.399919756683708
8.894795892180749
8.819988577409141
8.819988577409141
8.819409655410102
8.819381957844055
8.702627808246277
8.702627808246277
8.672665284065893
8.650687954419192
8.650687954419192
8.650684333111359
8.650684333111359
8.64862851295771
8.64862851295771
8.64862851295771
8.64862851295771
7.960175407930465
7.937167789335058
7.937167789335058
7.937167789335058
7.937167789335058
7.937167789335058
7.822848692937468
7.822848692937468
7.822848692937468
7.822848692937468
7.822848692937468
7.822848692937468
7.822848692937468
7.402385033053405
7.402385033053405
7.402385033053405
7.347724313859443
7.340662932502085
7.322124801977571
7.322124801977571
7.321836188795062
7.320146923222465
7.320146923222465
7.319118148243092
7.2182021842018145
7.2182021842018145
7.213749085451244
7.213749085451244
7.213749085451244
7.112492608350135
7.112492608350135
7.112492608350135
6.333207231066616
6.333207231066616
6.333207231066616
6.2923680336883
6.291808249075956
6.291808249075956
6.291808249075956
6.291804550180659
6.291804550180659
6.291804550180659
6.291804550180659
6.273356909481803
6.273356909481803
6.273356909481803
6.273356909481803
6.273356909481803
5.76801660658913
5.617974240177425
5.617974240177425
5.617974240177425
5.617974240177425
5.617974240177425
5.617974240177425
5.60312708476615
5.60312708476615
5.521555924089952
5.521555924089952
5.521555924089952
5.521555924089952
5.521555924089952
5.521555924089952
5.521555924089952
5.405915038080384
5.399783580595122
5.399732265733439
5.105140888093036
5.105140888093036
5.105140888093036
5.105140888093036
5.105140888093036
5.105140888093036
5.105140888093036
5.105140888093036
5.105140888093036
5.105140888093036
5.105140888093036
5.105140888093036
5.105140888093036
5.104918858374672
5.104918858374672
5.102326546351975
5.102326546351975
5.102326546351975
4.967943310488835
4.967943310488835
4.967943310488835
4.967943310488835
4.967943310488835
4.852233490971071
4.850088934067189
4.8152241778863
4.814809863401906
4.814809863401906
4.155006197429905
4.155006197429905
4.155006197429905
4.155006197429905
4.155006197429905
4.155006197429905
4.154985157780279
4.154985157780279
4.154985157780279
4.15468751170483
4.15468751170483
4.148210730837783
4.148210730837783
4.147954020939745
4.147954020939745
4.147954020939745
4.147954020939745
4.147954020939745
4.147954020939745
4.147954020939745
4.1476742401991284
4.145870205029306
4.145870205029306
4.136157207898403
4.136157207898403
4.052591320129243
4.052591320129243
3.7996955659590457
3.7996955659590457
3.7996955659590457
3.7996955659590457
3.7896453207279457
3.7896453207279457
3.7896453207279457
3.7896453207279457
3.7896453207279457
3.777398227717366
3.773876127339237
3.773876127339237
3.773397064732097
3.773397064732097
3.773397064732097
3.731664811874354
3.5787786436028926
3.575818870825761
3.575818870825761
3.575818870825761
3.5757992374619385
3.5757992374619385
3.5748386598684347
3.5748386598684347
3.5748386598684347
3.5734539338423996
3.5734539338423996
3.498421304013382
3.498421304013382
3.498421304013382
3.482253224398794
3.4330048532203588
3.4042029934806592
3.4042029934806592
3.4042029934806592
3.4042029934806592
3.4023998737865107
3.146784058174118
3.146784058174118
3.1463920638492953
3.1463920638492953
3.1463920638492953
3.085196399337665
3.085196399337665
3.085196399337665
2.9681613599229877
2.9681613599229877
2.9681613599229877
2.9681613599229877
2.9681613599229877
2.9681613599229877
2.9681613599229877
2.9680036676450796
2.9680036676450796
2.9638533179141393
2.9638533179141393
2.9638533179141393
2.9638533179141393
2.9638533179141393
2.9638533179141393
2.9638533179141393
2.9638533179141393
2.9638533179141393
2.9638533179141393
2.9638533179141393
2.9621354320587483
2.9621354320587483
2.9621354320587483
2.9621354320587483
2.9621031757585135
2.9362434079220683
2.9362434079220683
2.9362434079220683
2.9362434079220683
2.9362434079220683
2.9362434079220683
2.9362434079220683
2.93607194560464
2.93607194560464
2.93607194560464
2.827161696536265
2.827161696536265
2.827161696536265
2.827161696536265
2.827161696536265
2.827161696536265
2.8259227639934106
2.8259227639934106
2.8144904319088364
2.8144904319088364
2.8144904319088364
2.808464002808728
2.808464002808728
2.808464002808728
2.8083477288488474
2.8083477288488474
2.8083477288488474
2.8083477288488474
2.8083477288488474
2.8083477288488474
2.8083477288488474
2.7997123928866805
2.799549687447268
2.799549687447268
2.799549687447268
2.3524255851810216
2.3524255851810216
2.347702291097443
2.347702291097443
2.347702291097443
2.347702291097443
2.347702291097443
2.347702291097443
2.347702291097443
2.3470704446067088
2.327480995018168
2.327480995018168
2.327480995018168
2.239270373215554
2.239270373215554
2.239270373215554
2.2351312777046832
2.2351312777046832
2.2350907531467046
2.2350907531467046
2.2350907531467046
2.2350907531467046
2.2350907531467046
2.2350907531467046
2.2349081787100644
2.2349081787100644
2.2310568381434086
2.2310568381434086
2.2310568381434086
2.2310568381434086
2.2310568381434086
2.2087547085496837
2.20836787591022
2.20836787591022
2.20836787591022
2.20836787591022
2.20836787591022
2.20836787591022
2.20836787591022
2.20836787591022
2.20836787591022
2.20836787591022
2.20836787591022
1.8582277369531541
1.8582277369531541
1.8582277369531541
1.8582277369531541
1.8582277369531541
1.8571822221793122
1.8571822221793122
1.8571822221793122
1.8571822221793122
1.8571822221793122
1.8571822221793122
1.8571822221793122
1.8571631362058025
1.8571631362058025
1.8571631362058025
1.8571631362058025
1.857121308869233
1.857121308869233
1.857121308869233
1.857121308869233
1.857121308869233
1.8438326497542505
1.8438326497542505
1.8438326497542505
1.8438326497542505
1.8438326497542505
1.7821445934136189
1.7821445934136189
1.7786936470952632
1.7786936470952632
1.7781271391777678
1.7781271391777678
1.7781271391777678
1.7781271391777678
1.7781271391777678
1.7781271391777678
1.7781271391777678
1.7781271391777678
1.7781271391777678
1.5906795696499003
1.5906795696499003
1.5906795696499003
1.5906374322235208
1.5906374322235208
1.5906374322235208
1.5906374322235208
1.4235362181198723
1.4235362181198723
1.4235362181198723
1.4235362181198723
1.4235362181198723
1.4235362181198723
1.4233098207090484
1.4233098207090484
1.4224340603089654
1.4224340603089654
1.4224340603089654
1.4224340603089654
1.4223529378108644
1.4223529378108644
1.422119958615912
1.422119958615912
1.422119958615912
1.422119958615912
1.422119958615912
1.422119958615912
1.422119958615912
1.422119958615912
1.421144932815492
1.4201704316536952
1.4201704316536952
1.4201704316536952
1.407103202588726
1.407103202588726
1.407103202588726
1.407103202588726
1.3784123557503878
1.3784123557503878
1.3784123557503878
1.3784123557503878
1.316557122857744
1.316469554482335
1.257917534716343
1.22869279131529
1.1916958152660653
1.173568030702963
1.173568030702963
1.173568030702963
1.173568030702963
1.173568030702963
1.173568030702963
1.173568030702963
1.173568030702963
1.1735173152713279
1.1734708300895478
1.1734708300895478
1.1734708300895478
1.1734613598460857
1.1734613598460857
1.1694629738660436
1.1694629738660436
1.1693833533409184
1.1693833533409184
1.1693833533409184
1.1693833533409184
1.1693833533409184
1.1693833533409184
1.1678526255386201
1.167832427043435
1.167832427043435
1.167832427043435
1.167832427043435
1.167832427043435
1.1677899848395623
1.1677899848395623
1.1677899848395623
1.1677899848395623
1.1677899848395623
1.1677899848395623
1.1677899848395623
1.1677899848395623
1.1677899848395623
1.1677899848395623
1.1677899848395623
1.1677899848395623
1.1668957633679207
1.1668882461963521
1.1668882461963521
1.1668882461963521
1.1668882461963521
1.1668882461963521
1.1668882461963521
1.1662768425869734
1.1662768425869734
1.1662768425869734
1.1660590840790206
1.1660590840790206
1.162547333575829
1.162547333575829
1.162547333575829
1.1270081334562951
1.1270081334562951
1.1270081334562951
1.1207229237683285
1.1198013423152111
1.1198013423152111
1.1198013423152111
1.1198013423152111
1.1198013423152111
1.1198013423152111
1.1198013423152111
1.1190419828986986
1.0895976790730402
1.0807415828709452
1.0806880085202502
1.0794059846168256
1.0786729639610828
1.0786729639610828
1.0786729639610828
1.0786729639610828
0.985060214588406
0.9403144402473372
0.9403144402473372
0.9403144402473372
0.9403144402473372
0.9403144402473372
0.9332843377767714
0.9332843377767714
0.9332843377767714
0.9332843377767714
0.9332843377767714
0.9332843377767714
0.8182500921689638
0.8108075203619516
0.8108075203619516
0.8105937583718658
0.8105937583718658
0.8105937583718658
0.8105937583718658
0.7844645162887104
0.7844645162887104
0.7718443341792215
0.7718443341792215
0.7713335057156265
0.7713335057156265
0.7713335057156265
0.7701721558853243
0.7699382945951005
0.7680925605812282
0.7680925605812282
0.7680925605812282
0.7680925605812282
0.7680925605812282
0.7680925605812282
0.7680925605812282
0.7680925605812282
0.7680925605812282
0.7680925605812282
0.7668652777957643
0.7666309626611243
0.7666309626611243
0.7666309626611243
0.7666309626611243
0.7666309626611243
