10290.455124212986
9854.931594600872
9854.931594600872
9591.337184045504
9591.337184045504
9591.337184045504
9475.650514412662
9475.650514412662
9255.532238348209
8563.942889688165
8513.778210068074
8513.778210068074
8179.716534058648
8179.716534058648
8179.716534058648
8159.097934533314
8006.093436184635
8006.093436184635
7759.9033660381965
7759.9033660381965
7664.61304812851
7603.464042891097
7519.410177578078
7133.028762939114
6851.048811746483
6850.123544675584
6763.3277595393965
6761.028605660852
6761.028605660852
6462.9641410167305
6462.9641410167305
6355.540080717266
6355.540080717266
6349.02460263464
6117.36658625621
6084.690890574092
5893.100034234813
5893.100034234813
5843.457352917868
5782.115120718386
5519.0661809744515
5519.0661809744515
5519.0661809744515
5384.3645108494175
5198.047986542287
5198.047986542287
5190.018303779167
5071.557899924961
5002.482464260516
5002.482464260516
5002.482464260516
4980.072011212982
4910.809019697484
4884.996732802255
4619.0301357558255
4619.023409420749
4543.835369159332
4528.662113464129
4516.308971777043
4382.431981776676
4382.431981776676
4250.723991351266
4020.8026589935926
4011.692756860306
4011.692756860306
3932.9537186941016
3932.9537186941016
3932.9537186941016
3875.7278672600005
3788.3485748378534
3771.834060803403
3771.834060803403
3713.492235693411
3511.0670896697375
3510.743810735661
3225.4951806118006
3225.4951806118006
3222.8042066028356
3190.7751187145623
3190.7751187145623
3190.7751187145623
3116.3580846552777
2998.089635431248
2996.4374194853426
2879.1743919313576
2798.2327922992026
2798.2327922992026
2797.056516271745
2542.548357077043
2387.3475624891926
2387.3475624891926
2387.3475624891926
2318.2223814494664
2263.6129546255797
2155.2156845848313
2055.4638347546606
2055.4638347546606
2051.7119370963355
2017.633161262429
2016.9077729899454
2008.3451603491849
1888.6423578426766
1888.6423578426766
1888.6423578426766
1888.6035242138096
1882.4590558890432
1882.3426170833172
1880.2160755855984
1773.0596821270756
1762.962614442209
1762.962614442209
1747.894178623037
1622.1449921242966
1622.1441307533205
1620.2682859970992
1620.2682859970992
1620.2682859970992
1481.5093964085572
1481.5093964085572
1481.5093964085572
1421.4296674694033
1421.4296674694033
1362.988830023729
1219.8307995541563
1101.0683306706924
1101.0683306706924
1101.0683306706924
1101.0683306706924
1085.2764135637299
1081.1429118944488
1081.033066299793
969.0109759387033
969.0062515492973
969.0062515492973
969.0062515492973
967.7086219956018
967.7086219956018
960.6329312825183
958.074963745179
958.074963745179
958.0570645890402
877.3751044657984
876.344748172336
876.344748172336
876.3262774243358
876.3262774243358
876.3235559054992
876.2235920192252
873.6416318508345
854.9663798438796
639.0156300014623
639.0156300014623
639.0156300014623
639.0062104107983
635.7379871415378
635.7379871415378
635.7379871415378
626.7644695669187
564.6498004643581
504.3383822392043
504.3383822392043
504.3383822392043
489.49410322149924
464.7457520206699
400.3787178545699
400.3787178545699
356.10224049841963
356.10224049841963
356.0365224190773
356.0365224190773
355.9956247648752
331.7807361912455
331.7807361912455
267.90076071581643
267.90076071581643
251.9463171524858
247.89292908512107
247.8923299604503
247.8923299604503
247.4417088509399
247.4416956648638
247.1058509694667
247.1058509694667
247.1058509694667
182.21361993584105
182.21361993584105
181.08701798265065
180.98905819446372
179.00776316934753
143.3514098949181
138.47410923240204
85.93803069516434
85.93803069516434
84.9913136939158
84.9913136939158
64.19188834814304
64.19188834814304
63.739963151001575
63.739963151001575
63.73819206080043
63.73819206080043
63.73459533713503
54.03482297418668
35.40617327365544
35.12042004189061
35.05190376198152
35.05131657649508
35.0037060709692
34.722268586116115
16.42842140420362
16.426707013533814
16.20476746254826
16.20476746254826
11.596547374034344
11.433879251528197
11.376941522650668
7.7291218372356525
5.2291970297210355
5.2291970297210355
5.2291970297210355
5.055074571491787
5.0413478093705635
3.4802716745489306
3.4802716745489306
3.4802716745489306
3.4802716745489306
3.480244349460918
3.4795463948121323
3.4209631665344205
3.4209414350607403
3.4209142886720656
3.4209059901259025
2.789663651958108
2.789663651958108
2.789663651958108
2.789639564414756
2.0880539590980334
2.0880539590980334
2.0836709807463194
2.0790193442244345
2.079010471188667
2.079010471188667
1.1618594955816661
1.1616282005506946
1.1616282005506946
1.1616282005506946
0.9014710479114001
0.5128448780815233
0.5046552976091334
0.4794219758914551
0.4794219758914551
0.4794219758914551
0.2370624108989432
0.2370624108989432
0.23670412632418447
0.23670085432968335
0.20871988317412615
0.1598244360047829
0.15963758920952387
0.15963479270976677
0.1379817231772904
0.13795719088375336
0.13795719088375336
0.12370027004362782
0.11822375052906864
0.11822375052906864
0.11068231673016271
0.11068231673016271
0.0810262493960181
0.08088365438743494
0.08088365438743494
0.08077792358926672
0.08077792358926672
0.08026389163387648
0.08025912807897839
0.08024357417707506
0.07645309202234785
0.07618072163131728
0.0761799999163486
0.07595164356644091
0.07589723911769397
0.07581635165479383
0.07581635165479383
0.07581635165479383
0.07581635165479383
0.07364826538105262
0.058707592281280085
0.017136389862571377
0.01713526589810499
0.017092256090109004
0.005769439641881036
0.005769439641881036
0.005183577268326189
0.005104996500449488
0.005099383386550471
0.00478666839262587
0.004783460226462921
0.004702996751802857
0.004483936698306934
0.004483936698306934
0.002352410403545946
0.002352410403545946
0.0023521270377386827
0.002334789500309853
0.001936466338520404
0.001936466338520404
0.001933998821186833
0.0013159958070900757
0.001313981098064687
0.0012679597148235189
0.0012679597148235189
0.0012679597148235189
0.001267763431314961
0.001267763431314961
0.001267757697860361
0.0012661499422392808
0.0012647111107071396
0.0011916988805751316
0.0011880843157996424
0.0009700995724415407
0.0006052034750609891
0.00028139594905951526
0.00028123352058173623
0.00028123352058173623
0.00020579997544700745
0.00020326232152001467
0.00020300819414842408
0.000202951412575203
0.00020293677152949385
0.00020281578872527461
0.00017403089623257983
0.00017207947530550882
0.0001713351648504613
0.0001713351648504613
0.00015869359049247578
0.00014086069495533593
0.00014057057160243858
0.00013412408043222968
9.721257447381504e-05
8.245272692875005e-05
7.90911290096119e-05
7.511493458878249e-05
7.506592373829335e-05
7.340281263168436e-05
7.340281263168436e-05
7.140555499063339e-05
2.2502703359350562e-05
2.2502703359350562e-05
2.2502703359350562e-05
2.2502703359350562e-05
2.02931205421919e-05
1.8317294234293513e-05
1.8161195839638822e-05
1.7051434042514302e-05
1.698668347671628e-05
1.6902407878660597e-05
1.5979585441527888e-05
1.5229432392516173e-05
1.4950908735045232e-05
1.2271926607354544e-05
1.2271926607354544e-05
1.2271926607354544e-05
1.2219095879117958e-05
1.184111533802934e-05
1.0101000953000039e-05
1.0101000953000039e-05
6.418018529075198e-06
5.929185135755688e-06
5.929185135755688e-06
5.929185135755688e-06
5.929185135755688e-06
4.106512278667651e-06
4.106355845578946e-06
4.06690378440544e-06
4.06690378440544e-06
4.066676410729997e-06
2.6724701456259936e-06
2.6724701456259936e-06
2.6677953428588808e-06
1.1181691661477089e-06
1.1181691661477089e-06
1.1181691661477089e-06
1.1005031410604715e-06
1.0370276868343353e-06
1.0370276868343353e-06
1.027992766466923e-06
9.991381375584751e-07
9.991381375584751e-07
8.110382623272017e-07
8.110382623272017e-07
8.109072950901464e-07
8.109072950901464e-07
7.825328793842345e-07
7.824892236385494e-07
7.824892236385494e-07
7.824892236385494e-07
6.206046236911789e-07
5.55497535970062e-07
5.520960257854313e-07
5.196234269533306e-07
5.019574018660933e-07
5.019574018660933e-07
4.726243787445128e-07
2.203341864515096e-07
2.198739821324125e-07
2.198739821324125e-07
2.168908395105973e-07
2.1516461856663227e-07
1.968001015484333e-07
1.772277755662799e-07
1.689932105364278e-07
1.5828118193894625e-07
1.5561272448394448e-07
1.5418481780216098e-07
1.5347359294537455e-07
1.2691634765360504e-07
1.250064087798819e-07
1.250064087798819e-07
8.236747817136347e-08
8.232382242567837e-08
8.232382242567837e-08
8.232382242567837e-08
8.206552593037486e-08
7.944436219986528e-08
7.901508070062846e-08
7.887865649536252e-08
3.703462425619364e-08
3.6978235584683716e-08
3.6978235584683716e-08
3.694549377541989e-08
3.684363036882132e-08
3.684181137941778e-08
2.6613633963279426e-08
2.6613633963279426e-08
2.4914697860367596e-08
2.4876499082893133e-08
2.4876499082893133e-08
2.10711732506752e-08
2.1065716282464564e-08
7.4087438406422734e-09
6.124537321738899e-09
6.124537321738899e-09
6.124537321738899e-09
5.4187694331631064e-09
5.4187694331631064e-09
5.362380761653185e-09
5.356923793442547e-09
5.356923793442547e-09
5.207766662351787e-09
5.142283043824136e-09
4.9622030928730965e-09
4.9622030928730965e-09
4.845787771046162e-09
4.629328032024205e-09
4.591129254549742e-09
4.294633981771767e-09
3.72710928786546e-09
3.725290298461914e-09
1.926309778355062e-09
1.8280843505635858e-09
1.82626536116004e-09
1.82626536116004e-09
1.82626536116004e-09
1.82626536116004e-09
1.82626536116004e-09
1.82626536116004e-09
1.8189894035458565e-09
1.8189894035458565e-09
1.8153514247387648e-09
1.775333657860756e-09
7.566995918750763e-10
7.566995918750763e-10
7.566995918750763e-10
6.020854925736785e-10
6.020854925736785e-10
5.547917680814862e-10
5.329638952389359e-10
4.347384674474597e-10
4.347384674474597e-10
4.347384674474597e-10
4.347384674474597e-10
4.1654857341200113e-10
3.2378011383116245e-10
3.2378011383116245e-10
2.0736479200422764e-10
1.9463186617940664e-10
1.9463186617940664e-10
1.8553691916167736e-10
1.8553691916167736e-10
1.8553691916167736e-10
1.8189894035458565e-10
1.7826096154749393e-10
1.0732037480920553e-10
1.0550138540565968e-10
1.0550138540565968e-10
9.094947017729282e-11
9.094947017729282e-11
8.913048077374697e-11
8.731149137020111e-11
7.821654435247183e-11
5.638867150992155e-11
5.638867150992155e-11
3.637978807091713e-11
3.637978807091713e-11
3.637978807091713e-11
3.456079866737127e-11
3.456079866737127e-11
3.456079866737127e-11
3.456079866737127e-11
3.456079866737127e-11
3.456079866737127e-11
3.092281986027956e-11
3.092281986027956e-11
3.092281986027956e-11
3.092281986027956e-11
2.9103830456733704e-11
2.9103830456733704e-11
2.9103830456733704e-11
2.7284841053187847e-11
2.7284841053187847e-11
2.546585164964199e-11
2.3646862246096134e-11
1.8189894035458565e-11
1.8189894035458565e-11
1.8189894035458565e-11
1.8189894035458565e-11
1.8189894035458565e-11
1.8189894035458565e-11
1.8189894035458565e-11
1.8189894035458565e-11
1.6370904631912708e-11
1.4551915228366852e-11
1.4551915228366852e-11
1.4551915228366852e-11
9.094947017729282e-12
9.094947017729282e-12
9.094947017729282e-12
9.094947017729282e-12
9.094947017729282e-12
7.275957614183426e-12
7.275957614183426e-12
7.275957614183426e-12
7.275957614183426e-12
7.275957614183426e-12
7.275957614183426e-12
7.275957614183426e-12
7.275957614183426e-12
7.275957614183426e-12
7.275957614183426e-12
7.275957614183426e-12
5.4569682106375694e-12
5.4569682106375694e-12
5.4569682106375694e-12
5.4569682106375694e-12
5.4569682106375694e-12
5.4569682106375694e-12
5.4569682106375694e-12
5.4569682106375694e-12
5.4569682106375694e-12
5.4569682106375694e-12
5.4569682106375694e-12
5.4569682106375694e-12
5.4569682106375694e-12
5.4569682106375694e-12
5.4569682106375694e-12
5.4569682106375694e-12
5.4569682106375694e-12
5.4569682106375694e-12
5.4569682106375694e-12
5.4569682106375694e-12
5.4569682106375694e-12
5.4569682106375694e-12
5.4569682106375694e-12
5.4569682106375694e-12
5.4569682106375694e-12
5.4569682106375694e-12
5.4569682106375694e-12
5.4569682106375694e-12
5.4569682106375694e-12
5.4569682106375694e-12
5.4569682106375694e-12
5.4569682106375694e-12
5.4569682106375694e-12
5.4569682106375694e-12
5.4569682106375694e-12
5.4569682106375694e-12
5.4569682106375694e-12
5.4569682106375694e-12
5.4569682106375694e-12
5.4569682106375694e-12
5.4569682106375694e-12
5.4569682106375694e-12
5.4569682106375694e-12
5.4569682106375694e-12
5.4569682106375694e-12
5.4569682106375694e-12
5.4569682106375694e-12
5.4569682106375694e-12
5.4569682106375694e-12
5.4569682106375694e-12
5.4569682106375694e-12
5.4569682106375694e-12
5.4569682106375694e-12
5.4569682106375694e-12
5.4569682106375694e-12
5.4569682106375694e-12
5.4569682106375694e-12
5.4569682106375694e-12
5.4569682106375694e-12
5.4569682106375694e-12
5.4569682106375694e-12
5.4569682106375694e-12
5.4569682106375694e-12
5.4569682106375694e-12
5.4569682106375694e-12
5.4569682106375694e-12
5.4569682106375694e-12
5.4569682106375694e-12
5.4569682106375694e-12
5.4569682106375694e-12
5.4569682106375694e-12
5.4569682106375694e-12
5.4569682106375694e-12
5.4569682106375694e-12
5.4569682106375694e-12
5.4569682106375694e-12
5.4569682106375694e-12
5.4569682106375694e-12
5.4569682106375694e-12
5.4569682106375694e-12
5.4569682106375694e-12
5.4569682106375694e-12
5.4569682106375694e-12
5.4569682106375694e-12
5.4569682106375694e-12
5.4569682106375694e-12
5.4569682106375694e-12
5.4569682106375694e-12
5.4569682106375694e-12
5.4569682106375694e-12
5.4569682106375694e-12
5.4569682106375694e-12
5.4569682106375694e-12
5.4569682106375694e-12
5.4569682106375694e-12
5.4569682106375694e-12
5.4569682106375694e-12
5.4569682106375694e-12
5.4569682106375694e-12
5.4569682106375694e-12
5.4569682106375694e-12
5.4569682106375694e-12
5.4569682106375694e-12
5.4569682106375694e-12
5.4569682106375694e-12
5.4569682106375694e-12
5.4569682106375694e-12
5.4569682106375694e-12
5.4569682106375694e-12
5.4569682106375694e-12
5.4569682106375694e-12
5.4569682106375694e-12
5.4569682106375694e-12
5.4569682106375694e-12
5.4569682106375694e-12
5.4569682106375694e-12
5.4569682106375694e-12
5.4569682106375694e-12
5.4569682106375694e-12
5.4569682106375694e-12
5.4569682106375694e-12
5.4569682106375694e-12
5.4569682106375694e-12
5.4569682106375694e-12
5.4569682106375694e-12
5.4569682106375694e-12
5.4569682106375694e-12
5.4569682106375694e-12
5.4569682106375694e-12
5.4569682106375694e-12
5.4569682106375694e-12
5.4569682106375694e-12
5.4569682106375694e-12
5.4569682106375694e-12
5.4569682106375694e-12
5.4569682106375694e-12
5.4569682106375694e-12
5.4569682106375694e-12
5.4569682106375694e-12
5.4569682106375694e-12
5.4569682106375694e-12
5.4569682106375694e-12
5.4569682106375694e-12
5.4569682106375694e-12
5.4569682106375694e-12
5.4569682106375694e-12
5.4569682106375694e-12
5.4569682106375694e-12
5.4569682106375694e-12
5.4569682106375694e-12
5.4569682106375694e-12
5.4569682106375694e-12
5.4569682106375694e-12
5.4569682106375694e-12
5.4569682106375694e-12
5.4569682106375694e-12
5.4569682106375694e-12
5.4569682106375694e-12
5.4569682106375694e-12
5.4569682106375694e-12
5.4569682106375694e-12
5.4569682106375694e-12
5.4569682106375694e-12
5.4569682106375694e-12
5.4569682106375694e-12
5.4569682106375694e-12
5.4569682106375694e-12
5.4569682106375694e-12
5.4569682106375694e-12
5.4569682106375694e-12
5.4569682106375694e-12
5.4569682106375694e-12
5.4569682106375694e-12
5.4569682106375694e-12
5.4569682106375694e-12
5.4569682106375694e-12
5.4569682106375694e-12
5.4569682106375694e-12
5.4569682106375694e-12
5.4569682106375694e-12
5.4569682106375694e-12
5.4569682106375694e-12
5.4569682106375694e-12
5.4569682106375694e-12
5.4569682106375694e-12
5.4569682106375694e-12
5.4569682106375694e-12
5.4569682106375694e-12
5.4569682106375694e-12
5.4569682106375694e-12
5.4569682106375694e-12
5.4569682106375694e-12
5.4569682106375694e-12
5.4569682106375694e-12
5.4569682106375694e-12
5.4569682106375694e-12
5.4569682106375694e-12
5.4569682106375694e-12
5.4569682106375694e-12
5.4569682106375694e-12
5.4569682106375694e-12
5.4569682106375694e-12
5.4569682106375694e-12
5.4569682106375694e-12
5.4569682106375694e-12
5.4569682106375694e-12
5.4569682106375694e-12
5.4569682106375694e-12
5.4569682106375694e-12
5.4569682106375694e-12
5.4569682106375694e-12
5.4569682106375694e-12
5.4569682106375694e-12
5.4569682106375694e-12
5.4569682106375694e-12
5.4569682106375694e-12
5.4569682106375694e-12
5.4569682106375694e-12
5.4569682106375694e-12
5.4569682106375694e-12
5.4569682106375694e-12
5.4569682106375694e-12
5.4569682106375694e-12
5.4569682106375694e-12
5.4569682106375694e-12
5.4569682106375694e-12
5.4569682106375694e-12
5.4569682106375694e-12
5.4569682106375694e-12
5.4569682106375694e-12
5.4569682106375694e-12
5.4569682106375694e-12
5.4569682106375694e-12
5.4569682106375694e-12
5.4569682106375694e-12
5.4569682106375694e-12
5.4569682106375694e-12
5.4569682106375694e-12
5.4569682106375694e-12
5.4569682106375694e-12
5.4569682106375694e-12
5.4569682106375694e-12
5.4569682106375694e-12
5.4569682106375694e-12
5.4569682106375694e-12
5.4569682106375694e-12
5.4569682106375694e-12
5.4569682106375694e-12
5.4569682106375694e-12
5.4569682106375694e-12
5.4569682106375694e-12
5.4569682106375694e-12
5.4569682106375694e-12
5.4569682106375694e-12
5.4569682106375694e-12
5.4569682106375694e-12
5.4569682106375694e-12
5.4569682106375694e-12
5.4569682106375694e-12
5.4569682106375694e-12
5.4569682106375694e-12
5.4569682106375694e-12
5.4569682106375694e-12
5.4569682106375694e-12
5.4569682106375694e-12
5.4569682106375694e-12
5.4569682106375694e-12
5.4569682106375694e-12
5.4569682106375694e-12
5.4569682106375694e-12
5.4569682106375694e-12
5.4569682106375694e-12
5.4569682106375694e-12
5.4569682106375694e-12
5.4569682106375694e-12
5.4569682106375694e-12
5.4569682106375694e-12
5.4569682106375694e-12
5.4569682106375694e-12
5.4569682106375694e-12
5.4569682106375694e-12
5.4569682106375694e-12
5.4569682106375694e-12
5.4569682106375694e-12
5.4569682106375694e-12
5.4569682106375694e-12
5.4569682106375694e-12
5.4569682106375694e-12
5.4569682106375694e-12
5.4569682106375694e-12
5.4569682106375694e-12
5.4569682106375694e-12
5.4569682106375694e-12
5.4569682106375694e-12
5.4569682106375694e-12
5.4569682106375694e-12
5.4569682106375694e-12
5.4569682106375694e-12
5.4569682106375694e-12
5.4569682106375694e-12
5.4569682106375694e-12
5.4569682106375694e-12
5.4569682106375694e-12
5.4569682106375694e-12
5.4569682106375694e-12
5.4569682106375694e-12
5.4569682106375694e-12
5.4569682106375694e-12
5.4569682106375694e-12
5.4569682106375694e-12
5.4569682106375694e-12
5.4569682106375694e-12
5.4569682106375694e-12
5.4569682106375694e-12
5.4569682106375694e-12
5.4569682106375694e-12
5.4569682106375694e-12
5.4569682106375694e-12
5.4569682106375694e-12
5.4569682106375694e-12
5.4569682106375694e-12
5.4569682106375694e-12
5.4569682106375694e-12
5.4569682106375694e-12
5.4569682106375694e-12
5.4569682106375694e-12
5.4569682106375694e-12
5.4569682106375694e-12
5.4569682106375694e-12
5.4569682106375694e-12
5.4569682106375694e-12
5.4569682106375694e-12
5.4569682106375694e-12
5.4569682106375694e-12
5.4569682106375694e-12
5.4569682106375694e-12
5.4569682106375694e-12
5.4569682106375694e-12
5.4569682106375694e-12
5.4569682106375694e-12
5.4569682106375694e-12
5.4569682106375694e-12
5.4569682106375694e-12
5.4569682106375694e-12
5.4569682106375694e-12
5.4569682106375694e-12
5.4569682106375694e-12
5.4569682106375694e-12
5.4569682106375694e-12
5.4569682106375694e-12
5.4569682106375694e-12
5.4569682106375694e-12
5.4569682106375694e-12
5.4569682106375694e-12
5.4569682106375694e-12
5.4569682106375694e-12
5.4569682106375694e-12
5.4569682106375694e-12
5.4569682106375694e-12
5.4569682106375694e-12
5.4569682106375694e-12
5.4569682106375694e-12
5.4569682106375694e-12
5.4569682106375694e-12
5.4569682106375694e-12
5.4569682106375694e-12
5.4569682106375694e-12
5.4569682106375694e-12
5.4569682106375694e-12
5.4569682106375694e-12
5.4569682106375694e-12
5.4569682106375694e-12
5.4569682106375694e-12
5.4569682106375694e-12
5.4569682106375694e-12
5.4569682106375694e-12
5.4569682106375694e-12
5.4569682106375694e-12
5.4569682106375694e-12
5.4569682106375694e-12
5.4569682106375694e-12
5.4569682106375694e-12
5.4569682106375694e-12
5.4569682106375694e-12
5.4569682106375694e-12
5.4569682106375694e-12
5.4569682106375694e-12
5.4569682106375694e-12
5.4569682106375694e-12
5.4569682106375694e-12
5.4569682106375694e-12
5.4569682106375694e-12
5.4569682106375694e-12
5.4569682106375694e-12
5.4569682106375694e-12
5.4569682106375694e-12
5.4569682106375694e-12
5.4569682106375694e-12
5.4569682106375694e-12
5.4569682106375694e-12
5.4569682106375694e-12
5.4569682106375694e-12
5.4569682106375694e-12
5.4569682106375694e-12
5.4569682106375694e-12
5.4569682106375694e-12
5.4569682106375694e-12
5.4569682106375694e-12
5.4569682106375694e-12
5.4569682106375694e-12
5.4569682106375694e-12
5.4569682106375694e-12
5.4569682106375694e-12
5.4569682106375694e-12
5.4569682106375694e-12
5.4569682106375694e-12
5.4569682106375694e-12
5.4569682106375694e-12
5.4569682106375694e-12
5.4569682106375694e-12
5.4569682106375694e-12
5.4569682106375694e-12
5.4569682106375694e-12
5.4569682106375694e-12
5.4569682106375694e-12
5.4569682106375694e-12
5.4569682106375694e-12
5.4569682106375694e-12
5.4569682106375694e-12
5.4569682106375694e-12
5.4569682106375694e-12
5.4569682106375694e-12
5.4569682106375694e-12
5.4569682106375694e-12
5.4569682106375694e-12
5.4569682106375694e-12
5.4569682106375694e-12
5.4569682106375694e-12
5.4569682106375694e-12
5.4569682106375694e-12
5.4569682106375694e-12
5.4569682106375694e-12
5.4569682106375694e-12
5.4569682106375694e-12
5.4569682106375694e-12
5.4569682106375694e-12
5.4569682106375694e-12
5.4569682106375694e-12
5.4569682106375694e-12
5.4569682106375694e-12
