3294450.5272128102
3283276.0023226812
3003479.8726291982
3003479.8726291982
2761484.677358891
2761484.677358891
2607176.178716185
2413616.536996749
2342589.8446261035
1556692.3055016496
1556692.3055016496
1527737.70821908
1516802.3246892006
1118031.6669289584
1085119.038617569
1024249.6368738367
931388.8462188604
923075.8468856298
922777.5269670043
903532.4141949174
791446.0591552972
791446.0591552972
787410.1745297344
709978.6712500247
698453.8518058321
697935.5538625702
689666.2226826225
518120.21300784673
517726.7875526474
517726.7875526474
504368.79578624933
320246.3811653092
320064.87344467506
319150.60901414906
317805.1218375217
182729.39806732186
135936.18572847964
135936.18572847964
103270.45614262202
80862.58923391969
77575.74011843839
77575.74011843839
77417.14759053884
77349.79552512223
70530.89370386487
63381.40283392267
58543.95521753223
53080.55941806217
48620.80267734581
37459.95758670899
37459.95758670899
36506.105381579604
34587.33233471077
31793.93349696029
31793.93349696029
30917.629910941672
23097.425841273838
18272.2864457756
10994.543321800447
10657.73298155877
10657.73298155877
10657.73298155877
9962.302395654102
9960.010366558998
8964.66039173095
8956.386426438246
8672.565707901436
8669.329891369773
8669.329891369773
8151.275064877608
8129.450882858895
5663.209981466711
5364.412746179808
5276.010205190199
5276.010205190199
5065.0480036565095
4905.740724856619
3054.6916761979633
3054.6916761979633
2868.2414952989443
1647.1824959389614
1546.6499776845208
1506.4568139547177
1506.4568139547177
1382.0016260772968
1358.565123022087
1358.3191998292054
1358.3191998292054
1290.5847811117505
1290.5847811117505
1174.6005153221104
1125.4173214536886
1115.5597238281616
920.2970736510854
920.0691580725756
920.0691580725756
894.1108347256485
894.1108347256485
894.1108347256485
807.3406174410966
807.3406174410966
781.3785534741263
781.3785534741263
781.3785534741263
781.3785534741263
781.3785534741263
752.3154010076054
730.4768227322628
718.7116045727436
718.7116045727436
717.2195095363139
714.0024097390568
657.302154014748
656.1760354187392
646.8284385084979
646.8284385084979
603.0173969057245
553.6338737869554
549.0110734523922
388.00306689968187
386.2420949356623
386.2420949356623
375.65444844526314
375.65444844526314
349.418918214672
243.6339002840318
243.6339002840318
243.40051158098385
243.40051158098385
243.40051158098385
242.1185232989714
224.2372029055921
224.2372029055921
223.23352735193615
223.23352735193615
223.23352735193615
223.23352735193615
223.23352735193615
216.69754385415422
212.777930597551
205.6473089313301
205.34015024985598
205.34015024985598
205.34015024985598
197.04444408196267
197.04444408196267
196.3049344129057
196.3049344129057
182.22299840680483
182.22299840680483
167.6431096960756
167.6431096960756
167.6431096960756
167.6431096960756
167.10134893547553
163.11071150223043
157.1434274885452
157.1434274885452
156.68175109538197
151.33851605761058
150.73736723017137
150.73736723017137
150.73736723017137
146.82873079748356
140.28456640924605
139.2858824622268
138.11009623663884
137.57967411020496
137.57967411020496
136.8131083747284
131.41926851211173
130.97665159252517
130.97665159252517
129.0797480865752
129.0797480865752
129.01589560935162
127.21137115960845
123.83445285110409
123.83445285110409
120.98180421801648
120.98180421801648
120.98180421801648
120.11064968523166
117.33076150600397
116.91807586247991
116.91807586247991
116.91807586247991
116.91807586247991
116.90483971919191
116.8313557381707
116.8313557381707
116.8313557381707
116.75763167056573
116.46723876028062
116.46723876028062
116.46723876028062
116.46723876028062
116.46723876028062
116.46723876028062
114.33040107013524
114.33040107013524
114.33040107013524
114.33040107013524
114.33040107013524
114.33040107013524
105.86540963570837
105.62667623411886
105.61722965901552
103.21955472352805
102.88112851304325
102.88112851304325
102.28553151076478
102.28553151076478
102.28553151076478
102.28553151076478
101.47561232974607
101.43718847262002
100.21927817672024
100.21927817672024
99.09367593604715
99.09367593604715
97.17494731018317
97.17494731018317
90.66032965883758
90.66032965883758
89.78010184621945
89.47641690720909
89.41892567645343
87.86992288991598
87.17615489722454
81.49082493015622
81.49082493015622
81.49082493015622
81.46040905971009
81.46040905971009
81.43289526329349
81.43289526329349
81.43289526329349
81.43289526329349
80.58129306735773
80.58129306735773
80.56800239324787
80.56800239324787
80.46122359642455
80.46122359642455
80.38037220108727
71.5538852449767
71.28605826294891
71.28605826294891
71.28605826294891
71.28605826294891
42.133416374847066
38.95661744240821
38.95661744240821
38.95661744240821
38.95661744240821
38.95653029755608
38.61559832748079
38.60616469229573
38.60616469229573
38.60616469229573
38.60616469229573
38.60616469229573
38.28601179715274
38.20921534114677
38.20921534114677
38.20921534114677
38.205680019231366
38.018166338445525
37.89786671319981
37.89786671319981
37.89786671319981
37.6381274957069
37.6381274957069
37.6381274957069
37.19582910260792
36.61706237974665
36.61706237974665
30.78589542328347
30.78589542328347
30.157538218724806
29.39071967798712
29.39071967798712
29.39071967798712
29.39071967798712
29.387329715135685
27.933208646263438
27.933208646263438
27.933208646263438
27.933208646263438
27.921994186530103
26.6212254960876
26.6212254960876
26.6212254960876
26.6212254960876
26.6212254960876
26.6212254960876
26.6212254960876
26.3831110146599
26.339293413103128
26.339293413103128
26.339293413103128
25.79757988768134
25.79757988768134
25.795390189991167
25.00160641042117
24.264951958345023
24.264951958345023
24.24027395181728
24.24027395181728
24.24027395181728
24.24027395181728
24.24027395181728
24.23978981054927
24.23978981054927
24.23978981054927
20.81475431147088
20.81475431147088
20.81475431147088
20.81475431147088
20.81475431147088
20.730163111898737
20.730163111898737
20.730163111898737
20.730163111898737
20.730163111898737
20.730163111898737
20.70850506132952
20.70850506132952
20.70850506132952
20.700381937730267
20.700381937730267
20.700381937730267
20.700381937730267
20.700381937730267
20.686685690746906
20.60346568117531
20.187268663221836
20.187268663221836
20.184918827625413
20.184918827625413
20.184918827625413
20.184918827625413
20.184918827625413
20.184918827625413
20.184918827625413
20.184918827625413
20.131226800095448
20.131226800095448
20.131226800095448
20.131226800095448
20.131226800095448
20.114439462446697
20.114439462446697
20.114439462446697
20.114439462446697
20.114439462446697
20.114439462446697
20.113887529053017
20.113887529053017
20.113887529053017
20.113887529053017
20.113887529053017
19.868304525222733
19.868304525222733
19.84930530987622
18.719100223155962
18.569790693891367
18.569790693891367
18.272861927414176
18.272861927414176
18.170012735227086
18.167604713522476
18.138478016401496
18.138478016401496
18.138478016401496
18.138478016401496
18.1283629431919
18.12171727929044
18.12080388810844
18.12080388810844
18.001695836515932
18.001695836515932
18.001695836515932
17.827859790510278
17.80303188983834
17.80303188983834
17.80303188983834
17.802835509008993
17.799305374472567
17.040072843488332
17.039997557574893
17.039997557574893
16.97785481763479
16.97785481763479
16.97785481763479
16.97785481763479
16.96857825749659
16.967232631866185
16.96722687616465
16.96722687616465
16.96722687616465
16.96722687616465
16.6986365800843
16.6932721476752
16.685132845439234
16.685132845439234
16.685132845439234
16.588646542760316
16.588646542760316
16.588646542760316
16.073785986954324
16.011778712757042
16.011778712757042
15.986852031380534
15.986852031380534
15.986852031380534
15.986852031380534
15.749150904388696
15.742319016331432
15.742319016331432
15.742319016331432
15.742319016331432
15.725809497738602
15.725809497738602
15.725809497738602
15.697130957433762
15.62898616340676
15.62898616340676
14.151317108096372
14.151317108096372
14.151317108096372
14.092163318710117
14.092163318710117
14.092163318710117
14.092163318710117
14.092163318710117
14.092163318710117
14.085110041022865
14.081825704424684
14.073684201450238
14.073684201450238
14.067457683564886
14.067457683564886
14.06408894440975
12.318584522090061
12.284673236556824
12.116551523245015
12.116551523245015
12.116551523245015
12.116551523245015
12.034414587222205
12.034414587222205
12.034414587222205
12.034414587222205
12.022474594282546
12.022474594282546
12.02030894858483
12.02030894858483
12.02030894858483
12.02030894858483
12.020261761592323
12.015551803730151
11.961065707481092
11.961057085254781
11.961057085254781
11.961057085254781
11.960487563654757
11.960487563654757
11.886874962872758
11.886874962872758
11.721686159341031
11.711623286828784
11.711623286828784
11.56888259043513
11.468652953955813
11.468652953955813
11.468596125484027
11.366274092473386
11.225121274737893
11.225121274737893
11.225121274737893
11.225121274737893
11.225121274737893
11.225121274737893
11.221977592555238
11.077630095605077
11.077630095605077
11.077613981809115
11.070880473536572
11.070880473536572
11.069734623631803
11.069734623631803
11.069734623631803
11.069734623631803
11.069734623631803
11.069734623631803
10.920201888799886
10.875629648230248
10.875285013549094
10.875285013549094
10.870477920502905
10.870477920502905
10.870477920502905
10.870407496855664
10.863903905005047
10.863903905005047
10.863903905005047
10.401102786067908
10.400910837361316
10.400834287624381
10.400834287624381
10.400834287624381
10.400834287624381
10.399645018819388
10.399384042107839
10.399384042107839
10.363873510362318
10.363873510362318
10.329812891276005
10.198839493348322
10.021390001689388
10.021390001689388
10.021390001689388
10.021390001689388
10.021390001689388
9.99550000330437
9.99550000330437
9.962374481751
9.96150775277249
9.351990779827029
9.351990779827029
9.351990779827029
9.34979325611392
9.34979325611392
9.34979325611392
9.34979325611392
9.336009239528295
9.335564945489425
8.534545486645934
8.52649227320481
8.514777350240035
8.514763124730866
8.514763124730866
8.514763124730866
8.514763124730866
8.49854797799268
8.495156676603251
8.495156676603251
8.432815034791703
8.432815034791703
8.432815034791703
8.432815034791703
8.432815034791703
8.432815034791703
7.7774491855867876
7.7774491855867876
7.7774491855867876
7.774082624435865
7.7703072218370615
7.7703072218370615
7.7703072218370615
7.769572327026323
7.769571155452688
7.767673950734112
7.767673950734112
7.767673950734112
7.637708035818843
7.637708035818843
7.637661503041347
7.637606263487557
7.63618188667191
7.560817835871111
7.559401615705798
7.55611782179234
7.55611782179234
7.55611782179234
7.555940802593263
7.555940802593263
6.213057257789118
6.213057257789118
6.213057257789118
5.9581758899998745
5.957841348315515
5.957841348315515
5.957841348315515
5.425461656641132
5.383286094069692
5.3812856600389924
5.332435644388265
5.332435644388265
5.332435644388265
5.332435644388265
5.332435644388265
5.331691850318317
5.331691850318317
5.2725027133866975
5.2725027133866975
5.2725027133866975
4.30941144352315
4.30941144352315
3.993189913261956
3.993189913261956
3.993189913261956
3.9747731208372787
3.9747731208372787
3.928067807927383
3.9228741557781728
3.9126097835626963
3.9126097835626963
3.9126097835626963
3.9126097835626963
3.9126097835626963
3.9125751043988677
3.9125751043988677
3.8219068437206616
3.8219068437206616
3.8219068437206616
3.819593187600298
3.819593187600298
3.819593187600298
3.819593187600298
3.819593187600298
3.819593187600298
3.819593187600298
3.819593187600298
3.819593187600298
3.819593187600298
3.8194469505010127
3.819331948847074
3.8191666305264125
3.8191666305264125
3.8191666305264125
3.8191666305264125
3.8191666305264125
3.8191666305264125
3.8191666305264125
3.7100329282918723
3.7099730781602145
3.6913482239813766
3.6913482239813766
3.6913482239813766
3.6913482239813766
3.6913482239813766
3.6912891626076654
3.6773089925653126
3.6772618959728227
3.6249177859773023
3.6249177859773023
3.6249177859773023
3.624428972171256
3.6234065052964675
3.6234065052964675
3.6234065052964675
3.6234065052964675
3.6234065052964675
3.6234065052964675
3.623382489362548
3.623382489362548
3.623382489362548
3.623382489362548
3.6118014407448333
3.6118014407448333
3.6118014407448333
3.6118014407448333
3.6118014407448333
3.6118014407448333
3.6118014407448333
3.6118014407448333
3.6118014407448333
3.6118014407448333
3.6118014407448333
3.6118014407448333
3.6118014407448333
3.6118014407448333
3.6118014407448333
3.6118014407448333
3.6118014407448333
3.6118014407448333
3.6118014407448333
3.6118014407448333
3.6118014407448333
3.6101409214782123
3.607812567005497
3.607704168221401
3.60734484416998
3.4899767585661885
3.4899767585661885
3.4899767585661885
3.4899407059360033
3.462459561507544
3.462459561507544
3.462459561507544
3.462459561507544
3.462459561507544
3.462459561507544
3.462459561507544
3.462459561507544
3.462459561507544
3.462459561507544
3.462459561507544
3.462423470295877
3.462423470295877
3.462423470295877
3.462423470295877
3.462423470295877
3.462423470295877
3.462423470295877
3.4587848184187227
3.4587848184187227
3.4587848184187227
3.4587848184187227
3.4587848184187227
3.4587848184187227
3.4587848184187227
3.4587848184187227
3.4209879576261777
3.4209879576261777
3.415887867156956
3.4156579488982115
3.4156579488982115
3.4156579488982115
3.4156392576399237
3.4155623034299896
3.4155623034299896
3.4155623034299896
3.4155623034299896
2.8512976321405326
2.8028809529118623
2.618504263614547
2.614905208805066
2.614905208805066
2.614905208805066
2.614905208805066
2.614905208805066
2.614905208805066
2.614905208805066
2.614905208805066
2.609676685449211
2.5878620526730853
2.5878620526730853
2.5878620526730853
2.5878620526730853
2.5878620526730853
2.5878620526730853
2.5878620526730853
2.5878620526730853
2.5878620526730853
2.5878620526730853
2.586869455631025
2.586869455631025
2.586431530563393
2.586431530563393
2.586431530563393
2.586431530563393
2.586431530563393
2.586431530563393
2.5862658976047164
2.5862658976047164
2.5862658976047164
2.5862658976047164
2.553100027970471
2.553100027970471
2.553100027970471
2.553100027970471
2.553100027970471
2.553100027970471
2.553100027970471
2.553100027970471
2.553100027970471
2.553100027970471
2.553100027970471
2.553100027970471
2.553100027970471
2.552964972122292
2.552964972122292
2.552964972122292
2.5529431997347882
2.5123189075563315
2.5123189075563315
2.5123189075563315
2.4922645859944548
2.4922645859944548
2.490947644501203
2.490947644501203
2.490947644501203
2.490947644501203
2.452954622229534
2.452761556738877
2.452761556738877
2.452761556738877
2.4527200563331935
2.4509443997530718
2.4509443997530718
2.4509443997530718
2.4509443997530718
2.4509443997530718
2.4509443997530718
2.4509043445345133
2.438407100596355
2.438407100596355
2.438407100596355
2.438407100596355
2.438407100596355
2.438407100596355
2.407373893727895
2.407373893727895
2.407373893727895
2.407373893727895
2.407373893727895
2.407373893727895
2.3782649751171134
2.3782649751171134
2.355680391298696
1.978810049474046
1.978810049474046
1.978810049474046
1.978810049474046
1.978810049474046
1.9618169933500118
1.9618169933500118
1.9618169933500118
1.9618060725672544
1.9618060725672544
1.9618060725672544
1.9511038001274414
1.950895638780124
1.950895638780124
1.950895638780124
1.950895638780124
1.950895638780124
1.950895638780124
1.950895638780124
1.9507850843811363
1.9507850843811363
1.9507850843811363
1.9507850843811363
1.9507850843811363
1.950676594781891
1.950676594781891
1.950676594781891
1.9506115187869766
1.9505516170284505
1.9505516170284505
1.9505516170284505
1.9505516170284505
1.9505516170284505
1.9505516170284505
1.95053446145801
1.95053446145801
1.9505344441998205
1.9503479425643426
1.9503479425643426
1.9503479425643426
1.9502339318780593
1.9502339318780593
1.9502339318780593
1.9502041634840837
1.9502041634840837
1.9502041634840837
1.9502041634840837
1.9502041634840837
1.9502041634840837
1.9502041634840837
1.9502041634840837
1.9502041634840837
1.9502041634840837
1.9502041634840837
1.9463892695410037
1.5670563100349602
1.5670563100349602
1.5670563100349602
1.5666213669422147
1.5666213669422147
1.4498243890356912
1.4498243890356912
1.4496735723202472
1.432004467832599
1.432004467832599
1.4319828647681025
1.4319828647681025
1.4319828647681025
1.4319828647681025
1.4319828647681025
1.4319828647681025
1.4319828647681025
1.4319828647681025
1.4319828647681025
1.4319828647681025
1.4319828647681025
1.4319828647681025
1.3794277427922563
1.379363600905999
1.3782081905238557
1.3782081905238557
1.3708593057258276
1.3708513608334192
1.3708513608334192
1.3708513608334192
1.3708513608334192
1.3708513608334192
1.3708513608334192
1.3708513608334192
1.3708513608334192
1.3708513608334192
1.3708513608334192
1.3708513608334192
1.3708513608334192
1.3708513608334192
1.3708513608334192
1.3708491121090902
1.3708491121090902
1.3708491121090902
1.3708491121090902
1.3708491121090902
1.3708491121090902
1.3708491121090902
1.3708491121090902
1.3708491121090902
1.3708491121090902
1.3708491121090902
1.3708491121090902
1.3708491121090902
1.3708491121090902
1.3708491121090902
1.3707201265587179
1.3707201265587179
1.3694351610962248
1.3694351610962248
1.3690933043914284
1.3690933043914284
1.3690933043914284
1.3542396175761253
1.3542396175761253
1.3542396175761253
1.3542182467368753
1.3542182467368753
1.3542182467368753
1.3542182467368753
1.3542150221704263
1.3499089559927644
1.3499089559927644
1.3498738898292315
1.3498738898292315
1.3498738898292315
1.3498738898292315
1.3434026389925486
1.342824348714607
1.342824348714607
1.342824348714607
1.342824348714607
1.342824348714607
1.342824348714607
1.342824348714607
1.342824348714607
1.342824348714607
1.342824348714607
1.342824348714607
1.342824348714607
1.342824348714607
1.342824348714607
1.342824348714607
1.342824348714607
1.342824348714607
1.342824348714607
1.342824348714607
1.342824348714607
1.342824348714607
1.342824348714607
1.342824348714607
1.342824348714607
1.342824348714607
1.342824348714607
1.342824348714607
1.342824348714607
1.342824348714607
1.342824348714607
1.342824348714607
1.342824348714607
1.342824348714607
1.3395918151759503
1.3386690774273176
1.3225485924363192
1.3191287634424649
1.3185885915868623
1.3185885915868623
1.3185885915868623
1.3185885915868623
1.3185885915868623
1.3185885915868623
1.3185885915868623
1.3185885915868623
1.3185885915868623
1.3185885915868623
1.3185885915868623
1.3185885915868623
1.3185629067708355
1.3185629067708355
1.3185629067708355
1.3185629067708355
