73850.95141015066
69035.84563293094
62767.95194076554
59153.81567780781
51093.896534085245
48741.70752923176
48741.70752923176
47424.97519550153
47424.97519550153
47424.97519550153
46696.41011398355
43586.15283833842
41501.61091212676
41351.65078212143
37180.995020090624
27453.995796724983
26176.332171371778
26176.332171371778
23992.561394723893
23992.561394723893
21260.377374912823
21118.711698646093
20273.843748830335
20273.843748830335
20222.45797005102
17939.294233573528
17939.294233573528
15240.577612918089
13859.925013962988
13859.925013962988
11607.216265575838
11531.407082101834
11436.253302985198
11436.253302985198
11436.253302985198
9090.596024760618
6963.025420261783
6759.695577079389
6151.557288713598
6151.557288713598
5925.611649899142
5925.611649899142
5814.302003790792
5814.302003790792
5797.8103807225
2947.520027982402
2890.35941483815
1796.7026852669358
1796.7026852669358
1796.7026852669358
1597.5840542931846
1597.3128234925382
1593.6267225680592
1593.6267225680592
1593.6267225680592
1592.9648806763478
1395.7423214969554
1223.9624760097797
1220.8775136660743
1220.8775136660743
1140.7355838247395
1140.604925913203
1140.604925913203
1140.604925913203
1088.2412659326626
1083.8153738215265
1076.5876878285464
855.6786623548029
830.9699138909144
820.1220041280889
808.2725384609442
669.2766816893675
597.8498136806816
597.8498136806816
597.8398889266285
490.7890181886286
316.1404812708066
239.0208943185437
209.85649482503834
208.13804821340926
207.82928808377454
207.82928808377454
207.82928808377454
207.82928808377454
206.60589049162195
193.27145979007202
180.51961696977023
180.2876870644173
180.2876870644173
173.4908642884726
173.4908642884726
154.07221164342758
154.07221164342758
151.68188648503713
133.28073925083632
117.39848664831726
117.39848664831726
109.10247661188373
97.42646896760716
97.2961587590257
87.90079169459919
87.88965171320137
87.80720073420464
84.08787852944242
52.44642353752734
52.283125855404705
52.283125855404705
52.036444524041954
43.177052670010596
43.17675025621469
43.17675025621469
43.17675025621469
42.957045575372966
36.64146350907783
36.170865373311095
36.170865373311095
36.170865373311095
31.105979009697393
17.13159176065936
17.13054947972045
10.106302233899147
10.100081565442677
7.0172102212663106
7.01034767663638
7.01034767663638
6.986277752806474
6.986277752806474
6.873312072924698
6.572077923953186
6.166645102430966
5.923796835290718
5.504447257626778
5.227489157989442
3.8107365290985524
3.7875050217051607
3.7875050217051607
3.7730180241453106
3.2566266682264673
3.2566266682264673
3.2565165084333554
3.1121506178528993
2.568990805181177
2.5311057474950958
2.434085165748348
2.298355941411295
2.2944402003565494
2.1878356560126577
1.054463466788084
1.0191251059353919
1.0191251059353919
1.017441931098373
0.9690704162136361
0.9640359050400161
0.9367816562406334
0.9367816562406334
0.8559421563614227
0.8559421563614227
0.7731736147351636
0.5850645114761384
0.5628478283052768
0.411946997264419
0.4115397267051925
0.2259857941003987
0.2259186042458861
0.2259186042458861
0.22460711290293595
0.1621762006803438
0.16176978926647917
0.1565689794541627
0.15613570232493193
0.15613570232493193
0.15599314623032648
0.12847987348997422
0.12847987348997422
0.1256671072979252
0.10113411715931041
0.09606168649398594
0.0913809949510788
0.09137783156234144
0.07743478114280943
0.07743478114280943
0.07743478114280943
0.07743378979705381
0.07743378979705381
0.07742082978529843
0.05571860194687621
0.04247548394873569
0.03464481990067152
0.03436711212764286
0.024381899907010625
0.024381899907010625
0.024226788130690617
0.023595317307044485
0.0228582647000193
0.0228582647000193
0.01886781566742901
0.018824243670988138
0.01650764333111705
0.01650764333111705
0.008964885889182688
0.008964885889182688
0.008936758246810391
0.008933543610982498
0.008933543610982498
0.008933543610982498
0.008123268881000123
0.008123268881000123
0.007799758160410513
0.007799758160410513
0.007566015971247061
0.007547438349905325
0.007404506875071538
0.004423475753071514
0.004406295131646419
0.004406295131646419
0.004336788226517432
0.004313324808371652
0.003955592029587888
0.003955592029587888
0.0029300896082463048
0.0027532768203722
0.002744346069477807
0.0027021843937202117
0.002380120188663808
0.002380120188663808
0.0023159070920461995
0.0023106116411903696
0.002165053138331243
0.0011020886129830807
0.00109663745771546
0.00109663745771546
0.00109663745771546
0.00109663745771546
0.00109663745771546
0.0010958676256033772
0.0010958676256033772
0.0010042466016628236
0.0009921029067578775
0.0009014863216490149
0.0008251883994297803
0.0008245383492827277
0.0005427381909536179
0.0005345358158270747
0.0005333302900916151
0.0005332151241210214
0.0005309638993041402
0.0005309638993041402
0.0005268307068439019
0.00027281381341322594
0.00024932042850326014
0.00024932042850326014
0.0002191279795095588
0.00021883394509973202
0.00016366194552973104
0.00016366194552973104
0.00015999544981527348
0.00014053763684423526
0.00010226622610847661
0.00010226622610847661
0.00010226622610847661
0.00010226622610847661
6.206976230119301e-05
6.206976230119301e-05
6.206976230119301e-05
5.457598000248136e-05
5.456552011354836e-05
5.456552011354836e-05
5.451376461724899e-05
5.451376461724899e-05
5.450693875290787e-05
5.31823027426043e-05
5.2310173332757326e-05
5.208257991416942e-05
4.28179071173158e-05
4.28179071173158e-05
4.28179071173158e-05
3.896121670403551e-05
3.659429105786534e-05
2.4890781026325815e-05
2.4452337134207184e-05
2.445232316672449e-05
1.5354143998261454e-05
1.5338187645128366e-05
1.532503320511384e-05
1.4087053598260237e-05
1.1886925169484545e-05
1.0594266988759923e-05
1.0594266988759923e-05
9.34894570640469e-06
8.529455564556559e-06
8.183548325685673e-06
7.427696783850944e-06
5.3081294242781225e-06
5.3081294242781225e-06
5.3081294242781225e-06
5.2769185869165656e-06
5.264273449779719e-06
5.036089532887793e-06
4.031559021542267e-06
4.0205719430654e-06
3.9551930700560925e-06
3.5820034731599884e-06
3.289208001087642e-06
3.289208001087642e-06
3.289208001087642e-06
3.2295857056250126e-06
2.43281279175468e-06
2.4310330658164357e-06
2.3971370618928714e-06
2.3105417768283843e-06
1.74058881466716e-06
1.74058881466716e-06
1.6477556347399196e-06
1.6477556347399196e-06
1.6302356611872232e-06
5.840949836915776e-07
5.840949836915776e-07
5.840949836915776e-07
5.794924275930884e-07
4.97149806539822e-07
4.848660611896431e-07
4.848660611896431e-07
4.037071790103326e-07
3.4326804033815034e-07
3.4326804033815034e-07
3.4326804033815034e-07
2.7223324033375856e-07
2.7218756044101596e-07
2.721648102355268e-07
2.721629752208214e-07
2.721629752208214e-07
2.683335746319846e-07
1.64028954115741e-07
1.64028954115741e-07
1.5494159585319977e-07
1.5440643597792649e-07
1.4948348234707171e-07
1.489345841461495e-07
1.4864658948629624e-07
1.2207056225046527e-07
1.2124666435798762e-07
1.2124666435798762e-07
1.1856216527573956e-07
8.027081822718598e-08
8.027081822718598e-08
7.269999295132796e-08
7.269357454723193e-08
7.269357454723193e-08
7.175034847962412e-08
6.763282589378896e-08
6.763282589378896e-08
6.763282589378896e-08
6.763282589378896e-08
6.394048319910601e-08
3.730083565726022e-08
3.729280266002372e-08
3.729280266002372e-08
3.728163441947874e-08
3.7281487044455235e-08
2.980771150000185e-08
2.9798841416358744e-08
2.928339730881455e-08
2.832309830604613e-08
2.542392834308524e-08
2.349099271017561e-08
2.104968242063223e-08
2.104968242063223e-08
1.892988818393844e-08
1.6179710604627613e-08
1.5197253835446322e-08
1.0386260802115741e-08
1.0386260802115741e-08
9.174589654480713e-09
9.174589654480713e-09
9.06757319188245e-09
6.092991147311962e-09
4.33012677716655e-09
4.327341565167455e-09
4.327341565167455e-09
4.327341565167455e-09
4.321829536342962e-09
4.321829536342962e-09
4.321821262821514e-09
2.72920425877266e-09
2.5629589473577735e-09
2.444676090501752e-09
2.315381966017295e-09
2.0153449000660315e-09
1.7098440143714134e-09
1.7098440143714134e-09
1.7098440143714134e-09
1.7092043098108511e-09
1.708915138141026e-09
1.6624504766128065e-09
1.6624504766128065e-09
1.5205971482043611e-09
1.520596419298259e-09
1.5167206218468726e-09
1.4835942639221619e-09
8.209029750227287e-10
8.209029750227287e-10
8.148852018406288e-10
8.148852018406288e-10
8.148852018406288e-10
8.148852018406288e-10
8.148852018406288e-10
5.575099901563487e-10
2.708042017140562e-10
2.4500444460677393e-10
2.3809458510034477e-10
2.3809458510034477e-10
2.3809458510034477e-10
2.377430924024659e-10
2.377430924024659e-10
2.377430924024659e-10
2.377430924024659e-10
2.377430924024659e-10
2.377430924024659e-10
2.377430924024659e-10
2.3719442167407307e-10
2.0691823392577742e-10
2.0691823392577742e-10
1.5639278439212682e-10
1.5639278439212682e-10
1.5388709367002128e-10
1.5379149032331904e-10
1.2509883437972121e-10
1.0679084662370651e-10
9.878451382480528e-11
9.878451382480528e-11
9.876590439627288e-11
9.876590439627288e-11
9.257393562138663e-11
6.176912076764308e-11
6.17243466042767e-11
6.05728941539176e-11
4.2695790170742155e-11
4.2695790170742155e-11
4.2629556110915745e-11
4.057137449612515e-11
4.057137449612515e-11
4.057137449612515e-11
3.890925789919363e-11
2.958305607390017e-11
2.958305607390017e-11
2.0551113357984963e-11
1.8932365196211744e-11
1.8910969562581806e-11
1.710887652812976e-11
1.710887652812976e-11
1.7086215900822957e-11
1.5929981634163172e-11
1.5785655246903826e-11
1.5785655246903826e-11
1.5752211566195624e-11
1.5752211566195624e-11
1.5615902183290848e-11
1.5615902183290848e-11
1.5609075366654257e-11
1.5517202004132567e-11
1.4933239094644263e-11
1.4740455757470503e-11
1.0932965643552585e-11
8.602619193777955e-12
7.954016393702261e-12
7.443830371831673e-12
7.017639110372073e-12
6.970263043363306e-12
4.339372695386132e-12
4.231742311450204e-12
4.219407195656616e-12
4.219407195656616e-12
3.927965708347361e-12
3.9012935908697794e-12
3.672307712010695e-12
2.84002767568025e-12
2.7073787404752045e-12
2.632351174911003e-12
2.5042336508930124e-12
2.5042336508930124e-12
2.5042336508930124e-12
2.5016005210962916e-12
2.5016005210962916e-12
2.1143083868557042e-12
2.1143083868557042e-12
2.1001978996431385e-12
2.0994204416984293e-12
2.0994204416984293e-12
1.8185436675549998e-12
1.7398295142814021e-12
1.7398295142814021e-12
1.2971334304743787e-12
1.295661385980524e-12
1.295661385980524e-12
1.2158833209051326e-12
1.2158833209051326e-12
1.2041016117057354e-12
9.650205465213121e-13
8.377897382109018e-13
8.377897382109018e-13
7.168120113717109e-13
7.089371535809915e-13
6.218761998337843e-13
2.4803804696595574e-13
2.4803804696595574e-13
2.4237566396356835e-13
2.4237566396356835e-13
2.369701913463068e-13
2.33493486936878e-13
2.32304531850954e-13
2.32304531850954e-13
2.3043435779823805e-13
2.3043435779823805e-13
9.44358544795684e-14
9.44358544795684e-14
9.15260737821643e-14
8.994236184431274e-14
8.994236184431274e-14
8.978561647422988e-14
8.932620663546136e-14
7.302113301335489e-14
7.302113301335489e-14
7.055916570013019e-14
7.055916570013019e-14
6.652807163098612e-14
6.652807163098612e-14
6.652807163098612e-14
6.652807163098612e-14
3.436218262433497e-14
3.436218262433497e-14
3.4263333590355226e-14
3.4263333590355226e-14
3.36380634334786e-14
3.36380634334786e-14
3.36380634334786e-14
2.7284347842310786e-14
2.6658751844908596e-14
2.5711473654815466e-14
1.045001743033885e-14
1.0221440850869317e-14
1.0221440850869317e-14
1.0221440850869317e-14
1.0221440850869317e-14
9.984761899704614e-15
8.204247852918064e-15
8.204247852918064e-15
8.204247852918064e-15
8.204247852918064e-15
8.05237641969883e-15
8.05237641969883e-15
5.419759095187588e-15
5.419759095187588e-15
5.164207018515502e-15
4.606441767525918e-15
4.606441767525918e-15
3.834403772826286e-15
3.834403772826286e-15
3.834403772826286e-15
3.834403772826286e-15
3.834403772826286e-15
3.834403772826286e-15
3.834403772826286e-15
3.593871232863986e-15
2.3795321821259042e-15
2.32395396894907e-15
2.32395396894907e-15
2.32395396894907e-15
2.32395396894907e-15
2.320979498311303e-15
2.320979498311303e-15
2.1686849201450718e-15
2.0493801817906852e-15
2.0493801817906852e-15
2.0493801817906852e-15
1.6944718681081299e-15
1.5141491111338865e-15
1.4391382608194171e-15
1.4391382608194171e-15
1.4391382608194171e-15
1.4391382608194171e-15
1.148982932352191e-15
1.148982932352191e-15
1.148982932352191e-15
1.0528715289444067e-15
1.0528715289444067e-15
9.410356205427817e-16
9.410356205427817e-16
9.410356205427817e-16
9.410356205427817e-16
9.410356205427817e-16
9.410356205427817e-16
9.032584459450286e-16
8.09694783409852e-16
8.09694783409852e-16
8.09694783409852e-16
8.09694783409852e-16
8.09694783409852e-16
8.09694783409852e-16
8.09694783409852e-16
8.09694783409852e-16
8.09694783409852e-16
8.09694783409852e-16
8.09694783409852e-16
7.468568885686958e-16
7.468568885686958e-16
7.468568885686958e-16
7.468568885686958e-16
7.468568885686958e-16
7.468568885686958e-16
7.468568885686958e-16
7.313634332534018e-16
7.313634332534018e-16
7.313634332534018e-16
7.313634332534018e-16
7.313634332534018e-16
7.313634332534018e-16
7.313634332534018e-16
7.313634332534018e-16
7.313634332534018e-16
7.313634332534018e-16
7.313634332534018e-16
7.313634332534018e-16
5.54252040611299e-16
5.54252040611299e-16
5.54252040611299e-16
5.54252040611299e-16
5.54252040611299e-16
5.54252040611299e-16
5.54252040611299e-16
5.54252040611299e-16
5.54252040611299e-16
5.54252040611299e-16
5.54252040611299e-16
5.54252040611299e-16
5.54252040611299e-16
5.54252040611299e-16
5.54252040611299e-16
5.54252040611299e-16
5.54252040611299e-16
5.54252040611299e-16
5.54252040611299e-16
5.54252040611299e-16
5.54252040611299e-16
5.54252040611299e-16
5.54252040611299e-16
5.54252040611299e-16
5.54252040611299e-16
5.54252040611299e-16
5.54252040611299e-16
5.54252040611299e-16
5.54252040611299e-16
5.54252040611299e-16
5.54252040611299e-16
5.54252040611299e-16
5.54252040611299e-16
5.54252040611299e-16
5.54252040611299e-16
5.54252040611299e-16
5.54252040611299e-16
5.54252040611299e-16
5.54252040611299e-16
5.54252040611299e-16
5.54252040611299e-16
5.54252040611299e-16
5.54252040611299e-16
5.54252040611299e-16
5.54252040611299e-16
5.54252040611299e-16
5.54252040611299e-16
5.54252040611299e-16
5.54252040611299e-16
5.54252040611299e-16
5.54252040611299e-16
5.54252040611299e-16
5.54252040611299e-16
5.54252040611299e-16
5.54252040611299e-16
5.54252040611299e-16
5.54252040611299e-16
5.54252040611299e-16
5.54252040611299e-16
5.54252040611299e-16
5.54252040611299e-16
5.54252040611299e-16
5.54252040611299e-16
5.54252040611299e-16
5.54252040611299e-16
5.54252040611299e-16
5.54252040611299e-16
5.54252040611299e-16
5.54252040611299e-16
5.54252040611299e-16
5.54252040611299e-16
5.54252040611299e-16
5.54252040611299e-16
5.54252040611299e-16
5.54252040611299e-16
5.54252040611299e-16
5.54252040611299e-16
5.54252040611299e-16
5.54252040611299e-16
5.54252040611299e-16
5.54252040611299e-16
5.54252040611299e-16
5.54252040611299e-16
5.54252040611299e-16
5.54252040611299e-16
5.54252040611299e-16
5.54252040611299e-16
5.54252040611299e-16
5.54252040611299e-16
5.54252040611299e-16
5.54252040611299e-16
5.54252040611299e-16
5.54252040611299e-16
5.54252040611299e-16
5.54252040611299e-16
5.54252040611299e-16
5.54252040611299e-16
5.54252040611299e-16
5.54252040611299e-16
5.54252040611299e-16
5.54252040611299e-16
5.54252040611299e-16
5.54252040611299e-16
5.54252040611299e-16
5.54252040611299e-16
5.54252040611299e-16
5.54252040611299e-16
5.54252040611299e-16
5.54252040611299e-16
5.54252040611299e-16
5.54252040611299e-16
5.54252040611299e-16
5.54252040611299e-16
5.54252040611299e-16
5.54252040611299e-16
5.54252040611299e-16
5.54252040611299e-16
5.54252040611299e-16
5.54252040611299e-16
5.54252040611299e-16
5.54252040611299e-16
5.54252040611299e-16
5.54252040611299e-16
5.54252040611299e-16
5.54252040611299e-16
5.54252040611299e-16
5.54252040611299e-16
5.54252040611299e-16
5.54252040611299e-16
5.54252040611299e-16
5.54252040611299e-16
5.54252040611299e-16
5.54252040611299e-16
5.54252040611299e-16
5.54252040611299e-16
5.54252040611299e-16
5.54252040611299e-16
5.54252040611299e-16
5.54252040611299e-16
5.54252040611299e-16
5.54252040611299e-16
5.54252040611299e-16
5.54252040611299e-16
5.54252040611299e-16
5.54252040611299e-16
5.54252040611299e-16
5.54252040611299e-16
5.54252040611299e-16
5.54252040611299e-16
5.54252040611299e-16
5.54252040611299e-16
5.54252040611299e-16
5.54252040611299e-16
5.54252040611299e-16
5.54252040611299e-16
5.54252040611299e-16
5.54252040611299e-16
5.54252040611299e-16
5.54252040611299e-16
5.54252040611299e-16
5.54252040611299e-16
5.54252040611299e-16
5.54252040611299e-16
5.54252040611299e-16
5.54252040611299e-16
5.54252040611299e-16
5.54252040611299e-16
5.54252040611299e-16
5.54252040611299e-16
5.54252040611299e-16
5.54252040611299e-16
5.54252040611299e-16
5.54252040611299e-16
5.54252040611299e-16
5.54252040611299e-16
5.54252040611299e-16
5.54252040611299e-16
5.54252040611299e-16
5.54252040611299e-16
5.54252040611299e-16
5.54252040611299e-16
5.54252040611299e-16
5.54252040611299e-16
5.54252040611299e-16
5.54252040611299e-16
5.54252040611299e-16
5.54252040611299e-16
5.54252040611299e-16
5.54252040611299e-16
5.54252040611299e-16
5.54252040611299e-16
5.54252040611299e-16
5.54252040611299e-16
5.54252040611299e-16
5.54252040611299e-16
5.54252040611299e-16
5.54252040611299e-16
5.54252040611299e-16
5.54252040611299e-16
5.54252040611299e-16
5.54252040611299e-16
5.54252040611299e-16
5.54252040611299e-16
5.54252040611299e-16
5.54252040611299e-16
5.54252040611299e-16
5.54252040611299e-16
5.54252040611299e-16
5.54252040611299e-16
5.54252040611299e-16
5.54252040611299e-16
5.54252040611299e-16
5.54252040611299e-16
5.54252040611299e-16
5.54252040611299e-16
5.54252040611299e-16
5.54252040611299e-16
5.54252040611299e-16
5.54252040611299e-16
5.54252040611299e-16
5.54252040611299e-16
5.54252040611299e-16
5.54252040611299e-16
5.54252040611299e-16
5.54252040611299e-16
5.54252040611299e-16
5.54252040611299e-16
5.54252040611299e-16
5.54252040611299e-16
5.54252040611299e-16
5.54252040611299e-16
5.54252040611299e-16
5.54252040611299e-16
5.54252040611299e-16
5.54252040611299e-16
5.54252040611299e-16
5.54252040611299e-16
5.54252040611299e-16
5.54252040611299e-16
5.54252040611299e-16
5.54252040611299e-16
5.54252040611299e-16
5.54252040611299e-16
5.54252040611299e-16
5.54252040611299e-16
5.54252040611299e-16
5.54252040611299e-16
5.54252040611299e-16
5.54252040611299e-16
5.54252040611299e-16
5.54252040611299e-16
5.54252040611299e-16
5.54252040611299e-16
5.54252040611299e-16
5.54252040611299e-16
5.54252040611299e-16
5.54252040611299e-16
5.54252040611299e-16
5.54252040611299e-16
5.54252040611299e-16
5.54252040611299e-16
5.54252040611299e-16
5.54252040611299e-16
5.54252040611299e-16
5.54252040611299e-16
5.54252040611299e-16
5.54252040611299e-16
5.54252040611299e-16
5.54252040611299e-16
5.54252040611299e-16
5.54252040611299e-16
5.54252040611299e-16
5.54252040611299e-16
5.54252040611299e-16
5.54252040611299e-16
5.54252040611299e-16
5.54252040611299e-16
5.54252040611299e-16
5.54252040611299e-16
5.54252040611299e-16
5.54252040611299e-16
5.54252040611299e-16
5.54252040611299e-16
5.54252040611299e-16
5.54252040611299e-16
5.54252040611299e-16
5.54252040611299e-16
5.54252040611299e-16
5.54252040611299e-16
5.54252040611299e-16
5.54252040611299e-16
5.54252040611299e-16
5.54252040611299e-16
5.54252040611299e-16
5.54252040611299e-16
5.54252040611299e-16
5.54252040611299e-16
5.54252040611299e-16
5.54252040611299e-16
5.54252040611299e-16
5.54252040611299e-16
5.54252040611299e-16
5.54252040611299e-16
5.54252040611299e-16
5.54252040611299e-16
5.54252040611299e-16
5.54252040611299e-16
5.54252040611299e-16
5.54252040611299e-16
5.54252040611299e-16
5.54252040611299e-16
5.54252040611299e-16
5.54252040611299e-16
5.54252040611299e-16
5.54252040611299e-16
5.54252040611299e-16
5.54252040611299e-16
5.54252040611299e-16
5.54252040611299e-16
5.54252040611299e-16
5.54252040611299e-16
5.54252040611299e-16
5.54252040611299e-16
5.54252040611299e-16
5.54252040611299e-16
5.54252040611299e-16
5.54252040611299e-16
5.54252040611299e-16
5.54252040611299e-16
5.54252040611299e-16
5.54252040611299e-16
5.54252040611299e-16
5.54252040611299e-16
5.54252040611299e-16
5.54252040611299e-16
5.54252040611299e-16
5.54252040611299e-16
5.54252040611299e-16
5.54252040611299e-16
5.54252040611299e-16
5.54252040611299e-16
5.54252040611299e-16
5.54252040611299e-16
5.54252040611299e-16
5.54252040611299e-16
5.54252040611299e-16
5.54252040611299e-16
5.54252040611299e-16
5.54252040611299e-16
5.54252040611299e-16
5.54252040611299e-16
5.54252040611299e-16
5.54252040611299e-16
5.54252040611299e-16
5.54252040611299e-16
5.54252040611299e-16
5.54252040611299e-16
5.54252040611299e-16
5.54252040611299e-16
5.54252040611299e-16
5.54252040611299e-16
5.54252040611299e-16
5.54252040611299e-16
5.54252040611299e-16
5.54252040611299e-16
5.54252040611299e-16
5.54252040611299e-16
5.54252040611299e-16
5.54252040611299e-16
5.54252040611299e-16
5.54252040611299e-16
5.54252040611299e-16
5.54252040611299e-16
5.54252040611299e-16
5.54252040611299e-16
5.54252040611299e-16
5.54252040611299e-16
5.54252040611299e-16
