63649.54124669508
58427.8892871947
58418.65838219239
58418.65838219239
57263.07033992826
57263.07033992826
57263.07033992826
54455.38904177479
54455.38904177479
52695.18167516807
48079.27283583352
48079.27283583352
47538.429254679046
47538.429254679046
47381.61715965651
46799.21325577532
46223.516044038144
41283.15877992532
40244.25826059907
38944.48964459401
36494.9129356636
32062.56340062173
30992.397246277033
28639.63312274493
24125.562153960072
18958.843085157434
18861.583157795372
18715.407318608482
18705.010121688396
15770.757447833428
15703.04806565889
15703.04806565889
15703.04806565889
13049.821078538927
12429.208140958748
12172.755645270105
12172.755645270105
11738.675334554133
10042.877525862812
10042.877525862812
9169.317250082864
9169.317250082864
8948.648778359135
7419.39977274747
6683.014640170529
5290.278230807721
4613.072385496808
4613.072385496808
4304.951198252276
4154.917028867817
4154.917028867817
2528.0945654173433
2512.9351731140296
2478.5263737636947
2396.351030100813
1877.2194841011244
1781.7658444402346
1781.7658444402346
1652.9424890663918
1652.9424890663918
1639.8716544696317
1593.2777040666924
776.3870697770276
689.9169657697113
649.3751218226167
584.4531693362724
562.6953797432747
562.5574673978183
562.5574673978183
562.5574673978183
544.6699462184251
517.3686111053147
515.2521406305101
509.4223165354674
362.0938146926987
205.08166267925643
203.2874851342126
203.2874851342126
203.2874851342126
203.2874851342126
203.2874851342126
203.2874851342126
203.2874851342126
203.2672576066806
104.10998226992484
104.0878612393845
104.0878612393845
103.99578676051858
103.91329183759127
103.52204841309302
83.57950625354395
80.0355867830001
75.05740113062909
75.04866675962147
52.27514150682801
52.27514150682801
50.248405627512
49.48591158628072
48.665960824685186
47.82957554315978
47.82957554315978
43.281212796132316
41.31094631737271
37.568584646919675
23.45934159024521
21.756303444519716
11.21997451330854
11.028110517103801
11.028110517103801
11.028110517103801
11.002339610393058
11.000379605274052
10.262462001745707
10.261579815727988
6.914140672393438
6.832689131241651
5.9923973548597935
5.9923973548597935
5.9923973548597935
5.9171222761674365
5.501946353684273
5.23209718337913
3.712372388893755
3.712372388893755
3.712372388893755
3.6946507528972536
3.3804531357821497
3.238924708593002
3.1655665130235304
3.139179480745588
3.139179480745588
2.4685111628284733
2.357107344934184
2.357107344934184
2.3010675303867525
1.9406084032553075
1.8597038089371223
1.6409655005591044
1.5781304773360985
1.5781304773360985
1.5781304773360985
1.2115760717015212
1.2114481277759035
1.0495840745412555
1.0495840745412555
1.0495840745412555
1.004771818783419
0.8938685204116494
0.6513475874931481
0.6296262822921248
0.6296262822921248
0.6292846638563389
0.6289508131670443
0.2889650380692688
0.2791105201229999
0.2791105201229999
0.2724472527016377
0.22687012856973418
0.22687012856973418
0.22163911889597934
0.22163911889597934
0.129401788035372
0.129401788035372
0.129401788035372
0.129401788035372
0.0878824795531174
0.0828372329067122
0.0828044546032811
0.06704529087050662
0.05832969820674566
0.0562222810542072
0.029317905003665063
0.029076091881590688
0.028543872979366388
0.028543872979366388
0.02298871963937917
0.02298871963937917
0.02210672166524853
0.02210672166524853
0.02162274618068013
0.02162274618068013
0.018202505095792774
0.018202505095792774
0.01817586653189424
0.015894249969127982
0.015233804917890177
0.015233804917890177
0.015227438538144629
0.015227438538144629
0.014735068694357104
0.01470758457327689
0.014703370423485896
0.014210013822531776
0.014210013822531776
0.014210013822531776
0.014210013822531776
0.014176509825853143
0.014176509825853143
0.009662716011936072
0.006279652012461302
0.005502884425418968
0.005309795458480719
0.005309795458480719
0.00501344825402048
0.002178284348870026
0.002178284348870026
0.0019604418055779744
0.0019471608014453468
0.0018915068868658195
0.0018915068868658195
0.0018826801563657097
0.0018819243125264434
0.0018819243125264434
0.0018819243125264434
0.0018819243125264434
0.0018819243125264434
0.0016176621753191277
0.0016176621753191277
0.0016176621753191277
0.0015777595958897104
0.0015777595958897104
0.0014169191737821083
0.001402139302841645
0.0012473520147575036
0.001184535850492626
0.0011069716865101875
0.0008293924005474139
0.0008293924005474139
0.0008293924005474139
0.0006941063534514119
0.00043396681811914387
0.0004021767854043792
0.0004021767854043792
0.0003720029067124062
0.0003720029067124062
0.00025831209047129963
0.0002565938129502917
0.0002565938129502917
0.00025656060513621384
0.00025656060513621384
0.00023244580223687124
0.00021818804409312639
0.00021818804409312639
0.00021818746718708966
0.00021818746718708966
0.0002172942947991269
0.0002172942947991269
0.00021641433830853164
0.00013153004970575127
0.00013144296619273712
0.00012929034525999795
0.00012574088999865786
0.00010586181934266431
9.179815053736714e-05
9.156186683610573e-05
9.115040941587095e-05
8.717297587940601e-05
7.477823274606496e-05
7.477823274606496e-05
6.924543400683074e-05
6.924543400683074e-05
2.754417500471994e-05
2.1650738191929212e-05
2.1650738191929212e-05
2.1579362970625993e-05
2.15558831788172e-05
1.9505052866176203e-05
1.9489353624489956e-05
1.9404653767400993e-05
1.9404653767400993e-05
1.5218859566632802e-05
1.520517587079706e-05
1.520517587079706e-05
1.2111446584894083e-05
1.2029923873176818e-05
1.2026166484972782e-05
1.2026166484972782e-05
1.1524575400129992e-05
1.1522356671998257e-05
1.1522356671998257e-05
1.1522356671998257e-05
5.333061532267694e-06
5.276100518303694e-06
5.204606618193421e-06
5.204606618193421e-06
5.084682196130279e-06
5.084682196130279e-06
5.084682196130279e-06
5.084682196130279e-06
5.084606612929517e-06
5.084606612929517e-06
4.2576759798517654e-06
2.8944602628745374e-06
2.8437675718498442e-06
2.8437675718498442e-06
2.3571172974961604e-06
2.3571172974961604e-06
2.3571172974961604e-06
1.4226724166856808e-06
1.4118885885181996e-06
1.4118885885181996e-06
1.2245684059637155e-06
1.2245684059637155e-06
1.224526146195133e-06
1.093474772859424e-06
1.093474772859424e-06
1.0716181476105362e-06
1.0716181476105362e-06
1.0711722892543002e-06
1.0455523417982646e-06
9.080466167275552e-07
8.995721333511567e-07
8.995721333511567e-07
8.995721333511567e-07
7.353733382230238e-07
7.309823436369136e-07
6.815490688952643e-07
5.014375803625939e-07
5.014375803625939e-07
5.00387446526677e-07
5.003869879216996e-07
4.275174235967839e-07
4.275174235967839e-07
4.1030938689902253e-07
3.5912652398422735e-07
3.5732500112686903e-07
3.5732500112686903e-07
3.2099355143093996e-07
2.0272885254708546e-07
1.8568371091749274e-07
1.8512420461189124e-07
1.5543514677856994e-07
1.510904923498205e-07
1.510904923498205e-07
1.294624739678818e-07
1.294624739678818e-07
1.1171839441671371e-07
1.1171783821734201e-07
1.1171783821734201e-07
7.3199179433399e-08
6.614767429176554e-08
6.607276883722967e-08
6.607276883722967e-08
6.607276883722967e-08
6.607276883722967e-08
6.22183785618659e-08
6.220376850127112e-08
4.107565488061454e-08
3.196888937196593e-08
3.097102195654142e-08
3.0751743147458785e-08
2.9781777950890774e-08
2.9780173650365706e-08
2.0110107702905163e-08
2.003739407214489e-08
1.967272303080585e-08
1.855040476781367e-08
1.8444921668303452e-08
1.8444921668303452e-08
1.6817070734944244e-08
1.18501949227272e-08
1.18501949227272e-08
1.1509950522120738e-08
1.1508749938492006e-08
8.862451969007439e-09
8.862451969007439e-09
8.08143646796587e-09
8.08143646796587e-09
4.433344633020749e-09
4.433344633020749e-09
4.291691082058601e-09
3.406654149535273e-09
3.346636544135508e-09
3.315394724053969e-09
3.028564025441914e-09
2.61264861041622e-09
2.548815974326255e-09
2.5027881953527567e-09
2.4971925809569405e-09
2.349267708030967e-09
2.2257884779968393e-09
2.2257884779968393e-09
2.074370741144675e-09
1.930326316330909e-09
1.598618498804102e-09
7.992451942244458e-10
7.42608284269553e-10
7.260720045730761e-10
7.229876994942805e-10
7.137537451006704e-10
7.137537451006704e-10
4.77674664995017e-10
4.77674664995017e-10
4.77674664995017e-10
4.77668184549722e-10
4.77668184549722e-10
3.9841755435516336e-10
3.310121974944706e-10
3.198819555872661e-10
2.9386866256651957e-10
2.924159319041264e-10
2.917803244357206e-10
2.201684696217994e-10
2.201684696217994e-10
2.2015974689676562e-10
2.2015974689676562e-10
2.1140716407850051e-10
1.8393305812154985e-10
1.2466104311910336e-10
1.0729086596072962e-10
1.0729086596072962e-10
1.0406921333631151e-10
1.0096355488192325e-10
7.999718877674534e-11
6.769202836730809e-11
6.24000689611301e-11
5.7701604108446e-11
4.5077853189062394e-11
4.431780694354821e-11
4.431780694354821e-11
4.431780694354821e-11
4.055875425229811e-11
4.038555679595648e-11
4.0184018821535573e-11
3.4363772390143876e-11
2.3693668825304637e-11
2.3693668825304637e-11
2.3433909959125945e-11
2.3433909959125945e-11
1.608583028805374e-11
1.6038674165873963e-11
1.2787627373705528e-11
1.2787627373705528e-11
1.2787627373705528e-11
1.2441729831436039e-11
1.2441729831436039e-11
5.515273971034208e-12
5.502287863853471e-12
5.41915928682968e-12
5.417687563632142e-12
5.417687563632142e-12
5.349119913927832e-12
5.343236083648232e-12
5.111812966084238e-12
4.7717109500295126e-12
4.7717109500295126e-12
4.7717109500295126e-12
4.739350246306581e-12
4.739350246306581e-12
4.738218419111979e-12
4.701330861804715e-12
4.701330861804715e-12
3.1719003088147795e-12
2.47626699476319e-12
2.47626699476319e-12
2.47626699476319e-12
2.4582275070825174e-12
2.2596273948410497e-12
2.2334174614898066e-12
1.812820346955339e-12
1.7821830997129307e-12
1.7799034895156414e-12
1.7799034895156414e-12
1.6923899437458386e-12
1.659244701596864e-12
1.0462750746557487e-12
1.0462750746557487e-12
1.04198508265346e-12
1.04198508265346e-12
1.04198508265346e-12
1.04198508265346e-12
9.243443595673553e-13
8.865201079714023e-13
8.850972487087432e-13
8.16035552678324e-13
7.753739312966618e-13
5.999647296498584e-13
4.743439501635541e-13
4.743439501635541e-13
4.743439501635541e-13
3.2614616870811993e-13
3.2614616870811993e-13
3.125179096343209e-13
2.832344235688696e-13
2.832344235688696e-13
2.758479227549276e-13
2.758479227549276e-13
2.6938484031591776e-13
2.6908947479903617e-13
2.0254262051076514e-13
1.977643265065582e-13
1.9706414200584494e-13
1.9706414200584494e-13
1.8364871415408104e-13
1.8036215805215388e-13
1.674172396572724e-13
1.570126765477812e-13
1.570126765477812e-13
1.4374875332272455e-13
1.4189813201637333e-13
5.103212450861276e-14
5.103212450861276e-14
5.103212450861276e-14
5.103212450861276e-14
5.103212450861276e-14
4.9820759072750026e-14
4.9820759072750026e-14
4.57435625850453e-14
4.57435625850453e-14
4.57435625850453e-14
4.57435625850453e-14
4.1225384070083245e-14
3.77751654871446e-14
3.5130750167441314e-14
3.4393781984007094e-14
3.4305613309789195e-14
2.8475147779718126e-14
2.82351187446856e-14
2.591091259671666e-14
2.5638122079681845e-14
2.432094397758418e-14
2.366315606814852e-14
2.3316679491149208e-14
1.9928770779264485e-14
1.0595699715909772e-14
7.582113517140777e-15
7.582113517140777e-15
7.582113517140777e-15
6.952543679570289e-15
5.829427634807931e-15
5.6555336414675266e-15
5.330024023673897e-15
5.330024023673897e-15
5.330024023673897e-15
5.330024023673897e-15
5.330024023673897e-15
5.16673525407319e-15
5.16673525407319e-15
4.715933814140682e-15
4.715933814140682e-15
4.715933814140682e-15
4.715933814140682e-15
4.715933814140682e-15
4.502682725710129e-15
4.502682725710129e-15
3.69762073660238e-15
2.425397441094505e-15
2.425397441094505e-15
2.425397441094505e-15
2.425397441094505e-15
2.3629111984498502e-15
2.3629111984498502e-15
2.16460614031312e-15
2.1043055999260507e-15
2.1043055999260507e-15
2.1043055999260507e-15
2.083411788582271e-15
2.083411788582271e-15
2.0621704258218874e-15
2.0621704258218874e-15
2.0621704258218874e-15
1.221165772659312e-15
1.221165772659312e-15
1.221165772659312e-15
1.221165772659312e-15
1.221165772659312e-15
1.221165772659312e-15
1.221165772659312e-15
1.221165772659312e-15
1.221165772659312e-15
1.221165772659312e-15
1.1216167757808035e-15
1.1216167757808035e-15
1.1216167757808035e-15
1.1216167757808035e-15
1.1216167757808035e-15
1.1216167757808035e-15
1.1216167757808035e-15
8.2342195324634e-16
8.2342195324634e-16
8.2342195324634e-16
8.2342195324634e-16
8.2342195324634e-16
8.2342195324634e-16
7.763069945966545e-16
7.763069945966545e-16
7.763069945966545e-16
7.763069945966545e-16
7.763069945966545e-16
7.763069945966545e-16
7.763069945966545e-16
7.763069945966545e-16
7.763069945966545e-16
7.763069945966545e-16
7.763069945966545e-16
7.374752607968377e-16
7.374752607968377e-16
7.374752607968377e-16
7.374752607968377e-16
7.374752607968377e-16
7.374752607968377e-16
7.374752607968377e-16
7.374752607968377e-16
7.095445459256559e-16
7.095445459256559e-16
7.095445459256559e-16
7.095445459256559e-16
7.095445459256559e-16
7.095445459256559e-16
7.095445459256559e-16
7.095445459256559e-16
7.095445459256559e-16
7.095445459256559e-16
7.095445459256559e-16
7.095445459256559e-16
7.095445459256559e-16
7.095445459256559e-16
7.095445459256559e-16
7.095445459256559e-16
7.095445459256559e-16
7.095445459256559e-16
5.990627112265055e-16
5.990627112265055e-16
5.990627112265055e-16
5.990627112265055e-16
5.990627112265055e-16
5.990627112265055e-16
5.990627112265055e-16
5.990627112265055e-16
5.990627112265055e-16
5.990627112265055e-16
5.990627112265055e-16
5.990627112265055e-16
5.990627112265055e-16
5.990627112265055e-16
4.492101247127698e-16
4.492101247127698e-16
4.492101247127698e-16
4.492101247127698e-16
4.492101247127698e-16
4.492101247127698e-16
4.492101247127698e-16
4.492101247127698e-16
4.492101247127698e-16
4.492101247127698e-16
4.492101247127698e-16
4.492101247127698e-16
4.492101247127698e-16
4.492101247127698e-16
4.492101247127698e-16
4.492101247127698e-16
4.492101247127698e-16
4.492101247127698e-16
4.492101247127698e-16
4.492101247127698e-16
4.492101247127698e-16
4.492101247127698e-16
4.492101247127698e-16
4.492101247127698e-16
4.492101247127698e-16
4.492101247127698e-16
4.492101247127698e-16
4.492101247127698e-16
4.492101247127698e-16
4.492101247127698e-16
4.492101247127698e-16
4.492101247127698e-16
4.492101247127698e-16
4.492101247127698e-16
4.492101247127698e-16
4.492101247127698e-16
4.492101247127698e-16
4.492101247127698e-16
4.492101247127698e-16
4.492101247127698e-16
4.492101247127698e-16
4.492101247127698e-16
4.492101247127698e-16
4.492101247127698e-16
4.492101247127698e-16
4.492101247127698e-16
4.492101247127698e-16
4.492101247127698e-16
4.492101247127698e-16
4.492101247127698e-16
4.492101247127698e-16
4.492101247127698e-16
4.492101247127698e-16
4.492101247127698e-16
4.492101247127698e-16
4.492101247127698e-16
4.492101247127698e-16
4.492101247127698e-16
4.492101247127698e-16
4.492101247127698e-16
4.492101247127698e-16
4.492101247127698e-16
4.492101247127698e-16
4.492101247127698e-16
4.492101247127698e-16
4.492101247127698e-16
4.492101247127698e-16
4.492101247127698e-16
4.492101247127698e-16
4.492101247127698e-16
4.492101247127698e-16
4.492101247127698e-16
4.492101247127698e-16
4.492101247127698e-16
4.492101247127698e-16
4.492101247127698e-16
4.492101247127698e-16
4.492101247127698e-16
4.492101247127698e-16
4.492101247127698e-16
4.492101247127698e-16
4.492101247127698e-16
4.492101247127698e-16
4.492101247127698e-16
4.492101247127698e-16
4.492101247127698e-16
4.492101247127698e-16
4.492101247127698e-16
4.492101247127698e-16
4.492101247127698e-16
4.492101247127698e-16
4.492101247127698e-16
4.492101247127698e-16
4.492101247127698e-16
4.492101247127698e-16
4.492101247127698e-16
4.492101247127698e-16
4.492101247127698e-16
4.492101247127698e-16
4.492101247127698e-16
4.492101247127698e-16
4.492101247127698e-16
4.492101247127698e-16
4.492101247127698e-16
4.492101247127698e-16
4.492101247127698e-16
4.492101247127698e-16
4.492101247127698e-16
4.492101247127698e-16
4.492101247127698e-16
4.492101247127698e-16
4.492101247127698e-16
4.492101247127698e-16
4.492101247127698e-16
4.492101247127698e-16
4.492101247127698e-16
4.492101247127698e-16
4.492101247127698e-16
4.492101247127698e-16
4.492101247127698e-16
4.492101247127698e-16
4.492101247127698e-16
4.492101247127698e-16
4.492101247127698e-16
4.492101247127698e-16
4.492101247127698e-16
4.492101247127698e-16
4.492101247127698e-16
4.492101247127698e-16
4.492101247127698e-16
4.492101247127698e-16
4.492101247127698e-16
4.492101247127698e-16
4.492101247127698e-16
4.492101247127698e-16
4.492101247127698e-16
4.492101247127698e-16
4.492101247127698e-16
4.492101247127698e-16
4.492101247127698e-16
4.492101247127698e-16
4.492101247127698e-16
4.492101247127698e-16
4.492101247127698e-16
4.492101247127698e-16
4.492101247127698e-16
4.492101247127698e-16
4.492101247127698e-16
4.492101247127698e-16
4.492101247127698e-16
4.492101247127698e-16
4.492101247127698e-16
4.492101247127698e-16
4.492101247127698e-16
4.492101247127698e-16
4.492101247127698e-16
4.492101247127698e-16
4.492101247127698e-16
4.492101247127698e-16
4.492101247127698e-16
4.492101247127698e-16
4.492101247127698e-16
4.492101247127698e-16
4.492101247127698e-16
4.492101247127698e-16
4.492101247127698e-16
4.492101247127698e-16
4.492101247127698e-16
4.492101247127698e-16
4.492101247127698e-16
4.492101247127698e-16
4.492101247127698e-16
4.492101247127698e-16
4.492101247127698e-16
4.492101247127698e-16
4.492101247127698e-16
4.492101247127698e-16
4.492101247127698e-16
4.492101247127698e-16
4.492101247127698e-16
4.492101247127698e-16
4.492101247127698e-16
4.492101247127698e-16
4.492101247127698e-16
4.492101247127698e-16
4.492101247127698e-16
4.492101247127698e-16
4.492101247127698e-16
4.492101247127698e-16
4.492101247127698e-16
4.492101247127698e-16
4.492101247127698e-16
4.492101247127698e-16
4.492101247127698e-16
4.492101247127698e-16
4.492101247127698e-16
4.492101247127698e-16
4.492101247127698e-16
4.492101247127698e-16
4.492101247127698e-16
4.492101247127698e-16
4.492101247127698e-16
4.492101247127698e-16
4.492101247127698e-16
4.492101247127698e-16
4.492101247127698e-16
4.492101247127698e-16
4.492101247127698e-16
4.492101247127698e-16
4.492101247127698e-16
4.492101247127698e-16
4.492101247127698e-16
4.492101247127698e-16
4.492101247127698e-16
4.492101247127698e-16
4.492101247127698e-16
4.492101247127698e-16
4.492101247127698e-16
4.492101247127698e-16
4.492101247127698e-16
4.492101247127698e-16
4.492101247127698e-16
4.492101247127698e-16
4.492101247127698e-16
4.492101247127698e-16
4.492101247127698e-16
4.492101247127698e-16
4.492101247127698e-16
4.492101247127698e-16
4.492101247127698e-16
4.492101247127698e-16
4.492101247127698e-16
4.492101247127698e-16
4.492101247127698e-16
4.492101247127698e-16
4.492101247127698e-16
4.492101247127698e-16
4.492101247127698e-16
4.492101247127698e-16
4.492101247127698e-16
4.492101247127698e-16
4.492101247127698e-16
4.492101247127698e-16
4.492101247127698e-16
4.492101247127698e-16
4.492101247127698e-16
4.492101247127698e-16
4.492101247127698e-16
4.492101247127698e-16
4.492101247127698e-16
4.492101247127698e-16
4.492101247127698e-16
4.492101247127698e-16
4.492101247127698e-16
4.492101247127698e-16
4.492101247127698e-16
4.492101247127698e-16
4.492101247127698e-16
4.492101247127698e-16
4.492101247127698e-16
4.492101247127698e-16
4.492101247127698e-16
4.492101247127698e-16
4.492101247127698e-16
4.492101247127698e-16
4.492101247127698e-16
4.492101247127698e-16
4.492101247127698e-16
4.492101247127698e-16
4.492101247127698e-16
4.492101247127698e-16
4.492101247127698e-16
4.492101247127698e-16
4.492101247127698e-16
4.492101247127698e-16
4.492101247127698e-16
4.492101247127698e-16
4.492101247127698e-16
4.492101247127698e-16
4.492101247127698e-16
4.492101247127698e-16
4.492101247127698e-16
4.492101247127698e-16
4.492101247127698e-16
4.492101247127698e-16
4.492101247127698e-16
4.492101247127698e-16
4.492101247127698e-16
4.492101247127698e-16
4.492101247127698e-16
4.492101247127698e-16
4.492101247127698e-16
4.492101247127698e-16
4.492101247127698e-16
4.492101247127698e-16
4.492101247127698e-16
4.492101247127698e-16
4.492101247127698e-16
4.492101247127698e-16
4.492101247127698e-16
4.492101247127698e-16
4.492101247127698e-16
4.492101247127698e-16
4.492101247127698e-16
4.492101247127698e-16
4.492101247127698e-16
4.492101247127698e-16
4.492101247127698e-16
4.492101247127698e-16
4.492101247127698e-16
4.492101247127698e-16
4.492101247127698e-16
4.492101247127698e-16
4.492101247127698e-16
4.492101247127698e-16
4.492101247127698e-16
4.492101247127698e-16
4.492101247127698e-16
4.492101247127698e-16
4.492101247127698e-16
4.492101247127698e-16
4.492101247127698e-16
4.492101247127698e-16
4.492101247127698e-16
4.492101247127698e-16
4.492101247127698e-16
4.492101247127698e-16
4.492101247127698e-16
4.492101247127698e-16
4.492101247127698e-16
4.492101247127698e-16
4.492101247127698e-16
4.492101247127698e-16
4.492101247127698e-16
4.492101247127698e-16
4.492101247127698e-16
4.492101247127698e-16
4.492101247127698e-16
4.492101247127698e-16
4.492101247127698e-16
4.492101247127698e-16
4.492101247127698e-16
4.492101247127698e-16
4.492101247127698e-16
4.492101247127698e-16
4.492101247127698e-16
4.492101247127698e-16
4.492101247127698e-16
4.492101247127698e-16
4.492101247127698e-16
4.492101247127698e-16
4.492101247127698e-16
4.492101247127698e-16
4.492101247127698e-16
4.492101247127698e-16
4.492101247127698e-16
4.492101247127698e-16
4.492101247127698e-16
4.492101247127698e-16
4.492101247127698e-16
4.492101247127698e-16
4.492101247127698e-16
4.492101247127698e-16
4.492101247127698e-16
4.492101247127698e-16
