1821640.7151852278
1816527.5747114355
1803648.5454712266
1803648.5454712266
1792774.9893496747
1670675.3312617452
1649430.917363392
1649430.917363392
1649430.917363392
1649430.917363392
1643768.8861770332
1073762.608447844
1073762.608447844
1068521.8633666837
1068521.8633666837
1068342.6250441056
1068342.6250441056
1059139.1674806862
1051470.5438191867
739567.7605409939
700716.9383554589
406424.0595859867
406424.0595859867
406424.0595859867
392779.3514583123
381218.4384838349
381218.4384838349
344717.0607363579
280120.21789870906
280120.21789870906
279853.26399900485
277895.06402981695
276118.95963118086
188204.70721118833
188204.70721118833
168883.6999768431
167915.79773386975
130413.31742018081
130413.31742018081
130413.31742018081
117157.6567997542
117120.45963700468
115357.13372393181
115357.13372393181
65950.03430988536
60914.99254068489
34356.183730189514
29486.190347570708
28543.8025343414
28362.108374063573
27237.32770500779
26828.031009810245
26828.031009810245
26566.93566359395
24275.025148443503
19286.622292055075
17296.242249591753
17296.242249591753
17240.625480115494
17240.625480115494
15648.289780482119
14996.24145072465
13634.515510974406
12934.354605167051
12934.354605167051
12431.337024099972
12431.337024099972
11081.60507537224
9001.860343659226
7101.520302748803
7011.68165351371
5684.3007944986275
5684.3007944986275
5610.410621616844
5431.295835927097
3170.9621984354635
3134.878628806739
2526.13873450242
2526.13873450242
2248.165164881857
2248.165164881857
2248.165164881857
2170.513679310144
2161.1691650490434
1909.4727042049071
1909.4727042049071
1909.4727042049071
1879.787306527498
1878.9235776400146
1878.9235776400146
1863.2676384702509
1767.8774606078957
1767.8774606078957
1760.7921453007505
1760.7921453007505
1760.7921453007505
1503.8935736350732
1160.3593036886648
1160.3593036886648
1104.5310595165931
1086.1944058044774
1086.1944058044774
1086.1944058044774
1082.5684657739282
1082.5684657739282
1082.5684657739282
1082.5684657739282
1025.661647683311
958.823488240977
956.0541651375838
892.4416639668506
809.2574695476546
809.2574695476546
797.9639049059724
797.493387432425
688.9127836582716
688.9127836582716
673.8783711003005
673.8783711003005
620.2454612080369
620.2454612080369
620.2454612080369
585.1483224783284
554.3397279527421
550.1912765884908
550.0734455654184
518.2647708975904
489.8367896505842
489.8367896505842
481.1033687292932
379.7226713294582
362.4678656789329
358.43099483247244
352.7038709491351
352.7038709491351
320.8083013818569
320.8083013818569
314.0874927372879
255.86027853767692
255.86027853767692
249.294250253665
247.48247959094454
247.48247959094454
247.48247959094454
247.48247959094454
247.48247959094454
246.64677954501346
246.64677954501346
246.64677954501346
246.64677954501346
246.64677954501346
218.81210910503484
218.06199328128213
199.0629019008773
199.0629019008773
199.0629019008773
195.6124038934708
177.79463345894078
173.92948441979735
173.92948441979735
173.92948441979735
173.92948441979735
173.92948441979735
166.50083519177485
166.50083519177485
166.50083519177485
166.50083519177485
166.50083519177485
165.17939037737656
165.17939037737656
162.40812980081412
151.2237479657913
145.934930837205
143.0939064447346
143.0939064447346
143.0939064447346
143.0939064447346
143.01823088463965
143.01823088463965
139.51030038649182
139.51030038649182
138.03711957888055
136.83505983332657
135.63901543202917
127.3232775590709
125.43216256414229
125.43216256414229
117.58625340774634
117.58625340774634
116.06061350027903
116.06061350027903
116.06061350027903
116.06061350027903
116.03931943772832
116.03931943772832
116.03931943772832
92.291372336796
92.291372336796
91.96287402772543
91.96287402772543
80.98303275041081
80.98303275041081
80.98303275041081
80.98303275041081
80.94101870619797
80.1821570909288
80.1821570909288
80.05410398781166
79.97617105747
79.97617105747
79.97617105747
79.97617105747
79.97617105747
79.21410828500527
79.21410828500527
79.16604563717048
79.16604563717048
79.16604563717048
79.16604563717048
78.84036094298513
78.84036094298513
72.4212569319091
72.4212569319091
72.01936021549793
69.98459543658413
69.93316920295945
67.60766983441458
66.6231745722877
66.6231745722877
66.6231745722877
66.6231745722877
64.43690149901666
64.43690149901666
60.790251317654295
60.51581097736893
60.51581097736893
60.51581097736893
60.22754957009532
48.24140491941776
48.09549577849151
47.125593566786705
46.848942181051925
46.52237269414276
46.52237269414276
41.96625466187579
31.521880976799373
29.589251656126976
29.589251656126976
29.411308309487715
29.411308309487715
29.041525590776708
29.041525590776708
29.041525590776708
29.03489898962812
29.03489898962812
29.03489898962812
28.86085296582733
28.86085296582733
28.86085296582733
28.86085296582733
28.86085296582733
28.86085296582733
28.86085296582733
28.86085296582733
28.86085296582733
28.86085296582733
28.812532904420205
28.812532904420205
28.812532904420205
28.812532904420205
28.812532904420205
28.812532904420205
28.812532904420205
28.812532904420205
28.323306354341643
28.323306354341643
27.796227338395102
27.796227338395102
26.891219988351253
26.891219988351253
25.3487695601544
25.3487695601544
25.3487695601544
25.3487695601544
25.3487695601544
24.654842928905683
24.319746463877177
24.319746463877177
23.75766462506432
23.75766462506432
22.94924308752832
22.94924308752832
22.94924308752832
22.94924308752832
20.300160434123974
20.184713353587806
20.184713353587806
19.75009058188615
19.75009058188615
19.75009058188615
18.569696631879793
18.569696631879793
18.569696631879793
18.569696631879793
18.569696631879793
18.569696631879793
18.569696631879793
18.569696631879793
18.103920133686447
17.824433360157595
17.824433360157595
17.824433360157595
17.824433360157595
17.729327993500284
17.335735923440886
17.335735923440886
17.335735923440886
16.615515458032817
16.615515458032817
16.48095270252972
16.48095270252972
16.48095270252972
16.48095270252972
15.808282435006923
15.808282435006923
15.808282435006923
15.808282435006923
15.50886966689129
15.50886966689129
15.50886966689129
15.50886966689129
14.878469743660943
14.878469743660943
14.878469743660943
14.660505383080096
14.660240218709905
14.660240218709905
14.660240218709905
14.318110760022535
14.318110760022535
14.318110760022535
14.23111657692808
14.215348118855777
14.19067994808368
14.168567031624178
14.164717703243252
14.164717703243252
14.164717703243252
14.131348762167885
13.848243972765104
13.002668248513851
13.002668248513851
11.882302539871205
11.596705251493491
11.189596298779955
11.062068088465141
11.062068088465141
10.963370201751728
10.412712532766193
10.412712532766193
10.228480274533883
9.900724873576179
9.900724873576179
8.846329097476206
8.770258532804206
8.770258532804206
8.770258532804206
8.744384102295404
8.744384102295404
8.744384102295404
8.590335102645499
8.590335102645499
8.343442263137243
8.341209589614724
8.134443820990388
8.134443820990388
8.134443820990388
8.134443820990388
8.134443820990388
8.098487625597407
8.098487625597407
8.03967646159336
8.03967646159336
7.947304586302911
7.629112870038733
7.629112870038733
7.589577859921954
7.589577859921954
7.223521996710106
7.146198840729337
7.146198840729337
7.146198840729337
7.146198840729337
7.146198840729337
7.146198840729337
7.146198840729337
7.146198840729337
7.1312185716407805
7.1312185716407805
7.1312185716407805
6.843506441894569
6.843506441894569
6.843506441894569
6.741576885582487
6.741576885582487
5.614814196153414
5.614814196153414
5.614814196153414
5.4785919560593594
5.396540634210897
5.396540634210897
5.396540634210897
5.396540634210897
5.396540634210897
5.229147638145967
5.22457653703983
5.102928046590056
5.102928046590056
5.09138023440033
4.633036926240692
4.624858048867083
4.624858048867083
4.624858048867083
4.382422742178256
4.382422742178256
4.382422742178256
4.382422742178256
4.382422742178256
4.063646269706242
4.063646269706242
4.063646269706242
4.063646269706242
4.063646269706242
3.939328261319823
3.939328261319823
3.939328261319823
3.939328261319823
3.939328261319823
3.696817866588727
3.696817866588727
3.5969982824424642
3.5969982824424642
3.5969982824424642
3.5969982824424642
3.5969982824424642
3.5969982824424642
3.5969982824424642
3.34321277948177
3.34321277948177
3.34321277948177
3.34321277948177
3.342379600688138
3.3387839699224315
3.3387839699224315
3.3387839699224315
3.3387839699224315
3.3387839699224315
3.3387839699224315
3.3387839699224315
3.3387839699224315
3.3387839699224315
3.338410012104756
3.305521271749914
3.290211145984213
3.290211145984213
3.290211145984213
3.290211145984213
3.2881438418499456
3.2881438418499456
3.2881438418499456
3.2881438418499456
3.2881438418499456
3.2881438418499456
3.128886768597845
3.128872891995062
3.123735228295014
3.123735228295014
3.123735228295014
3.0893785893776915
3.0893785893776915
3.0893785893776915
3.086438395335879
3.0105852223219207
3.0105852223219207
2.9510447807704763
2.9510447807704763
2.9510447807704763
2.7874155977669686
2.7874155977669686
2.7777908769707595
2.7777908769707595
2.7777908769707595
2.4114623398630615
2.4114623398630615
2.4114623398630615
2.4100391267970434
2.4100391267970434
2.4077808965269543
2.4077808965269543
2.4045025046999253
2.399986063759231
2.399986063759231
2.356745799336431
2.285629340674321
2.285629340674321
2.275200761871384
2.275200761871384
2.275200761871384
2.275200761871384
2.275200761871384
2.275200761871384
2.275200761871384
2.253288791523136
2.253288791523136
2.214026986026574
2.214026986026574
2.214026986026574
2.214026986026574
2.214026986026574
2.214026986026574
2.0826039101626574
2.0826039101626574
2.0826039101626574
2.0826039101626574
2.0826039101626574
2.0826039101626574
2.080083893566904
2.007365530254516
2.007365530254516
2.007365530254516
2.007365530254516
1.9144922714841524
1.9144922714841524
1.9144922714841524
1.9144922714841524
1.9144922714841524
1.7778358726953765
1.7778358726953765
1.7778358726953765
1.7778358726953765
1.7723525276727625
1.7637960906025056
1.7637960906025056
1.7637960906025056
1.7637960906025056
1.7637960906025056
1.7637960906025056
1.7622087228761776
1.679174456344407
1.679174456344407
1.679174456344407
1.679174456344407
1.679174456344407
1.679174456344407
1.679174456344407
1.6006327885573286
1.6006327885573286
1.6006327885573286
1.6006327885573286
1.6006327885573286
1.6006327885573286
1.295593859983586
1.295593859983586
1.2868281171097178
1.2868281171097178
1.2736775249210281
1.2736775249210281
1.2009520171156314
1.1880742202872379
1.1880742202872379
1.1879794782907573
1.1879794782907573
1.1879794782907573
1.1879794782907573
1.1879794782907573
1.1879794782907573
1.152497977332685
1.152497977332685
1.152497977332685
1.152497977332685
1.152497977332685
1.152497977332685
1.152497977332685
1.152497977332685
1.152497977332685
1.152497977332685
1.152497977332685
1.0423435927829194
1.0423435927829194
0.9104444009624665
0.9104444009624665
0.9104444009624665
0.9104444009624665
0.9104444009624665
0.9104444009624665
0.9104444009624665
0.9079521481063039
0.8984047973072797
0.849060627968863
0.849060627968863
0.8441716918918476
0.8441716918918476
0.8441716918918476
0.8441716918918476
0.8441716918918476
0.8441716918918476
0.8441716918918476
0.8441716918918476
0.8094489881738466
0.8094489881738466
0.8094489881738466
0.8094489881738466
0.8035758642826456
0.8035758642826456
0.8035758642826456
0.8035758642826456
0.8035758642826456
0.8035758642826456
0.8035758642826456
0.8035758642826456
0.803536897029628
0.7644179318261447
0.7644179318261447
0.7644179318261447
0.7244290321589226
0.7244290321589226
0.6992615346465083
0.6976327122085784
0.6976327122085784
0.6976327122085784
0.6954710184246119
0.6918708435108587
0.6918708435108587
0.6918708435108587
0.6913223068473883
0.6888780669826811
0.6888780669826811
0.6888780669826811
0.6167120855633896
0.6167120855633896
0.6167120855633896
0.6167120855633896
0.6167120855633896
0.6167120855633896
0.588087427962114
0.588087427962114
0.588087427962114
0.588087427962114
0.588087427962114
0.5487380287905936
0.5487380287905936
0.5487380287905936
0.5487380287905936
0.5487380287905936
0.5487380287905936
0.5464801315060444
0.5464801315060444
0.5460586708324334
0.5458089444757445
0.5458089444757445
0.5458089444757445
0.5416413917768949
0.5416413917768949
0.5416413917768949
0.5398864289865868
0.5178377430822613
0.5161748029513289
0.5161748029513289
0.5161748029513289
0.5161748029513289
0.5161748029513289
0.4948108278682417
0.4948108278682417
0.4948108278682417
0.4948108278682417
0.49344501112844014
0.49344501112844014
0.49344501112844014
0.4416880941450426
0.4416880941450426
0.4416880941450426
0.4416880941450426
0.43428938339024054
0.43428938339024054
0.43428938339024054
0.42978439921634504
0.42978439921634504
0.42978439921634504
0.42978439921634504
0.42978439921634504
0.42978439921634504
0.42978439921634504
0.4248743571711403
0.4125375170383604
0.4125375170383604
0.4125375170383604
0.4125375170383604
0.4125375170383604
0.4125375170383604
0.4119077473783087
0.4119077473783087
0.4119077473783087
0.4119077473783087
0.4119077473783087
0.4089355507587515
0.3823080486631134
0.38208716481739263
0.381657798927455
0.381657798927455
0.381657798927455
0.381657798927455
0.3815915771272683
0.3811996405808557
0.3811996405808557
0.3774809204303341
0.3774809204303341
0.3774809204303341
0.37180735359518424
0.36160750968110866
0.36160750968110866
0.36160750968110866
0.36104251907740476
0.3598814628073262
0.3598814628073262
0.3598814628073262
0.3598106832398225
0.3598106832398225
0.3598106832398225
0.3598106832398225
0.3594043236143467
0.3565594938954041
0.3565594938954041
0.35588661255074716
0.35588661255074716
0.35287308082986746
0.34934891759679876
0.34934891759679876
0.34934816963988063
0.34934816963988063
0.34934816963988063
0.34214160738381444
0.34214160738381444
0.33798034113809344
0.33798034113809344
0.33798034113809344
0.33798034113809344
0.33798034113809344
0.33798034113809344
0.33798034113809344
0.33798034113809344
0.3375161487745634
0.3375161487745634
0.3375161487745634
0.3357898434667378
0.33203589489983903
0.3290810815737094
0.3290810815737094
0.3290810815737094
0.3290810815737094
0.3290810815737094
0.3267779003487897
0.3259151093551259
0.32515188039314485
0.32515188039314485
0.32515188039314485
0.3248346701676137
0.32331949225798345
0.32331949225798345
0.32331949225798345
0.32331949225798345
0.32331949225798345
0.32331949225798345
0.32331949225798345
0.3207812821808385
0.3207812821808385
0.3201004657757522
0.3201004657757522
0.3201004657757522
0.3201004657757522
0.3201004657757522
0.3201004657757522
0.2790829911711943
0.2790829911711943
0.27897262481774493
0.2722047169951689
0.2722047169951689
0.2722047169951689
0.2722047169951689
0.2722047169951689
0.2715316621027927
0.2715316621027927
0.2715316621027927
0.2715316621027927
0.26950102060953596
0.26950102060953596
0.25654270048720307
0.25654270048720307
0.25637447107214495
0.25637447107214495
0.25612089262567755
0.2550464752281636
0.25503883012190187
0.25503883012190187
0.25503883012190187
0.25503883012190187
0.25503883012190187
0.25503883012190187
0.25503883012190187
0.2548767574771553
0.2548767574771553
0.2548767574771553
0.25404576026694237
0.25404576026694237
0.25404576026694237
0.25404576026694237
0.25404576026694237
0.25404576026694237
0.25404576026694237
0.25404576026694237
0.25404576026694237
0.2537871616322503
0.2536833192022677
0.2536833192022677
0.2533415941699391
0.25333972758905454
0.251608553590399
0.251608553590399
0.251608553590399
0.251608553590399
0.251608553590399
0.25148932927565176
0.2512040477817431
0.2512040477817431
0.2512040477817431
0.2512040477817431
0.25005166268635665
0.25005166268635665
0.24979040388641305
0.24979040388641305
0.24979040388641305
0.24979040388641305
0.24979040388641305
0.23953278161692898
0.23953278161692898
0.23953278161692898
0.23953278161692898
0.23953278161692898
0.23921409874620647
0.23921409874620647
0.23921409874620647
0.23921409874620647
0.23921409874620647
0.23633082491982782
0.2362783127986821
0.2362783127986821
0.2362783127986821
0.2362728645208434
0.2362728645208434
0.2362728645208434
0.23561766915858356
0.23561766915858356
0.21995902950128993
0.21995902950128993
0.21995902950128993
0.21995902950128993
0.21759932010362393
0.21759932010362393
0.21645680826525132
0.21645680826525132
0.21645680826525132
0.21632658054922477
0.21508358095273122
0.21372822863636243
0.2136992633393422
0.2136992633393422
0.21332641438288952
0.2120711008337276
0.21174871284081342
0.20731070017234537
0.20731070017234537
0.20554107332971838
0.20554107332971838
0.2055071757381624
0.20539517452972722
0.2046635740989292
0.19450949009113255
0.19285359667274135
0.1923603253390983
0.18532274713554808
0.18532274713554808
0.18497649910411143
0.1849709032103919
0.1849709032103919
0.1849709032103919
0.18388108260685482
0.18309403765796553
0.18309403765796553
0.18309403765796553
0.18309403765796553
0.18309403765796553
0.16329150074133136
0.1632655283370299
0.1632655283370299
0.1632655283370299
0.16234571687612878
0.16234571687612878
0.16234571687612878
0.16234571687612878
0.16219684933472064
0.16213901039992673
0.1619632430456984
0.1616694734418805
0.1615959858385929
0.1615959858385929
0.16150439633770045
0.1614799625436323
0.1614799625436323
0.1495849353676898
0.1495849353676898
0.1495849353676898
0.1495849353676898
0.1495849353676898
0.1495213915381794
0.1495213915381794
0.1495213915381794
0.1495213915381794
0.1489865541503538
0.1489865541503538
0.1489865541503538
0.1489865541503538
0.1489865541503538
0.1489865541503538
0.1489865541503538
0.1489865541503538
0.1489865541503538
0.1489865541503538
0.14334195755846002
0.14286574199049204
0.141761894592668
0.141761894592668
0.14070334576033244
0.14070334576033244
0.14070334576033244
0.14070334576033244
0.14070334576033244
0.14070334576033244
0.14070334576033244
0.1406525515092375
0.1406525515092375
0.1406525515092375
0.1406525515092375
0.1406525515092375
0.1406525515092375
0.1406525515092375
0.1406423389148602
0.1406423389148602
0.1406423389148602
0.1406423389148602
0.1406423389148602
0.1406423389148602
0.13724695609735102
0.13724695609735102
0.1369917948331557
0.1369917948331557
0.1369917948331557
0.13694124282821438
0.13672845707595296
0.12944822490890223
0.1293647750241775
0.1293647750241775
0.1293647750241775
0.1293382046775969
0.1293382046775969
0.12915693905059294
0.12915693905059294
0.1291216175697934
0.1291216175697934
0.1291216175697934
0.12911839884394902
0.12606389563364634
0.12555936017200153
0.12372793357246156
0.12372793357246156
0.12372793357246156
0.12204460169930909
0.12204460169930909
0.12204460169930909
0.12114357003698242
0.1210218159827901
0.1210218159827901
0.12068983270002068
0.12068983270002068
0.12068983270002068
0.12068983270002068
0.1184225033875809
0.1184225033875809
0.11835872095768041
0.11835872095768041
0.11835872095768041
0.11835872095768041
