70784.54051950274
66037.25414850771
66037.25414850771
66037.25414850771
63022.1991152491
56748.115972136846
56748.115972136846
53366.908687903444
46816.58475481874
46069.60387608825
44690.410088984056
44681.63703137655
44546.79527652032
44546.79527652032
37271.57799987134
34252.02356724892
34252.02356724892
30369.00132093371
29235.535919166792
28027.91134575331
27985.445980810775
27650.52223354683
26797.839458462066
26362.441989394367
23453.168925745525
22461.677893077773
22101.99598299118
21815.1478172481
21326.00936076085
19963.160264618124
16875.07632425685
16261.972127058832
12809.017544644956
12809.017544644956
12334.105431616845
10235.439764031253
10093.37045065524
7971.47133136872
7971.47133136872
7971.47133136872
7971.47133136872
7908.941958521139
7908.941958521139
7883.960506973298
6770.417754838158
6643.8733624381675
4549.256991446361
4276.508537263826
4276.508537263826
4035.3314980129717
2675.0526571848372
2675.0526571848372
2654.0200654848018
2627.697291952132
2608.1099182062003
2577.9556986751654
2576.7175044164105
2562.9128417714164
2153.829416696382
2024.144829174842
1337.271429285322
1321.9779079043085
1321.9779079043085
1301.3305522972953
603.2639972106793
602.5865655679
600.5161612261725
434.0975946384189
428.4166632446533
428.4166632446533
419.6398471570945
404.66668054104827
397.67113145776165
361.05881452618394
361.05881452618394
361.05881452618394
342.03291265596
342.03291265596
202.84549053828238
202.43990640782272
202.24803074231482
200.67531886668274
200.67531886668274
200.67531886668274
165.43823861698093
136.44462850104242
136.44462850104242
134.0814237026561
134.0814237026561
134.0814237026561
134.0814237026561
133.93330714834934
133.8493490255286
82.30859460825731
82.07309066267324
82.01458582050327
80.48812219894813
77.3712524251203
67.82261808405804
65.76726334863157
65.76438083276105
59.69790382797471
59.69790382797471
56.98429393863367
53.410004589364476
49.8952188056717
48.50025216999728
43.404306458568456
41.977245711063375
40.33656174903409
30.56458501918465
30.56458501918465
30.56458501918465
11.99551906477894
11.99551906477894
11.365934533330284
11.351604603995465
5.977276987843452
5.00772278811404
5.00772278811404
5.00704202793371
4.912289596839508
4.912289596839508
4.912289596839508
3.961299358568749
3.961299358568749
2.3394253155748785
2.1770178779491967
2.162894082699299
2.162894082699299
1.9570733821525022
1.9566464087503002
1.9566464087503002
1.9566464087503002
1.9566464087503002
1.9566464087503002
1.954400795575293
1.0771472793499648
1.0771472793499648
1.047827576226404
1.047827576226404
1.047827576226404
1.0405461222614865
1.0405461222614865
1.0384909565333562
1.004230881378978
0.8110099618915467
0.8110099618915467
0.7292379628438033
0.7292379628438033
0.7273776410410366
0.727133157623167
0.5716846553096886
0.567674660802871
0.18680187894442207
0.18680187894442207
0.18680187894442207
0.1842873469179055
0.1800173423193165
0.1800173423193165
0.1789038814973199
0.17504001096930197
0.1750027956171499
0.15705825063236828
0.15430141539471898
0.14956820747070965
0.14560562514857764
0.12792501339485227
0.11802062673986499
0.11395146079112327
0.11284077762381482
0.1118597279342791
0.08018645802603022
0.0756495480837521
0.07533326039440318
0.0632941063837668
0.06148886422105524
0.05728777698989805
0.05728777698989805
0.05696063055334072
0.05696063055334072
0.04912812090975378
0.04235717272774581
0.04204844327396295
0.03033697914078933
0.02919712256244559
0.02919712256244559
0.028797904205320534
0.028797904205320534
0.02588259321335806
0.018364489939180807
0.018364489939180807
0.018364273285522474
0.018364273285522474
0.018364273285522474
0.018290844858259155
0.017143528920797773
0.01706153256444511
0.017029134193318862
0.008503461821064016
0.008502211901668609
0.008444769962244325
0.0084219958724476
0.0084219958724476
0.008391985466439907
0.008391985466439907
0.0075066951295289005
0.0075066951295289005
0.0075066951295289005
0.007155599283526987
0.007155599283526987
0.00589102504469371
0.0038292137054710246
0.0038292137054710246
0.003822490601957364
0.0022237642699041347
0.0021972276133576433
0.0021972276133576433
0.0021972276133576433
0.0021878608186684137
0.0021878608186684137
0.002128557204842719
0.0011105219505139858
0.0010969953641850672
0.0010969597750168777
0.0010913094127321388
0.0010913094127321388
0.0009897039756321668
0.0007874237408870252
0.0007874237408870252
0.0007874237408870252
0.0007253837015131768
0.0007253837015131768
0.0007253837015131768
0.000709374014084443
0.0007011350517200145
0.0002798724739125225
0.0002773770369748968
0.0002512075014610452
0.0002512075014610452
0.0002512075014610452
0.0002512075014610452
0.0002511000407666947
0.00024949228678189037
0.00024949228678189037
0.00024949228678189037
0.00024949228678189037
0.00024949228678189037
0.00024949228678189037
0.00024872413335958376
0.00024872413335958376
0.0002473977491989192
0.0002473977491989192
0.00024288985176179013
0.00021655843581772175
0.00016475688049989829
0.0001627096668663266
0.0001281598296459212
0.00012815905738698232
0.000128158185673644
0.00011438555773077438
0.00011438555773077438
0.00011005518091141245
0.00010859961212136508
0.00010513498948060794
9.447721056912537e-05
8.440778953826478e-05
8.440778953826478e-05
7.182377487756553e-05
4.280712027476568e-05
4.2794162036709155e-05
4.272640196457326e-05
3.890703201775611e-05
3.887994944792022e-05
2.4657199705789226e-05
2.0118217243497337e-05
2.0118217243497337e-05
2.0118217243497337e-05
1.5262809730675584e-05
1.5262809730675584e-05
1.5147303200410502e-05
6.995747211371489e-06
6.995747211371489e-06
6.995747211371489e-06
6.995747211371489e-06
6.9203422542785635e-06
6.915407712525899e-06
6.642765849627059e-06
6.1469895784960656e-06
6.1469895784960656e-06
5.389443588018228e-06
5.386245916859727e-06
5.386245916859727e-06
5.0057386881868994e-06
4.202787901187535e-06
4.202787901187535e-06
4.198326693507658e-06
4.194354415308726e-06
4.182208002169137e-06
2.8184194936357193e-06
2.7727187264056255e-06
2.7727187264056255e-06
2.3350888902255852e-06
2.1165677532159206e-06
2.1140026564445783e-06
1.57360222817152e-06
1.57360222817152e-06
1.5624400791735946e-06
1.5624400791735946e-06
1.152087535037918e-06
1.1269143700532974e-06
7.616539627822575e-07
6.469186293278712e-07
6.469186293278712e-07
6.469186293278712e-07
3.5291181950865724e-07
3.51822705094852e-07
3.1805724883038743e-07
3.1485330116956647e-07
3.145199761149691e-07
3.145199761149691e-07
3.145199761149691e-07
3.132003158417632e-07
3.1312344957710753e-07
2.2639003501515307e-07
2.2639003501515307e-07
2.2639003501515307e-07
2.2639003501515307e-07
2.1337753588471964e-07
1.9793995990028977e-07
1.8994765554358953e-07
1.751685675871311e-07
1.749429600211787e-07
1.7230413379136378e-07
1.6899925955162537e-07
1.6353601311198804e-07
1.4580364985775561e-07
1.4543632052791302e-07
1.3081849218945952e-07
1.1056729373680538e-07
6.949080476066644e-08
6.874793789270532e-08
5.052591105605087e-08
5.0372536269239323e-08
5.014686893269896e-08
5.014686893269896e-08
5.014686893269896e-08
5.012666868808591e-08
5.012646506851399e-08
4.969702341117099e-08
4.969702341117099e-08
3.2280937878820995e-08
3.2280937878820995e-08
3.1397275808365666e-08
2.2303992029413272e-08
2.1852046433194544e-08
2.092158984512447e-08
2.092158984512447e-08
2.092158984512447e-08
2.092158984512447e-08
2.0719379549070186e-08
2.06667934926757e-08
2.06667934926757e-08
1.768578372787533e-08
1.767538760955853e-08
5.9602557230358325e-09
5.9602557230358325e-09
5.702704126982284e-09
5.702704126982284e-09
5.702704126982284e-09
5.702704126982284e-09
5.685693896976e-09
5.685693896976e-09
5.685693896976e-09
5.677630196465328e-09
4.191427799685551e-09
4.191427799685551e-09
3.945825411074107e-09
3.144745222994803e-09
2.97070024506667e-09
2.9583972857645277e-09
2.181270208631885e-09
2.139765081982594e-09
2.139765081982594e-09
2.0599351670186074e-09
2.059537490879611e-09
1.925523577578107e-09
1.925523577578107e-09
1.8289588948175872e-09
1.8289588948175872e-09
1.8098841044558942e-09
1.6927046253159764e-09
1.690383342126693e-09
1.616613976974154e-09
1.616613976974154e-09
1.6049477206285062e-09
1.5436571718741165e-09
1.3124728824137682e-09
9.906902718738312e-10
9.906902718738312e-10
9.902687162837118e-10
9.902159462842998e-10
5.376510080600111e-10
5.376510080600111e-10
4.38521287834302e-10
4.3513909199491773e-10
4.254692494550708e-10
4.254692494550708e-10
4.215150538968763e-10
4.215150538968763e-10
2.833427984068941e-10
2.7370762911480065e-10
2.7370762911480065e-10
2.720082029479957e-10
2.6737730015904163e-10
2.5553364806627116e-10
2.5553364806627116e-10
2.5547941596250716e-10
2.4305428705839384e-10
1.6392049609040385e-10
1.6390555619652775e-10
1.6390555619652775e-10
1.6367593794800908e-10
1.6367593794800908e-10
1.1050171195022673e-10
1.1050171195022673e-10
1.016413268493225e-10
9.983446478204417e-11
9.983446478204417e-11
9.983446478204417e-11
9.983446478204417e-11
6.675189541325292e-11
6.354388328436309e-11
2.3687889565813256e-11
2.144839236270878e-11
2.137017622953734e-11
2.1286866886746524e-11
1.724065134998942e-11
1.724065134998942e-11
1.724065134998942e-11
1.723038938300314e-11
1.7211375831188913e-11
1.6224787251991682e-11
1.6224787251991682e-11
1.6224787251991682e-11
1.6224787251991682e-11
1.6103596725728387e-11
1.5976856078028135e-11
1.5866561176496966e-11
1.3609824773530192e-11
1.3609824773530192e-11
1.3558451247070317e-11
1.3557403626549126e-11
1.353810961097626e-11
1.3398725288143479e-11
1.3125909279744377e-11
6.734676795807718e-12
5.851202678234959e-12
5.851202678234959e-12
5.839956237186914e-12
5.839956237186914e-12
5.384214985442984e-12
5.379629340148774e-12
3.645544048897158e-12
3.2311501398543867e-12
3.2138896424403984e-12
3.2117252849399344e-12
2.659111604400196e-12
2.0765882980666394e-12
2.0765882980666394e-12
2.0765882980666394e-12
2.065652414309721e-12
2.0632064395625797e-12
1.5928914338318927e-12
1.127051325879211e-12
1.124314462634637e-12
1.1067350474189256e-12
1.1067350474189256e-12
1.0971043089276916e-12
8.965302787710304e-13
6.905629038588316e-13
6.901916218801151e-13
6.901916218801151e-13
6.881714747505008e-13
6.381528209319036e-13
6.381528209319036e-13
6.374697393854386e-13
3.747965383904786e-13
3.182230341813405e-13
2.819633335182077e-13
2.799560603835856e-13
2.799560603835856e-13
2.6019588739932296e-13
1.4377914469316157e-13
1.4377914469316157e-13
1.430849918291081e-13
1.430849918291081e-13
1.430849918291081e-13
1.430849918291081e-13
1.2749542408844504e-13
1.2749542408844504e-13
1.1440081012755716e-13
1.1267047429317117e-13
1.1228965900244855e-13
1.119749164208429e-13
1.1151530829730748e-13
1.1151530829730748e-13
1.1037156647680517e-13
1.1037156647680517e-13
1.0841624197124433e-13
1.0841624197124433e-13
1.0841624197124433e-13
6.771594897120384e-14
6.771594897120384e-14
6.771594897120384e-14
6.771594897120384e-14
6.771594897120384e-14
6.534101261802067e-14
5.997313133858955e-14
4.157393995074844e-14
4.0664541203202734e-14
4.0064523744952334e-14
3.516864909047759e-14
3.454853872626197e-14
3.454853872626197e-14
3.454853872626197e-14
3.2802811480697064e-14
3.218613649469369e-14
3.218613649469369e-14
3.218613649469369e-14
3.218613649469369e-14
2.2616954701445595e-14
2.2616954701445595e-14
1.8504431777725222e-14
1.8504431777725222e-14
1.5026010013750914e-14
1.1595370908492679e-14
1.1284207347026083e-14
1.1111188480821179e-14
1.1111188480821179e-14
1.0668398937137733e-14
7.728382490937025e-15
2.9100292512224183e-15
2.7443807937640574e-15
2.7443807937640574e-15
2.7443807937640574e-15
2.245403537853281e-15
2.245403537853281e-15
2.245403537853281e-15
2.245403537853281e-15
2.245403537853281e-15
2.245403537853281e-15
2.245403537853281e-15
2.245403537853281e-15
2.245403537853281e-15
2.245403537853281e-15
2.245403537853281e-15
2.245403537853281e-15
1.987308351756422e-15
1.8395298787594347e-15
1.8395298787594347e-15
1.8395298787594347e-15
1.8395298787594347e-15
1.7181654447357212e-15
1.7181654447357212e-15
1.5780622670282715e-15
1.5780622670282715e-15
1.5780622670282715e-15
1.5780622670282715e-15
1.5780622670282715e-15
1.5780622670282715e-15
1.5780622670282715e-15
1.5780622670282715e-15
1.4248127123896181e-15
1.3887781930930378e-15
1.3887781930930378e-15
1.3887781930930378e-15
1.3887781930930378e-15
7.899447907353685e-16
7.899447907353685e-16
7.899447907353685e-16
7.899447907353685e-16
7.899447907353685e-16
7.752482706417777e-16
7.752482706417777e-16
7.752482706417777e-16
7.752482706417777e-16
7.752482706417777e-16
7.752482706417777e-16
7.752482706417777e-16
7.752482706417777e-16
7.752482706417777e-16
7.752482706417777e-16
7.752482706417777e-16
7.752482706417777e-16
7.752482706417777e-16
7.752482706417777e-16
7.752482706417777e-16
7.752482706417777e-16
7.752482706417777e-16
7.752482706417777e-16
7.752482706417777e-16
7.752482706417777e-16
7.752482706417777e-16
7.752482706417777e-16
7.752482706417777e-16
7.752482706417777e-16
7.752482706417777e-16
7.752482706417777e-16
7.752482706417777e-16
7.752482706417777e-16
7.752482706417777e-16
7.752482706417777e-16
7.752482706417777e-16
7.752482706417777e-16
7.752482706417777e-16
7.520998182908379e-16
7.520998182908379e-16
7.520998182908379e-16
7.520998182908379e-16
7.520998182908379e-16
7.520998182908379e-16
7.520998182908379e-16
7.520998182908379e-16
7.520998182908379e-16
7.520998182908379e-16
7.520998182908379e-16
7.520998182908379e-16
7.520998182908379e-16
7.520998182908379e-16
7.520998182908379e-16
7.520998182908379e-16
7.520998182908379e-16
7.520998182908379e-16
7.520998182908379e-16
7.520998182908379e-16
7.520998182908379e-16
7.520998182908379e-16
7.520998182908379e-16
7.520998182908379e-16
7.520998182908379e-16
7.520998182908379e-16
7.520998182908379e-16
7.520998182908379e-16
7.520998182908379e-16
7.520998182908379e-16
7.520998182908379e-16
7.520998182908379e-16
7.520998182908379e-16
7.520998182908379e-16
7.520998182908379e-16
7.520998182908379e-16
7.520998182908379e-16
7.520998182908379e-16
7.520998182908379e-16
7.520998182908379e-16
7.520998182908379e-16
7.520998182908379e-16
7.520998182908379e-16
7.520998182908379e-16
7.520998182908379e-16
7.520998182908379e-16
7.520998182908379e-16
7.520998182908379e-16
7.520998182908379e-16
7.520998182908379e-16
7.520998182908379e-16
7.520998182908379e-16
7.520998182908379e-16
7.520998182908379e-16
7.520998182908379e-16
7.520998182908379e-16
7.520998182908379e-16
7.520998182908379e-16
7.520998182908379e-16
7.520998182908379e-16
7.520998182908379e-16
7.520998182908379e-16
7.520998182908379e-16
7.520998182908379e-16
7.520998182908379e-16
7.520998182908379e-16
7.520998182908379e-16
7.520998182908379e-16
7.520998182908379e-16
7.520998182908379e-16
7.520998182908379e-16
7.520998182908379e-16
7.520998182908379e-16
7.520998182908379e-16
7.520998182908379e-16
7.520998182908379e-16
7.520998182908379e-16
7.520998182908379e-16
7.520998182908379e-16
7.520998182908379e-16
7.520998182908379e-16
7.520998182908379e-16
7.520998182908379e-16
7.520998182908379e-16
7.520998182908379e-16
7.520998182908379e-16
7.520998182908379e-16
7.520998182908379e-16
7.520998182908379e-16
7.520998182908379e-16
7.520998182908379e-16
7.520998182908379e-16
7.520998182908379e-16
7.520998182908379e-16
7.520998182908379e-16
7.520998182908379e-16
7.520998182908379e-16
7.520998182908379e-16
7.520998182908379e-16
7.520998182908379e-16
7.520998182908379e-16
7.520998182908379e-16
7.520998182908379e-16
7.520998182908379e-16
7.520998182908379e-16
7.520998182908379e-16
7.520998182908379e-16
7.520998182908379e-16
7.520998182908379e-16
7.520998182908379e-16
7.520998182908379e-16
7.520998182908379e-16
7.520998182908379e-16
7.520998182908379e-16
7.520998182908379e-16
7.520998182908379e-16
7.520998182908379e-16
7.520998182908379e-16
7.520998182908379e-16
7.520998182908379e-16
7.520998182908379e-16
7.520998182908379e-16
7.520998182908379e-16
7.520998182908379e-16
7.520998182908379e-16
7.520998182908379e-16
7.520998182908379e-16
7.520998182908379e-16
7.520998182908379e-16
7.520998182908379e-16
7.520998182908379e-16
7.520998182908379e-16
7.520998182908379e-16
7.520998182908379e-16
7.520998182908379e-16
7.520998182908379e-16
7.520998182908379e-16
7.520998182908379e-16
7.520998182908379e-16
7.520998182908379e-16
7.520998182908379e-16
7.520998182908379e-16
7.520998182908379e-16
7.520998182908379e-16
7.520998182908379e-16
7.520998182908379e-16
7.520998182908379e-16
7.520998182908379e-16
7.520998182908379e-16
7.520998182908379e-16
7.520998182908379e-16
7.520998182908379e-16
7.520998182908379e-16
7.520998182908379e-16
7.520998182908379e-16
7.520998182908379e-16
7.520998182908379e-16
7.520998182908379e-16
7.520998182908379e-16
7.520998182908379e-16
7.520998182908379e-16
7.520998182908379e-16
7.520998182908379e-16
7.520998182908379e-16
7.520998182908379e-16
7.520998182908379e-16
7.520998182908379e-16
7.520998182908379e-16
7.520998182908379e-16
7.520998182908379e-16
7.520998182908379e-16
7.520998182908379e-16
7.520998182908379e-16
7.520998182908379e-16
7.520998182908379e-16
7.520998182908379e-16
7.520998182908379e-16
7.520998182908379e-16
7.520998182908379e-16
7.520998182908379e-16
7.520998182908379e-16
7.520998182908379e-16
7.520998182908379e-16
7.520998182908379e-16
7.520998182908379e-16
7.520998182908379e-16
7.520998182908379e-16
7.520998182908379e-16
7.520998182908379e-16
7.520998182908379e-16
7.520998182908379e-16
7.520998182908379e-16
7.520998182908379e-16
7.520998182908379e-16
7.520998182908379e-16
7.520998182908379e-16
7.520998182908379e-16
7.520998182908379e-16
7.520998182908379e-16
7.520998182908379e-16
7.520998182908379e-16
7.520998182908379e-16
7.520998182908379e-16
7.520998182908379e-16
7.520998182908379e-16
7.520998182908379e-16
7.520998182908379e-16
7.520998182908379e-16
7.520998182908379e-16
7.520998182908379e-16
7.520998182908379e-16
7.520998182908379e-16
7.520998182908379e-16
7.520998182908379e-16
7.520998182908379e-16
7.520998182908379e-16
7.520998182908379e-16
7.520998182908379e-16
7.520998182908379e-16
7.520998182908379e-16
7.520998182908379e-16
7.520998182908379e-16
7.520998182908379e-16
7.520998182908379e-16
7.520998182908379e-16
7.520998182908379e-16
7.520998182908379e-16
7.520998182908379e-16
7.520998182908379e-16
7.520998182908379e-16
7.520998182908379e-16
7.520998182908379e-16
7.520998182908379e-16
7.520998182908379e-16
7.520998182908379e-16
7.520998182908379e-16
7.520998182908379e-16
7.520998182908379e-16
7.520998182908379e-16
7.520998182908379e-16
7.520998182908379e-16
7.520998182908379e-16
7.520998182908379e-16
7.520998182908379e-16
7.520998182908379e-16
7.520998182908379e-16
7.520998182908379e-16
7.520998182908379e-16
7.520998182908379e-16
7.520998182908379e-16
7.520998182908379e-16
7.520998182908379e-16
7.520998182908379e-16
7.520998182908379e-16
7.520998182908379e-16
7.520998182908379e-16
7.520998182908379e-16
7.520998182908379e-16
7.520998182908379e-16
7.520998182908379e-16
7.520998182908379e-16
7.520998182908379e-16
7.520998182908379e-16
7.520998182908379e-16
7.520998182908379e-16
7.520998182908379e-16
7.520998182908379e-16
7.520998182908379e-16
7.520998182908379e-16
7.520998182908379e-16
7.520998182908379e-16
7.520998182908379e-16
7.520998182908379e-16
7.520998182908379e-16
7.520998182908379e-16
7.520998182908379e-16
7.520998182908379e-16
7.520998182908379e-16
7.520998182908379e-16
7.520998182908379e-16
7.520998182908379e-16
7.520998182908379e-16
7.520998182908379e-16
7.520998182908379e-16
7.520998182908379e-16
7.520998182908379e-16
7.520998182908379e-16
7.520998182908379e-16
7.520998182908379e-16
7.520998182908379e-16
7.520998182908379e-16
7.520998182908379e-16
7.520998182908379e-16
7.520998182908379e-16
7.520998182908379e-16
7.520998182908379e-16
7.520998182908379e-16
7.520998182908379e-16
7.520998182908379e-16
7.520998182908379e-16
7.520998182908379e-16
7.520998182908379e-16
7.520998182908379e-16
7.520998182908379e-16
7.520998182908379e-16
7.520998182908379e-16
7.520998182908379e-16
7.520998182908379e-16
7.520998182908379e-16
7.520998182908379e-16
7.520998182908379e-16
7.520998182908379e-16
7.520998182908379e-16
7.520998182908379e-16
7.520998182908379e-16
7.520998182908379e-16
7.520998182908379e-16
7.520998182908379e-16
7.520998182908379e-16
7.520998182908379e-16
7.520998182908379e-16
7.520998182908379e-16
7.520998182908379e-16
7.520998182908379e-16
7.520998182908379e-16
7.520998182908379e-16
7.520998182908379e-16
7.520998182908379e-16
7.520998182908379e-16
7.520998182908379e-16
7.520998182908379e-16
7.520998182908379e-16
7.520998182908379e-16
7.520998182908379e-16
7.520998182908379e-16
7.520998182908379e-16
7.520998182908379e-16
7.520998182908379e-16
7.520998182908379e-16
7.520998182908379e-16
7.520998182908379e-16
7.520998182908379e-16
7.520998182908379e-16
7.520998182908379e-16
7.520998182908379e-16
7.520998182908379e-16
7.520998182908379e-16
7.520998182908379e-16
7.520998182908379e-16
7.520998182908379e-16
7.520998182908379e-16
7.520998182908379e-16
7.520998182908379e-16
7.520998182908379e-16
7.520998182908379e-16
7.520998182908379e-16
7.520998182908379e-16
7.520998182908379e-16
7.520998182908379e-16
7.520998182908379e-16
7.520998182908379e-16
7.520998182908379e-16
7.520998182908379e-16
7.520998182908379e-16
7.520998182908379e-16
7.520998182908379e-16
7.520998182908379e-16
7.520998182908379e-16
7.520998182908379e-16
7.520998182908379e-16
7.520998182908379e-16
7.520998182908379e-16
7.520998182908379e-16
7.520998182908379e-16
7.520998182908379e-16
7.520998182908379e-16
7.520998182908379e-16
7.520998182908379e-16
7.520998182908379e-16
7.520998182908379e-16
7.520998182908379e-16
7.520998182908379e-16
7.520998182908379e-16
7.520998182908379e-16
