3969365.5083667706
3086319.5742847025
3062894.246125908
3049708.389486303
3021162.477588397
1993733.215382379
1622723.3237499753
1528096.0092408045
1528096.0092408045
1457967.6425941708
1457967.6425941708
1205634.3443572759
1204997.4661230978
1201483.7737557283
1123798.3899635077
1025214.7328597407
917893.963529612
917733.1416748296
916365.8031595472
915362.9482127612
915362.9482127612
906108.3769538759
877973.8860480739
858974.0612002221
785064.2998563689
785064.2998563689
723990.4851722254
618290.68334547
576897.1438649182
445297.09622647363
218813.03426592497
206522.6213543432
205407.25333608923
192473.63046878495
192473.63046878495
186810.94981736914
168496.8471420665
166598.5174474166
156915.00558394223
156915.00558394223
156867.78218144563
48278.07288175332
48278.07288175332
35323.45177939598
34151.174506428586
34045.447502203795
31519.47958186265
30611.636647760686
30611.636647760686
29838.125746698533
28048.78895477648
20227.866340970013
13200.404759351894
12943.613751359992
12943.613751359992
12262.474562708203
9079.082646639643
9042.57712449609
9017.965880865384
9003.931568377875
7702.732054944892
7702.732054944892
7573.966913465945
7136.513846157872
7136.513846157872
7049.473380259764
5993.578183575624
5993.578183575624
5993.578183575624
5993.578183575624
5282.166187798007
5247.105272086515
4366.779936028648
4366.779936028648
4366.120273939864
2580.8985193523954
2568.76379425967
2145.432873427318
2117.4934376916276
2094.2427783142366
2094.2427783142366
2030.5743370927773
2030.5743370927773
1874.4706992677543
1874.4706992677543
1874.4706992677543
1715.6450317397532
1715.6450317397532
1715.6450317397532
1533.959891731262
1533.959891731262
1316.835693067615
1291.984582805983
1211.3715267592963
1211.3715267592963
1211.3715267592963
1208.4836380550382
1196.715078708768
1008.3184767275831
1008.3184767275831
1008.3184767275831
1008.3184767275831
861.3960309170391
858.8730047620799
852.8721915589332
852.8721915589332
852.8721915589332
849.8907982101451
755.9772323926674
755.7578285187666
554.105832238884
554.105832238884
554.105832238884
554.105832238884
554.105832238884
548.9411133939122
534.7583910557346
534.7583910557346
534.7583910557346
457.36936204119723
457.36936204119723
457.199781996764
456.0780410772215
456.0780410772215
456.0780410772215
456.0780410772215
456.0780410772215
441.2291168631141
441.2291168631141
441.2291168631141
441.202310236301
441.202310236301
373.328064526355
373.328064526355
370.7628862023722
361.53371965642873
361.53371965642873
309.35124280302034
307.96338694083363
302.55091498894427
302.55091498894427
288.27437123005683
282.3690565176833
281.28080693015795
281.28080693015795
281.25231944288237
281.25231944288237
280.9524030516441
277.89533766817505
277.89533766817505
277.89533766817505
273.8004520688846
273.8004520688846
273.3501121236228
236.31034725983932
236.31034725983932
234.98121779573898
234.98121779573898
234.98121779573898
234.98121779573898
234.98121779573898
234.21231839462342
234.21231839462342
231.42487651677993
227.87838359116896
197.84551723082572
193.83599621156938
193.83599621156938
193.83599621156938
193.83599621156938
193.83599621156938
193.83599621156938
193.83599621156938
189.42375733218546
181.60481074076205
181.60481074076205
181.60481074076205
181.2166325205539
181.2166325205539
143.29000865173333
143.29000865173333
143.29000865173333
143.29000865173333
143.29000865173333
143.08112212428847
143.08112212428847
141.4920500719188
141.4920500719188
141.3980277959131
141.3980277959131
141.3980277959131
141.3980277959131
141.3980277959131
141.0147082507383
139.94383112953363
139.94383112953363
139.94383112953363
139.94383112953363
139.94383112953363
139.94383112953363
139.94383112953363
139.94383112953363
139.94383112953363
139.94383112953363
132.20637887361374
132.20637887361374
132.20637887361374
125.9402432311722
114.63111826090099
114.63111826090099
114.17359784587491
114.17359784587491
106.5705432437803
106.53302057040565
106.53302057040565
106.53302057040565
106.53302057040565
106.53302057040565
103.06050932589307
102.55342814251676
102.55342814251676
102.55342814251676
102.55342814251676
102.55342814251676
102.55342814251676
102.55342814251676
102.55342814251676
102.39505823985093
92.04181009869254
91.7655768382296
91.7655768382296
91.7655768382296
76.47116603092672
76.47116603092672
76.35615479946227
76.35615479946227
75.72203210485449
75.72203210485449
75.03328137641176
75.03328137641176
72.91745286411597
71.14206611036235
71.1354871427564
71.1354871427564
71.1354871427564
71.1354871427564
71.00015506195578
71.00015506195578
71.00015506195578
67.03334376888043
67.03334376888043
67.03334376888043
64.45720854475641
64.45720854475641
63.51556260216806
62.7095733883325
62.7095733883325
62.7095733883325
52.699750152721315
51.756518125408
51.756518125408
51.45812319259779
51.45812319259779
51.45812319259779
51.45812319259779
50.75432099365272
49.58885079321511
49.12164570864051
48.94977281890662
44.35027901279354
44.35027901279354
44.35027901279354
44.35027901279354
44.05020831634738
44.05020831634738
40.87779537324677
40.87779537324677
40.64619852060599
40.64619852060599
40.48587054742778
40.48587054742778
40.48587054742778
38.87401753446595
38.87401753446595
38.87401753446595
38.87401753446595
38.87401753446595
38.87401753446595
38.87401753446595
38.87401753446595
38.53082599064618
38.53082599064618
35.310033180484425
35.310033180484425
35.28354812409515
35.28354812409515
35.28354812409515
35.28354812409515
35.15257295260896
32.23833122315834
32.23833122315834
32.23833122315834
32.23833122315834
32.23833122315834
32.23833122315834
32.168738762928385
32.168738762928385
31.84079124499103
31.84079124499103
31.84079124499103
31.84079124499103
31.84079124499103
31.84079124499103
31.84079124499103
31.84079124499103
30.941785697638412
30.941785697638412
29.823095807320364
29.34110167034615
29.34110167034615
29.34110167034615
29.189545943901763
28.19406781328708
28.19406781328708
27.490875561194787
27.46738206883562
27.46738206883562
27.430453961867926
27.430453961867926
27.430453961867926
27.430453961867926
27.430453961867926
27.430453961867926
27.430453961867926
27.316252273310802
27.179181598419873
26.120575771514535
26.102408141627503
25.423279381995155
25.206458674237016
25.206458674237016
25.206458674237016
25.206458674237016
25.206458674237016
25.206458674237016
25.206458674237016
25.179146875725543
25.17912353475741
25.17912353475741
25.17912353475741
25.076207666886006
25.076207666886006
23.26888733475129
23.24379369758931
23.24379369758931
23.24379369758931
23.24379369758931
23.24379369758931
15.743210471219463
15.743210471219463
15.743210471219463
15.743210471219463
15.743210471219463
15.743210471219463
15.439664776262356
15.439664776262356
15.439664776262356
15.439664776262356
15.439664776262356
15.117001181280996
15.108643816484312
13.989975112312015
13.989975112312015
13.989975112312015
13.9339418487625
13.624718484043326
13.624718484043326
13.624718484043326
13.577341614787054
13.577341614787054
13.577341614787054
13.577341614787054
13.471642186534575
13.471642186534575
13.471642186534575
13.471642186534575
13.471642186534575
13.2713589498625
13.2713589498625
13.2713589498625
12.980273077745668
12.980273077745668
12.980273077745668
12.968604494561964
12.968604494561964
12.968604494561964
12.951953375075096
12.951953375075096
12.951953375075096
12.831319472879748
12.831319472879748
12.831291597813294
12.831291597813294
12.831291597813294
12.831291597813294
12.831291597813294
12.831291597813294
12.831291597813294
12.831291597813294
12.824362594613376
12.824362594613376
12.757439435189266
12.757439435189266
12.75156492157241
12.75156492157241
12.75156492157241
12.75156492157241
12.75156492157241
12.75016172068107
12.75016172068107
12.746494730807665
12.745870197716691
12.73718709081558
12.73718709081558
12.73718709081558
12.56909189952019
12.56909189952019
12.56909189952019
12.56909189952019
12.56909189952019
12.56909189952019
12.56909189952019
12.56909189952019
12.562408957859951
12.562408957859951
12.562408957859951
12.39234176476186
12.39234176476186
12.39234176476186
12.39234176476186
12.202361755018487
12.202361755018487
12.202361755018487
12.202361755018487
12.202361755018487
12.202361755018487
12.181929124988052
12.181929124988052
12.168316562584272
12.168316562584272
11.97499491743582
11.916870221636696
11.904310498635137
11.904310498635137
11.826580461704339
11.826580461704339
11.826580461704339
11.826580461704339
11.826580461704339
11.617269231865922
11.617269231865922
11.617269231865922
11.575478011557804
11.575478011557804
10.18600555698417
10.18570379848101
10.18570379848101
9.893828016952558
9.893828016952558
9.845003195935742
9.845003195935742
9.845003195935742
9.845003195935742
9.845003195935742
9.845003195935742
9.845003195935742
9.845003195935742
9.539726386962048
9.485940472567957
9.485940472567957
9.202185891285158
8.41680892721454
7.76406399819037
7.76406399819037
7.76406399819037
7.76406399819037
7.761875847012316
7.761875847012316
7.5553344893957135
7.488910294951624
7.488910294951624
7.488910294951624
7.488910294951624
7.488910294951624
7.478951530155683
7.387730555631584
7.387730555631584
7.387730555631584
7.387730555631584
7.387730555631584
7.387730555631584
7.387730555631584
7.382643794357276
7.382643794357276
7.382643794357276
7.382643794357276
7.382643794357276
7.382643794357276
7.382643794357276
7.241966896138979
7.210646233882575
7.051578315066959
7.051578315066959
7.051578315066959
7.001799856655796
6.943935907499952
6.943935907499952
6.943935907499952
6.7156333727637
6.7156333727637
6.7156333727637
6.7156333727637
6.7156333727637
6.7156333727637
6.7156333727637
6.697991743398191
6.697991743398191
6.697991743398191
6.697991743398191
6.676521432028731
6.676521432028731
6.676521432028731
6.676521432028731
6.563607094670042
6.563607094670042
6.563607094670042
6.563607094670042
6.563607094670042
6.43721599795925
6.3832359457707035
6.3832359457707035
6.3832359457707035
6.3832359457707035
6.3832359457707035
6.3832359457707035
6.382049970020885
6.3684138612640595
6.253706141489752
6.229793862852188
6.229793862852188
6.229793862852188
6.229793862852188
6.229793862852188
6.203439515197114
5.998327582491106
5.998085769621017
5.998085769621017
5.998085769621017
5.998085769621017
5.998085769621017
5.8533530073086055
5.8533530073086055
5.011467641788157
5.011467641788157
5.011467641788157
5.011467641788157
5.011467641788157
5.010876249278981
5.010876249278981
5.010876249278981
5.010876249278981
5.010876249278981
5.010876249278981
5.010876249278981
5.010142675268304
5.010142675268304
5.0084646371259405
5.0084646371259405
5.0084646371259405
5.0084646371259405
4.398302226915105
4.398302226915105
4.398302226915105
4.398302226915105
4.398302226915105
4.398302226915105
4.388880162483398
4.388880162483398
4.279267016175829
4.279267016175829
4.279267016175829
4.279267016175829
4.279267016175829
4.279267016175829
4.111652854312483
4.111652854312483
4.111652854312483
4.111652854312483
4.111075346124467
4.111075346124467
4.111075346124467
4.103011844794179
4.103011844794179
4.103011844794179
4.023826938590924
4.023826938590924
4.023826938590924
4.023826938590924
4.023826938590924
4.023826938590924
4.023826938590924
4.023826938590924
4.013406893464884
3.1180252980777414
3.1152690913222516
3.1152690913222516
3.076516660880352
3.069749011100467
3.069749011100467
3.069749011100467
3.0534127392445143
3.001450036040614
3.001277213952771
3.001277213952771
3.001277213952771
3.001277213952771
3.001277213952771
2.9432649655836474
2.932486205455577
2.9172824273786837
2.9172824273786837
2.915402547816444
2.915402547816444
2.910993068391082
2.9093462977834754
2.894240679758017
2.894240679758017
2.894240679758017
2.8890002250637385
2.8890002250637385
2.8890002250637385
2.8890002250637385
2.8831322343605468
2.8831322343605468
2.8831322343605468
2.8831322343605468
2.881334888139101
2.881334888139101
2.881334888139101
2.878896192102066
2.878896192102066
2.5943154701528233
2.483177408416638
2.483177408416638
2.4451673015909465
2.4451673015909465
2.4451673015909465
2.421012194054141
2.421012194054141
2.421012194054141
2.421012194054141
2.41398895405015
2.413964509753929
2.413964509753929
2.413224615648125
2.413224615648125
2.41293076592419
2.41293076592419
2.412854439930096
2.3402717865161238
2.3402717865161238
2.3381130724267036
2.3381130724267036
2.3381130724267036
2.3297764231259555
2.3297764231259555
2.329203886590875
2.3287910967179553
2.3285614136510846
2.3285614136510846
2.3285614136510846
2.3276034312273106
2.3273621950881482
2.3273621950881482
2.3273621950881482
2.324816081550524
2.324816081550524
2.2973546437352628
2.2966898155226003
2.2966898155226003
2.2966898155226003
2.296122312662747
2.255253077561359
2.2526874358580056
2.2526874358580056
2.2526874358580056
2.2526874358580056
2.2526874358580056
2.2526874358580056
2.2471520859877963
2.2471520859877963
2.2471520859877963
2.2471520859877963
2.244891110046723
2.1319790356502626
2.1319790356502626
2.1319790356502626
2.1319790356502626
2.1319790356502626
2.1319790356502626
2.1319790356502626
2.1319790356502626
2.1314585454528867
2.1164354112543613
2.11603570448111
2.1143597642280243
2.1143597642280243
2.1143597642280243
2.112088942588947
2.1088795012563106
2.038719984142888
2.0346738636226975
2.0346738636226975
2.0346738636226975
2.0346738636226975
2.0346738636226975
2.032675806762021
2.0318037911681293
2.031101330693054
2.031101330693054
2.031101330693054
2.031101330693054
2.029583016546739
2.002415894667289
2.002415894667289
2.0016893663474606
2.0007192644550917
2.0007192644550917
2.0007192644550917
2.000694807075665
2.000694807075665
1.9959796077668555
1.9959796077668555
1.9959796077668555
1.9959796077668555
1.9802689741921604
1.9802689741921604
1.9797765265170337
1.9771376817079909
1.977097312879303
1.977097312879303
1.9743391299911905
1.9683930186378737
1.9683930186378737
1.9683930186378737
1.9598491151806887
1.9598491151806887
1.9598491151806887
1.9520859770233665
1.9520859770233665
1.9171893185733269
1.9171893185733269
1.9171893185733269
1.9171893185733269
1.9171893185733269
1.9171893185733269
1.9164841773786945
1.9056313013535093
1.9056313013535093
1.9056313013535093
1.9053923586457964
1.8852001643316125
1.8852001643316125
1.8852001643316125
1.8852001643316125
1.8778833609916106
1.8778833609916106
1.8778833609916106
1.8778833609916106
1.8777213372909245
1.8777213372909245
1.8777213372909245
1.8777213372909245
1.8777213372909245
1.8777213372909245
1.87769727774035
1.87769727774035
1.87769727774035
1.87769727774035
1.87769727774035
1.8776291157053846
1.8776291157053846
1.8772900668525456
1.8724918700482374
1.8721828406817764
1.8713893902949748
1.8713893902949748
1.8713893316649677
1.8713893316649677
1.8713893316649677
1.8318043833396862
1.8318043833396862
1.8318043833396862
1.8309539353281878
1.8309539353281878
1.8309539353281878
1.8309539353281878
1.8247479219927358
1.8247479219927358
1.823191823608314
1.823191823608314
1.8231680269853077
1.814310406246087
1.814310406246087
1.814310406246087
1.8048027675538667
1.8048027675538667
1.7726572677071673
1.7726572677071673
1.7290955956258145
1.7290955956258145
1.7290955956258145
1.7290955956258145
1.7290955956258145
1.720658191669137
1.720658191669137
1.720658191669137
1.720658191669137
1.720658191669137
1.702354990518057
1.702354990518057
1.702354990518057
1.701049212165029
1.701049212165029
1.701049212165029
1.6980895889894643
1.6980895889894643
1.6939422159569437
1.6911241631412424
1.6911241631412424
1.6910647666950531
1.6900529723877031
1.6900529723877031
1.6418170766892073
1.6418170766892073
1.6418170766892073
1.635104148429291
1.6350754986960516
1.6298833224436928
1.6291695812859395
1.6291695812859395
1.6291475012332932
1.6291475012332932
1.6253896490490565
1.6253896490490565
1.6244881969441476
1.6106382021258492
1.6017446540749065
1.6016823835676157
1.6016823835676157
1.601022866498461
1.601022866498461
1.601022866498461
1.5992839033939308
1.5992839033939308
1.5984707594744763
1.5984662276871435
1.5984662276871435
1.5984662276871435
1.5984662276871435
1.5984662276871435
1.5984662276871435
1.5984662276871435
1.5978967066846081
1.5978093372572957
1.5976904944482375
1.5976904944482375
1.5970491022941968
1.5970491022941968
1.5964212636692496
1.5964212636692496
1.5964212636692496
1.5964212636692496
1.5964212636692496
1.5964212636692496
1.5964212636692496
1.5957744424533071
1.5957744424533071
1.5957744424533071
1.5957744424533071
1.339010561712532
1.339010561712532
1.3388577126121852
1.3317751748328197
1.3317751748328197
1.3311906957203195
1.3311906957203195
1.3311906957203195
1.3311906957203195
1.3311906957203195
1.330783623876955
1.330783623876955
1.330704941442029
1.3207999664799857
1.3193526327656848
1.3193526327656848
1.3191797971289487
1.3123917772238878
1.3122308010783978
1.3122308010783978
1.3122003866892644
1.3122003866892644
1.3122003866892644
1.3122003866892644
1.312141058542966
1.3121372046950963
1.3121372046950963
1.3121372046950963
1.3121372046950963
1.312128059699645
1.3119778515290899
1.3091458195959347
1.3091458195959347
1.3091458195959347
1.3091458195959347
1.3090957484611505
1.3081086195414964
1.3081086195414964
1.3081086195414964
1.3071193486110388
1.3069278464245695
1.3069278464245695
1.3069278464245695
1.3066704835454206
1.3066704835454206
1.3063733874324042
1.3063308049527733
1.3059625984049426
1.3059625984049426
1.305916559835057
1.3050463224524542
1.3045777901292963
1.292805646761442
1.292805646761442
1.292805646761442
1.2928021566629708
1.2927333290375076
1.2927333290375076
1.2927333290375076
1.292540479031811
1.2919863865935965
1.2919863865935965
1.291979972560868
1.291979972560868
1.291979972560868
1.291979972560868
1.2919493652806904
1.2919493652806904
1.2916433434571148
1.2916433434571148
1.291628330016822
1.2915526426848234
1.2915526426848234
1.2915526426848234
1.2914759849294553
1.2904840348058344
1.2904840348058344
1.2904840348058344
1.2902926138952777
1.290246346773353
1.2877651161003232
1.2877613123666203
1.2877613123666203
1.2877613123666203
1.2877613123666203
1.2877613123666203
1.2877613123666203
1.2838914168670539
1.2838914168670539
1.2838914168670539
1.2838914168670539
1.2830953378247103
1.2828563373493347
1.282058442632583
1.282058442632583
1.28027352849205
1.2793515677630847
1.2793515677630847
1.2790294338825294
1.2790294338825294
1.2790294338825294
1.2785457400137
1.2780255500446942
1.2780255500446942
1.2780255500446942
1.278012264238884
1.2780121846998362
1.2780121846998362
1.277933100964342
1.277933100964342
