10347.652082021223
10080.646607313376
9483.618980516865
9483.618980516865
9483.618980516865
9320.090240882964
8889.843888110701
8889.843888110701
8783.929428229396
8669.620959414253
8669.620959414253
8630.115544757722
8630.115544757722
8438.23773271974
8424.752726601471
8245.174200252062
8102.657067315618
7862.068772291627
7365.532946611233
7282.988560198378
7282.988560198378
7267.0253465694905
7267.0253465694905
7030.7224138397005
7030.7224138397005
7030.7224138397005
6821.280222928676
6821.280222928676
6730.801456556231
6458.9721410852735
6458.9721410852735
6350.534105111467
5853.217235824507
5853.217235824507
5853.217235824507
5853.217235824507
5560.138640454229
5557.787102544206
5557.787102544206
5542.803459429769
5393.346883405772
5393.346883405772
5393.346883405772
5393.346883405772
5393.346883405772
5393.346883405772
5393.346883405772
5393.346883405772
5295.447760585171
5250.533081403424
4767.020048513644
4741.543296418283
4741.543296418283
4696.411357079282
4417.643688099612
4417.643688099612
4397.053257045435
4397.053257045435
4397.053257045435
4273.031221531208
4185.6216487819
4185.6216487819
4172.723647253772
4172.723647253772
4054.1981663546794
4054.1981663546794
4054.1981663546794
4054.1981663546794
3836.849919711365
3832.2888937091047
3792.4874409114746
3792.4874409114746
3732.815069289638
3732.815069289638
3732.815069289638
3732.815069289638
3582.9259759146007
3582.9259759146007
3449.178273669888
3310.620220480532
3310.620220480532
3055.435220504469
3055.435220504469
2948.6283721356704
2934.340150466298
2934.340150466298
2803.3449168190036
2760.3253745487145
2752.3187555202167
2752.3187555202167
2750.329858470792
2750.329858470792
2750.329858470792
2750.329858470792
2750.329858470792
2749.2020957260465
2453.289190614225
2453.289190614225
2452.8037761712385
2452.8037761712385
2265.714412404179
2265.714412404179
2179.121847101964
2179.121847101964
2063.548368495749
2063.548368495749
2063.548368495749
2063.1191102622306
1833.4639239363914
1833.4639239363914
1825.9035393692666
1821.338604629178
1812.5734109252699
1811.9495098604075
1808.6839024931523
1618.617203762622
1618.513451776662
1616.3708788091735
1549.2690704018078
1520.326198750694
1475.736904211397
1443.329015481384
1428.048358383132
1253.1592158833391
1241.7467040296142
1241.7467040296142
1241.7467040296142
1241.7272330396918
1239.894195197372
1230.6339757757614
1230.6339757757614
1035.2706673679186
1032.5097745002295
1032.5097745002295
1032.1712625367963
1032.1712625367963
1032.1712625367963
1032.1312588279798
1032.0079098917577
914.6673646353374
905.5870883946045
904.9942118087492
904.7866265770972
904.7643444774621
873.3830037937696
792.8463513583501
758.8123323366563
758.8123323366563
756.9020329060368
744.4092024859201
744.4092024859201
744.2975712001498
744.2895895411293
658.8257892344263
658.8257892344263
648.6370528428452
623.7038959923393
612.1776325231167
599.2745548538933
568.5117189978082
533.4112377739166
474.71537375265507
471.7056884193935
471.7056884193935
421.20389355005864
413.6569687406245
405.4551690514636
405.42063923541355
384.4060018617565
383.47601517330804
383.381385781684
383.26703602640373
382.9736117581997
382.9704020250065
382.9704020250065
287.52824478524053
287.52824478524053
287.46628317601426
287.46628317601426
285.612643372875
274.55501390792233
266.83420273284355
266.83420273284355
258.3478444967659
258.346406893761
253.2247645783682
252.1467535109041
251.54636569920513
251.5125251113368
250.52488668204933
250.40105434562793
238.20347815623063
233.9897260085727
233.42129320479035
233.42057043509885
230.5402476711206
230.5402476711206
230.4677104802886
230.45381306351555
230.45381306351555
230.45381306351555
230.453572464643
225.0423297651323
224.18404566295794
224.18404566295794
224.18404566295794
224.18404566295794
224.18404566295794
224.16596977328481
217.77612764127298
217.77612764127298
213.4886912578986
204.10832364093767
154.8431691389451
154.8431691389451
154.82757429691628
154.8275697392346
154.8275697392346
154.8275697392346
154.82026248400143
119.92870199168101
119.92870199168101
119.92870199168101
119.92870199168101
119.92870199168101
119.9271691992908
119.90692921333539
119.90692921333539
119.90668274669406
119.90668274669406
119.88517960446916
119.88478273283908
119.88478273283908
119.88457996289253
119.74942736493722
119.74902089910938
119.74902089910938
119.59291628917526
119.59218777006026
119.59071480221246
119.5904200500554
119.5904200500554
119.5904200500554
119.58930297682127
119.02535809259098
119.02535509163499
119.02535509163499
119.02238640612632
119.02238631772161
118.97898752374203
118.9784993361227
118.97033343017574
118.94193144069322
118.94193144069322
118.9261653159574
118.9261653159574
118.92599658296604
118.92494587273904
118.92490191898469
118.91782382442398
118.91775112077266
118.91775112077266
118.91769338338236
118.89135484312283
118.60541714738974
118.60541714738974
118.57716513591731
118.57714646307613
118.57068460663686
118.57036800564856
118.57036800564856
118.54634401123076
118.5462346486238
118.54552223675819
118.54461007954524
118.54461007954524
118.54460767663113
118.54445667720029
118.54445630616283
118.47062136352179
118.47062136352179
118.47062136352179
118.47062136352179
118.47062136352179
118.4704639853444
118.4704639853444
118.4704639853444
118.4704548133559
118.47045193063241
118.47042590815909
118.47042590815909
118.47042590815909
118.47042590815909
118.47042577090178
118.47042577090178
118.47042577090178
118.47042577090178
118.47042577090178
118.44529947311457
118.44529947311457
118.44529947311457
118.44529947311457
118.44436010596473
118.44436010596473
118.44436010596473
118.44436010596473
118.44210481631853
118.44210441691939
118.44208469967089
118.44208469967089
118.44208469967089
118.44164028236446
118.44164028236446
118.44161962575163
118.44147807312584
118.43963362785507
118.43963362785507
118.4395811056238
118.4395811056238
118.4395811056238
118.43958091337663
118.43958091337663
118.43927883348078
118.4392785329801
118.43927824864113
118.43927824864113
118.43927824864113
118.43927824864113
118.43927816616815
118.43924148541373
118.43924075009272
118.43923976946462
118.43922778241176
118.4392270335411
118.43922701635893
118.43922700814255
118.4385670787633
118.43856690189568
118.43845496058202
118.43845465414051
118.43845465414051
118.43845459228396
118.43845459228396
118.43845459228396
118.43845391301875
118.43845391301875
118.43845379655613
118.43845379655613
118.43845379655613
118.43844956226167
118.43844956030443
118.43841294962476
118.43841244585929
118.43841020482068
118.43840872318106
118.43840800493854
118.4383687702757
118.43836862604076
118.43836862596436
118.43836862596436
118.43836862596436
118.43836854148321
118.4383679278435
118.43835772849525
118.43835758952991
118.43835758952991
118.43835749347636
118.43835749347636
118.43835695620146
118.43835695041344
118.43835241867237
118.43835241867237
118.43835175929053
118.438351608218
118.438351608218
118.438351608218
118.43834810514272
118.43834810514272
118.43834349020653
118.43834349020653
118.43833844728033
118.43833843126231
118.43833829602409
118.43833824032299
118.43833824032299
118.43833817315863
118.43833813861602
118.4383378423936
118.4383378423936
118.43833779639499
118.43833779639499
118.43833706248006
118.4383370623018
118.4383370623018
118.4383370614687
118.4383370614687
118.4383370614687
118.43833705949692
118.43833705944598
118.43833705944598
118.43833705944598
118.43833705929319
118.43833705882753
118.43833705882753
118.43833700780488
118.43833699748029
118.43833699748029
118.43833699730203
118.4383369962543
118.43833699606148
118.43833699479546
118.43833699477727
118.43833553309923
118.43833553309923
118.43833553309923
118.43833553309923
118.43833553309923
118.43833553309923
118.43833482376067
118.43833482376067
118.43833481839101
118.43833481839101
118.4383347174662
118.43833469737365
118.43833469737365
118.43833469737365
118.43833469737365
118.43833469675519
118.4383346736904
118.43833467365039
118.43833467343029
118.438334672981
118.43833466938122
118.43833466938122
118.43833466938122
118.4383346693794
118.43833466660362
118.43833466657634
118.4383346559207
118.4383346481718
118.4383346481718
118.43833464365889
118.43833464293675
118.43833464197814
118.4383346412269
118.43833463645387
118.43833463645024
118.43833463644842
118.4383346364466
118.4383346364466
118.43833463641386
118.43833463641386
118.43833463633382
118.43833463633382
118.43833463633382
118.43833463067676
118.43833463011288
118.43833462855582
118.43833462855582
118.43833462694965
118.43833462694965
118.438334626906
118.438334626906
118.43833462442853
118.43833462442853
118.43833462326802
118.43833462041766
118.43833462037219
118.43833462029761
118.43833461986287
118.43833461986287
118.43833461984468
118.43833461984468
118.43833461984468
118.43833461984468
118.43833461984468
118.4383346193863
118.4383346193863
118.4383346193863
118.43833461938084
118.43833461914983
118.43833461780923
118.43833461571558
118.43833461571558
118.43833461567374
118.43833461567374
118.43833461567374
118.43833461567374
118.4383346154209
118.4383346154209
118.43833461495342
118.43833461495342
118.43833461491704
118.43833461491704
118.43833461491704
118.43833461491704
118.43833461491704
118.43833461486611
118.43833461486611
118.4383346148552
118.43833461482791
118.438334614817
118.438334614817
118.43833461460235
118.43833461460235
118.43833461460235
118.43833461460054
118.43833461459144
118.43833461459144
118.43833461459144
118.43833461459144
118.43833461459144
118.43833461459144
118.43833461459144
118.43833461458053
118.43833461458053
118.43833461455688
118.4383346145114
118.43833461450049
118.43833461449867
118.43833461449867
118.43833461449867
118.43833461449867
118.43833461449867
118.43833461449867
118.43833461449867
118.43833461447684
118.43833461447684
118.43833461447684
118.43833461447684
118.43833461447502
118.43833461447502
118.4383346144732
118.43833461446593
118.43833461446593
118.43833461446593
118.43833461446593
118.43833461446593
118.43833461446593
118.43833461445865
118.43833461445683
118.43833461445683
118.43833461445683
118.4383346144532
118.4383346144532
118.4383346144532
118.4383346144532
118.4383346144532
118.4383346144532
118.4383346144532
118.4383346144532
118.4383346144532
118.4383346144532
118.43833461445138
118.43833461444956
118.43833461444956
118.43833461444956
118.43833461444774
118.43833461444774
118.43833461444774
118.43833461444774
118.43833461444774
118.43833461444774
118.43833461444774
118.43833461444774
118.43833461444774
118.43833461444774
118.43833461444774
118.43833461444774
118.43833461444774
118.43833461444774
118.43833461444774
118.43833461444774
118.43833461444774
118.43833461444774
118.43833461444592
118.43833461444592
118.43833461444592
118.43833461444592
118.43833461444592
118.43833461444592
118.43833461444592
118.43833461444592
118.43833461444592
118.43833461444592
118.43833461444592
118.43833461444592
118.43833461444592
118.43833461444592
118.43833461444592
118.43833461444592
118.43833461444592
118.43833461444592
118.43833461444592
118.43833461444592
118.43833461444592
118.43833461444592
118.43833461444592
118.43833461444592
118.43833461444592
118.43833461444592
118.43833461444592
118.43833461444592
118.43833461444592
118.43833461444592
118.43833461444592
118.43833461444592
118.43833461444592
118.43833461444592
118.43833461444592
118.43833461444592
118.43833461444592
118.4383346144441
118.4383346144441
118.4383346144441
118.4383346144441
118.4383346144441
118.4383346144441
118.4383346144441
118.4383346144441
118.4383346144441
118.4383346144441
118.4383346144441
118.4383346144441
118.4383346144441
118.4383346144441
118.4383346144441
118.4383346144441
118.4383346144441
118.4383346144441
118.4383346144441
118.4383346144441
118.4383346144441
118.4383346144441
118.4383346144441
118.4383346144441
118.4383346144441
118.4383346144441
118.4383346144441
118.4383346144441
118.4383346144441
118.4383346144441
118.4383346144441
118.4383346144441
118.4383346144441
118.4383346144441
118.4383346144441
118.4383346144441
118.4383346144441
118.4383346144441
118.4383346144441
118.4383346144441
118.4383346144441
118.4383346144441
118.4383346144441
118.4383346144441
118.4383346144441
118.4383346144441
118.4383346144441
118.4383346144441
118.4383346144441
118.4383346144441
118.4383346144441
118.4383346144441
118.4383346144441
118.4383346144441
118.4383346144441
118.4383346144441
118.4383346144441
118.4383346144441
118.4383346144441
118.4383346144441
118.4383346144441
118.4383346144441
118.4383346144441
118.4383346144441
118.4383346144441
118.4383346144441
118.4383346144441
118.4383346144441
118.4383346144441
118.4383346144441
118.4383346144441
118.4383346144441
118.4383346144441
118.4383346144441
118.4383346144441
118.4383346144441
118.4383346144441
118.4383346144441
118.4383346144441
118.4383346144441
118.4383346144441
118.4383346144441
118.4383346144441
118.4383346144441
118.4383346144441
118.4383346144441
118.4383346144441
118.4383346144441
118.4383346144441
118.4383346144441
118.4383346144441
118.4383346144441
118.4383346144441
118.4383346144441
118.4383346144441
118.4383346144441
118.4383346144441
118.4383346144441
118.4383346144441
118.4383346144441
118.4383346144441
118.4383346144441
118.4383346144441
118.4383346144441
118.4383346144441
118.4383346144441
118.4383346144441
118.4383346144441
118.4383346144441
118.4383346144441
118.4383346144441
118.4383346144441
118.4383346144441
118.4383346144441
118.4383346144441
118.4383346144441
118.4383346144441
118.4383346144441
118.4383346144441
118.4383346144441
118.4383346144441
118.4383346144441
118.4383346144441
118.4383346144441
118.4383346144441
118.4383346144441
118.4383346144441
118.4383346144441
118.4383346144441
118.4383346144441
118.4383346144441
118.4383346144441
118.4383346144441
118.4383346144441
118.4383346144441
118.4383346144441
118.4383346144441
118.4383346144441
118.4383346144441
118.4383346144441
118.4383346144441
118.4383346144441
118.4383346144441
118.4383346144441
118.4383346144441
118.4383346144441
118.4383346144441
118.4383346144441
118.4383346144441
118.4383346144441
118.4383346144441
118.4383346144441
118.4383346144441
118.4383346144441
118.4383346144441
118.4383346144441
118.4383346144441
118.4383346144441
118.4383346144441
118.4383346144441
118.4383346144441
118.4383346144441
118.4383346144441
118.4383346144441
118.4383346144441
118.4383346144441
118.4383346144441
118.4383346144441
118.4383346144441
118.4383346144441
118.4383346144441
118.4383346144441
118.4383346144441
118.4383346144441
118.4383346144441
118.4383346144441
118.4383346144441
118.4383346144441
118.4383346144441
118.4383346144441
118.4383346144441
118.4383346144441
118.4383346144441
118.4383346144441
118.4383346144441
118.4383346144441
118.4383346144441
118.4383346144441
118.4383346144441
118.4383346144441
118.4383346144441
118.4383346144441
118.4383346144441
118.4383346144441
118.4383346144441
118.4383346144441
118.4383346144441
118.4383346144441
118.4383346144441
118.4383346144441
118.4383346144441
118.4383346144441
118.4383346144441
118.4383346144441
118.4383346144441
118.4383346144441
118.4383346144441
118.4383346144441
118.4383346144441
118.4383346144441
118.4383346144441
118.4383346144441
118.4383346144441
118.4383346144441
118.4383346144441
118.4383346144441
118.4383346144441
118.4383346144441
118.4383346144441
118.4383346144441
118.4383346144441
118.4383346144441
118.4383346144441
118.4383346144441
118.4383346144441
118.4383346144441
118.4383346144441
118.4383346144441
118.4383346144441
118.4383346144441
118.4383346144441
118.4383346144441
118.4383346144441
118.4383346144441
118.4383346144441
118.4383346144441
118.4383346144441
118.4383346144441
118.4383346144441
118.4383346144441
118.4383346144441
118.4383346144441
118.4383346144441
118.4383346144441
118.4383346144441
118.4383346144441
118.4383346144441
118.4383346144441
118.4383346144441
118.4383346144441
118.4383346144441
118.4383346144441
118.4383346144441
118.4383346144441
118.4383346144441
118.4383346144441
118.4383346144441
118.4383346144441
118.4383346144441
118.4383346144441
118.4383346144441
118.4383346144441
118.4383346144441
118.4383346144441
118.4383346144441
118.4383346144441
118.4383346144441
118.4383346144441
118.4383346144441
118.4383346144441
118.4383346144441
118.4383346144441
118.4383346144441
118.4383346144441
118.4383346144441
118.4383346144441
118.4383346144441
118.4383346144441
118.4383346144441
118.4383346144441
118.4383346144441
118.4383346144441
118.4383346144441
118.4383346144441
118.4383346144441
118.4383346144441
118.4383346144441
118.4383346144441
118.4383346144441
118.4383346144441
118.4383346144441
118.4383346144441
118.4383346144441
118.4383346144441
118.4383346144441
118.4383346144441
118.4383346144441
118.4383346144441
118.4383346144441
118.4383346144441
118.4383346144441
118.4383346144441
118.4383346144441
118.4383346144441
118.4383346144441
118.4383346144441
118.4383346144441
118.4383346144441
118.4383346144441
118.4383346144441
118.4383346144441
118.4383346144441
118.4383346144441
118.4383346144441
118.4383346144441
118.4383346144441
118.4383346144441
118.4383346144441
118.4383346144441
118.4383346144441
118.4383346144441
118.4383346144441
118.4383346144441
118.4383346144441
118.4383346144441
118.4383346144441
118.4383346144441
118.4383346144441
118.4383346144441
118.4383346144441
118.4383346144441
118.4383346144441
118.4383346144441
118.4383346144441
118.4383346144441
118.4383346144441
118.4383346144441
118.4383346144441
118.4383346144441
118.4383346144441
118.4383346144441
118.4383346144441
118.4383346144441
118.4383346144441
118.4383346144441
118.4383346144441
118.4383346144441
118.4383346144441
118.4383346144441
118.4383346144441
118.4383346144441
118.4383346144441
118.4383346144441
118.4383346144441
118.4383346144441
118.4383346144441
118.4383346144441
118.4383346144441
118.4383346144441
118.4383346144441
118.4383346144441
118.4383346144441
118.4383346144441
118.4383346144441
118.4383346144441
118.4383346144441
118.4383346144441
118.4383346144441
118.4383346144441
118.4383346144441
118.4383346144441
118.4383346144441
118.4383346144441
118.4383346144441
118.4383346144441
118.4383346144441
118.4383346144441
118.4383346144441
118.4383346144441
118.4383346144441
118.4383346144441
118.4383346144441
118.4383346144441
118.4383346144441
118.4383346144441
118.4383346144441
118.4383346144441
118.4383346144441
