75961.33748833291
70823.48917620275
70529.68521121782
62082.48585720835
60404.213734644
60404.213734644
60101.404054932915
56473.97780894007
50068.047238048195
47334.837404124606
46767.02217955989
46558.69392259862
41403.11763770756
41142.13495683992
41142.13495683992
34204.41567878044
34197.56562988224
33982.133084992034
33982.133084992034
26059.56230737955
24567.335677209725
24567.335677209725
22308.351414186476
22308.351414186476
21800.19436791597
21800.19436791597
21722.486970795704
19378.98202265453
18854.510592004364
18854.510592004364
18561.248341290386
17064.68920682296
15869.563710971306
14876.232715236547
13648.088782524494
13648.088782524494
13356.75846055328
13356.75846055328
13356.75846055328
13356.75846055328
9896.655953786005
8286.207458529187
4083.4306422387044
3989.461866790052
3211.8274210513746
3211.8274210513746
3197.6467992004937
3197.6467992004937
3197.6467992004937
3160.1094465166075
3160.1094465166075
3085.3134542393846
3054.030602069181
2492.9032441676673
1811.988525247333
1811.988525247333
1811.988525247333
1811.988525247333
1790.6318803870784
1785.4212551764479
1598.762881921339
1526.8672538389242
1510.9905039116645
1478.1096774827754
865.9766779128913
865.9766779128913
816.5934460849693
791.4902148753582
548.2677677521646
548.2677677521646
535.578776553771
535.578776553771
535.578776553771
515.2716135753926
515.2716135753926
386.4945368100594
384.68992713900803
369.3392092032146
369.3392092032146
305.939319824925
305.939319824925
291.09103070613355
257.8720518498233
221.98550393062803
221.98550393062803
217.88569918919833
217.84002468686282
209.14507033409208
209.14507033409208
155.98279647046186
107.37158606779018
106.6154265501717
106.58101636047884
105.81610706334293
99.17783821367466
99.17783821367466
99.17783821367466
98.01030691527613
64.41718302141449
64.41718302141449
45.68474854577242
45.64392446011921
45.64392446011921
45.36256240144134
42.31756661897241
42.02444555929509
38.86822769969263
38.86822769969263
37.98994158983185
37.837161619619145
30.84241031972163
30.84241031972163
30.766508619207947
30.555165666174187
28.28446229971222
28.28446229971222
24.501171360095302
24.49654620484047
9.68529911531088
8.647769512080735
8.647769512080735
8.647769512080735
8.647769512080735
8.580439178282173
8.09368315483874
7.591692349349063
6.45853338121258
6.45853338121258
6.45853338121258
6.252426528872194
6.252426528872194
6.245423904182821
6.227753600782387
5.4833959883281995
5.4833959883281995
5.4833959883281995
5.4833959883281995
3.592100736164424
3.592100736164424
3.0859335008555564
2.121944905448463
2.121944905448463
2.095059101437856
2.087942984872742
2.0498869643896396
2.0269753474987056
1.3530147870626485
1.3476401892121572
1.3476401892121572
1.2690534021914295
1.2667311023169128
1.0740935158236224
1.0602612197955454
1.0602612197955454
1.0568901977484313
1.0568901977484313
0.9113022233172529
0.6006798815825585
0.5826410205156966
0.5826410205156966
0.41277571144260733
0.4108614348580689
0.4108614348580689
0.4108614348580689
0.40924548730377336
0.4079388534801212
0.4041407741210976
0.27871131291636775
0.2736005392279028
0.2736005392279028
0.25073835663448146
0.1377358080056534
0.13745931253371912
0.13745931253371912
0.13745931253371912
0.11639559034839754
0.11353226575847845
0.09856602265583635
0.098484879573049
0.098484879573049
0.0984604722483521
0.0984604722483521
0.0761176168246696
0.07584820713871204
0.05713087337671876
0.055716194477844844
0.055513041648853116
0.055513041648853116
0.053170047541219005
0.05104724496023323
0.030103833692263077
0.03008731691764356
0.029126688407178122
0.029126688407178122
0.024023170844987323
0.022745906597220533
0.022044122503547474
0.022044122503547474
0.021874116723835397
0.014713550493893135
0.014346936098270603
0.014341845787747482
0.014171728539467241
0.012988829745557009
0.012891117589263226
0.007183602359763444
0.007183602359763444
0.005839620276551828
0.005839620276551828
0.005822221331381893
0.005006914485283322
0.004936098782871734
0.004850879388055133
0.0046367841217425125
0.00456024798943528
0.00456024798943528
0.0032603146048148434
0.0032529062112136406
0.003252496987590918
0.00229616142051675
0.0022917243161012404
0.0022899879782416243
0.002289562388844893
0.00214201939085702
0.00214201939085702
0.001199664949246145
0.001199664949246145
0.001199664949246145
0.0011996101240294645
0.0011938178063746069
0.0011885480243399532
0.0011018277466157825
0.0009597000408369035
0.0009076258554742054
0.000874370951131786
0.0007328532189526327
0.0007328532189526327
0.00040679558374681705
0.00039682878068454745
0.0003967127572667878
0.00039656512969287193
0.00029066202876922937
0.00028955754829204633
0.00028829177366838097
0.00028829177366838097
0.00021296996793769104
0.00021083949905606757
0.00019815386974361175
0.00014691322270024364
0.00014691322270024364
0.00014691322270024364
0.0001454280810606719
0.0001454280810606719
0.00011441410276818675
0.00011315968828062704
0.00011110175114307949
0.00010590486776667871
0.00010260629069015664
0.00010260629069015664
5.218796652803855e-05
5.073816487738426e-05
5.061782801791414e-05
5.061782801791414e-05
4.996718589755684e-05
3.718849896767267e-05
3.718849896767267e-05
3.6230224016691485e-05
3.6230224016691485e-05
3.6229921243082946e-05
3.5533210316154676e-05
3.092885489431562e-05
3.0882682577520236e-05
3.081670400792354e-05
2.888541447789308e-05
2.8732117905926574e-05
1.9453835987768246e-05
1.9453835987768246e-05
1.8966182269725406e-05
1.896057129619e-05
1.896057129619e-05
1.718216839134686e-05
1.6911353849061232e-05
1.4661591051639705e-05
1.4633808518529737e-05
1.3703754652455556e-05
1.1270576105626382e-05
1.120428890569126e-05
9.930882034260246e-06
7.158221805591634e-06
6.955527098056901e-06
6.955527098056901e-06
6.3323379352269815e-06
3.203913184123087e-06
3.203913184123087e-06
3.203913184123087e-06
3.191987523770956e-06
2.7608798821095025e-06
2.7608798821095025e-06
2.7332937041643267e-06
2.7332937041643267e-06
2.579580959081785e-06
2.5469705956172546e-06
2.540083209471282e-06
2.3057600154156737e-06
2.1308806148961816e-06
2.1308806148961816e-06
2.1025310562816713e-06
2.0960720965046823e-06
2.0960720965046823e-06
2.0934400584151435e-06
2.092808684139097e-06
1.5423467923784007e-06
1.5423467923784007e-06
1.541675217966387e-06
8.293787136313518e-07
8.293787136313518e-07
8.293787136313518e-07
8.293787136313518e-07
6.685611312460878e-07
6.678069113916719e-07
6.64831136616203e-07
4.852805957702606e-07
4.832527066609183e-07
4.831354079859887e-07
4.5334814148992386e-07
4.5334814148992386e-07
4.230298114956263e-07
4.230298114956263e-07
4.053304154383017e-07
3.7253638864092564e-07
3.7253638864092564e-07
3.682695688629763e-07
3.0136159798975246e-07
3.0136159798975246e-07
3.0136159798975246e-07
2.1058508263289487e-07
2.073485919152801e-07
1.23174893860787e-07
1.1491525600984163e-07
1.1491525600984163e-07
1.1491525600984163e-07
5.7091890184500185e-08
5.7091890184500185e-08
5.7091890184500185e-08
5.7091890184500185e-08
5.7091890184500185e-08
5.704031479368984e-08
5.704031479368984e-08
5.704031479368984e-08
5.591095501148696e-08
5.3286003672342066e-08
5.226667683024731e-08
5.226667683024731e-08
4.8581440751537835e-08
3.991093024040633e-08
3.991093024040633e-08
3.5666657483872664e-08
3.560691809209242e-08
3.560691809209242e-08
2.6916199856884653e-08
2.6912669709866858e-08
2.6246702383690292e-08
2.4844384963502063e-08
1.8187455584739344e-08
1.7233641155214293e-08
1.7183499224889854e-08
1.7182338214351716e-08
1.71821249903312e-08
1.695586865232915e-08
1.6114805379566544e-08
1.58726444984718e-08
1.2403273692510563e-08
1.1468186352822533e-08
5.707661124800686e-09
5.53877387105823e-09
5.528537364101611e-09
5.4426002263869865e-09
5.4426002263869865e-09
4.441301561381867e-09
4.441193090668006e-09
2.9088125782760356e-09
2.719965346133437e-09
2.545550159938764e-09
2.5311979750714253e-09
2.5267825460853117e-09
1.9872287051588512e-09
1.9642911775776544e-09
1.949441136354601e-09
1.919437038450356e-09
1.919437038450356e-09
1.8056238211242488e-09
1.8054946452901111e-09
1.8053281343744793e-09
1.8053281343744793e-09
1.492383726082296e-09
1.492383726082296e-09
1.3161699767575818e-09
1.3145829562792049e-09
1.314311010963017e-09
1.314311010963017e-09
6.728019903238458e-10
6.728019903238458e-10
6.728019903238458e-10
6.706982640170749e-10
6.706982640170749e-10
6.629053109043176e-10
6.399897713062236e-10
4.988461561619651e-10
4.976874264732227e-10
4.733404539724434e-10
4.733404539724434e-10
4.733404539724434e-10
4.733404539724434e-10
4.730685875917682e-10
4.730685875917682e-10
4.730685875917682e-10
4.722597775088941e-10
4.63205942072896e-10
4.104095175168508e-10
4.104095175168508e-10
3.5056236416386445e-10
2.9125431882669643e-10
1.7795322477545617e-10
1.779514734254949e-10
1.7792158082851418e-10
1.6186330908296918e-10
1.6186330908296918e-10
1.6186330908296918e-10
1.354211682477122e-10
1.2661908663103073e-10
1.1024218351463625e-10
1.1024218351463625e-10
1.1012696276447625e-10
7.649216493415761e-11
6.873714242946931e-11
6.873714242946931e-11
6.872728176454854e-11
6.872728176454854e-11
5.6266136829562875e-11
5.6266136829562875e-11
4.911837689811626e-11
4.775341235115262e-11
4.608007192094982e-11
4.500595638400811e-11
2.5518570923486154e-11
2.5517394858098205e-11
2.5517394858098205e-11
2.1202901145316773e-11
2.0385392425557887e-11
1.2982690195209919e-11
1.2982690195209919e-11
1.2853240910278947e-11
1.0874904161586287e-11
1.0874904161586287e-11
1.0874904161586287e-11
1.0678839045337544e-11
1.0575886882370102e-11
1.0575886882370102e-11
9.142555893436623e-12
6.983485182626336e-12
6.968192289983041e-12
6.646340733115585e-12
6.292354955884469e-12
3.710676144620735e-12
3.3401652732506326e-12
3.311879393786924e-12
3.2268726807642064e-12
3.164727250420411e-12
3.164727250420411e-12
3.1373383787471354e-12
3.1036105835265376e-12
3.1036105835265376e-12
2.8467474164250773e-12
2.8397304952832113e-12
2.8389238471844904e-12
2.837631561545197e-12
1.2326820908617825e-12
1.1300546877510765e-12
1.1300546877510765e-12
1.1259881051370792e-12
1.1259881051370792e-12
1.1259881051370792e-12
1.1259881051370792e-12
1.0808084892226459e-12
1.077805857398997e-12
1.0117422305697085e-12
1.0095813975305935e-12
1.0095813975305935e-12
1.0095813975305935e-12
7.824256536913211e-13
7.378684545535616e-13
7.376420209308196e-13
7.376420209308196e-13
3.6286959347817273e-13
3.486073259387473e-13
3.486073259387473e-13
2.747743974796814e-13
2.747743974796814e-13
2.403591437443419e-13
2.333949711616127e-13
1.7063831293789773e-13
1.698299003627952e-13
1.213214296960025e-13
1.0954730052173818e-13
1.0934685593238473e-13
1.0934685593238473e-13
1.0594703409662445e-13
1.0594703409662445e-13
1.0553293258248253e-13
1.0446665617792903e-13
1.0322152611387002e-13
1.0322152611387002e-13
1.0188596269922863e-13
9.983931919993645e-14
9.983931919993645e-14
4.097171237683958e-14
4.082863953211769e-14
4.082863953211769e-14
4.082863953211769e-14
4.082863953211769e-14
4.0623983826791626e-14
4.0623983826791626e-14
2.836927401523197e-14
2.2711928079389395e-14
2.2481673574128146e-14
2.2481673574128146e-14
2.2244358389310786e-14
2.2244358389310786e-14
2.2244358389310786e-14
2.2244358389310786e-14
2.2244358389310786e-14
2.2244358389310786e-14
9.954518203940223e-15
9.954518203940223e-15
8.882533439300614e-15
8.882533439300614e-15
8.882533439300614e-15
8.882533439300614e-15
8.482088850722969e-15
8.482088850722969e-15
8.482088850722969e-15
8.482088850722969e-15
8.482088850722969e-15
7.298147617399151e-15
5.38253690526745e-15
5.38253690526745e-15
5.38253690526745e-15
4.797119695328545e-15
4.797119695328545e-15
4.797119695328545e-15
4.797119695328545e-15
4.071109828151472e-15
4.071109828151472e-15
4.071109828151472e-15
3.7974928420109914e-15
3.7974928420109914e-15
3.7974928420109914e-15
3.7974928420109914e-15
2.362093075267971e-15
2.362093075267971e-15
2.362093075267971e-15
1.8321862132723806e-15
1.8321862132723806e-15
1.8321862132723806e-15
1.8321862132723806e-15
1.8321862132723806e-15
1.8321862132723806e-15
1.8321862132723806e-15
1.8321862132723806e-15
1.8321862132723806e-15
1.8321862132723806e-15
1.8321862132723806e-15
1.7711735511410833e-15
1.524926236707657e-15
1.524926236707657e-15
1.524926236707657e-15
1.524926236707657e-15
1.524926236707657e-15
1.3661830422342394e-15
1.3661830422342394e-15
1.2705233608793265e-15
1.0268077144989826e-15
1.0268077144989826e-15
9.808082346633205e-16
9.808082346633205e-16
9.808082346633205e-16
9.808082346633205e-16
9.808082346633205e-16
9.808082346633205e-16
9.808082346633205e-16
9.808082346633205e-16
8.826073272232275e-16
8.826073272232275e-16
8.826073272232275e-16
8.826073272232275e-16
7.182865699593992e-16
7.182865699593992e-16
7.182865699593992e-16
7.182865699593992e-16
7.182865699593992e-16
7.182865699593992e-16
7.182865699593992e-16
7.182865699593992e-16
7.182865699593992e-16
7.182865699593992e-16
7.182865699593992e-16
7.182865699593992e-16
7.182865699593992e-16
7.182865699593992e-16
7.182865699593992e-16
7.182865699593992e-16
7.182865699593992e-16
7.182865699593992e-16
7.182865699593992e-16
7.182865699593992e-16
7.182865699593992e-16
7.182865699593992e-16
7.182865699593992e-16
7.182865699593992e-16
7.182865699593992e-16
6.899143440229419e-16
6.899143440229419e-16
6.899143440229419e-16
6.899143440229419e-16
6.899143440229419e-16
6.899143440229419e-16
6.899143440229419e-16
6.899143440229419e-16
6.899143440229419e-16
6.899143440229419e-16
6.899143440229419e-16
6.899143440229419e-16
6.899143440229419e-16
6.899143440229419e-16
6.899143440229419e-16
6.899143440229419e-16
6.899143440229419e-16
6.899143440229419e-16
6.899143440229419e-16
6.899143440229419e-16
6.899143440229419e-16
6.899143440229419e-16
6.899143440229419e-16
6.899143440229419e-16
6.899143440229419e-16
6.899143440229419e-16
6.899143440229419e-16
6.899143440229419e-16
6.899143440229419e-16
6.899143440229419e-16
6.899143440229419e-16
6.899143440229419e-16
6.899143440229419e-16
6.899143440229419e-16
6.899143440229419e-16
6.899143440229419e-16
6.899143440229419e-16
6.899143440229419e-16
6.899143440229419e-16
6.899143440229419e-16
6.899143440229419e-16
6.899143440229419e-16
6.899143440229419e-16
6.899143440229419e-16
6.899143440229419e-16
6.899143440229419e-16
6.899143440229419e-16
6.899143440229419e-16
6.899143440229419e-16
6.899143440229419e-16
6.899143440229419e-16
6.899143440229419e-16
6.899143440229419e-16
6.438749329242346e-16
6.438749329242346e-16
6.438749329242346e-16
6.438749329242346e-16
6.438749329242346e-16
6.438749329242346e-16
6.438749329242346e-16
6.438749329242346e-16
6.438749329242346e-16
5.549633361289685e-16
5.549633361289685e-16
5.549633361289685e-16
5.549633361289685e-16
5.549633361289685e-16
5.549633361289685e-16
5.549633361289685e-16
5.549633361289685e-16
5.549633361289685e-16
5.549633361289685e-16
5.549633361289685e-16
5.549633361289685e-16
5.549633361289685e-16
5.549633361289685e-16
5.549633361289685e-16
5.549633361289685e-16
5.549633361289685e-16
5.549633361289685e-16
5.549633361289685e-16
5.549633361289685e-16
5.549633361289685e-16
5.549633361289685e-16
5.549633361289685e-16
5.549633361289685e-16
5.549633361289685e-16
5.549633361289685e-16
5.549633361289685e-16
5.549633361289685e-16
5.549633361289685e-16
5.549633361289685e-16
5.549633361289685e-16
5.549633361289685e-16
5.549633361289685e-16
5.549633361289685e-16
5.549633361289685e-16
5.549633361289685e-16
5.549633361289685e-16
5.549633361289685e-16
5.549633361289685e-16
5.549633361289685e-16
5.549633361289685e-16
5.549633361289685e-16
5.549633361289685e-16
5.549633361289685e-16
5.549633361289685e-16
5.549633361289685e-16
5.549633361289685e-16
5.549633361289685e-16
5.549633361289685e-16
5.549633361289685e-16
5.549633361289685e-16
5.549633361289685e-16
5.549633361289685e-16
5.549633361289685e-16
5.549633361289685e-16
5.549633361289685e-16
5.549633361289685e-16
5.549633361289685e-16
5.549633361289685e-16
5.549633361289685e-16
5.549633361289685e-16
5.549633361289685e-16
5.549633361289685e-16
5.549633361289685e-16
5.549633361289685e-16
5.549633361289685e-16
5.549633361289685e-16
5.549633361289685e-16
5.549633361289685e-16
5.549633361289685e-16
5.549633361289685e-16
5.549633361289685e-16
5.549633361289685e-16
5.549633361289685e-16
5.549633361289685e-16
5.549633361289685e-16
5.549633361289685e-16
5.549633361289685e-16
5.549633361289685e-16
5.549633361289685e-16
5.549633361289685e-16
5.549633361289685e-16
5.549633361289685e-16
5.549633361289685e-16
5.549633361289685e-16
5.549633361289685e-16
5.549633361289685e-16
5.549633361289685e-16
5.549633361289685e-16
5.549633361289685e-16
5.549633361289685e-16
5.549633361289685e-16
5.549633361289685e-16
5.549633361289685e-16
5.549633361289685e-16
5.549633361289685e-16
5.549633361289685e-16
5.549633361289685e-16
5.549633361289685e-16
5.549633361289685e-16
5.549633361289685e-16
5.549633361289685e-16
5.549633361289685e-16
5.549633361289685e-16
5.549633361289685e-16
5.549633361289685e-16
5.549633361289685e-16
5.549633361289685e-16
5.549633361289685e-16
5.549633361289685e-16
5.549633361289685e-16
5.549633361289685e-16
5.549633361289685e-16
5.549633361289685e-16
5.549633361289685e-16
5.549633361289685e-16
5.549633361289685e-16
5.549633361289685e-16
5.549633361289685e-16
5.549633361289685e-16
5.549633361289685e-16
5.549633361289685e-16
5.549633361289685e-16
5.549633361289685e-16
5.549633361289685e-16
5.549633361289685e-16
5.549633361289685e-16
5.549633361289685e-16
5.549633361289685e-16
5.549633361289685e-16
5.549633361289685e-16
5.549633361289685e-16
5.549633361289685e-16
5.549633361289685e-16
5.549633361289685e-16
5.549633361289685e-16
5.549633361289685e-16
5.549633361289685e-16
5.549633361289685e-16
5.549633361289685e-16
5.549633361289685e-16
5.549633361289685e-16
5.549633361289685e-16
5.549633361289685e-16
5.549633361289685e-16
5.549633361289685e-16
5.549633361289685e-16
5.549633361289685e-16
5.549633361289685e-16
5.549633361289685e-16
5.549633361289685e-16
5.549633361289685e-16
5.549633361289685e-16
5.549633361289685e-16
5.549633361289685e-16
5.549633361289685e-16
5.549633361289685e-16
5.549633361289685e-16
5.549633361289685e-16
5.549633361289685e-16
5.549633361289685e-16
5.549633361289685e-16
5.549633361289685e-16
5.549633361289685e-16
5.549633361289685e-16
5.549633361289685e-16
5.549633361289685e-16
5.549633361289685e-16
5.549633361289685e-16
5.549633361289685e-16
5.549633361289685e-16
5.549633361289685e-16
5.549633361289685e-16
5.549633361289685e-16
5.549633361289685e-16
5.549633361289685e-16
5.549633361289685e-16
5.549633361289685e-16
5.549633361289685e-16
5.549633361289685e-16
5.549633361289685e-16
5.549633361289685e-16
5.549633361289685e-16
5.549633361289685e-16
5.549633361289685e-16
5.549633361289685e-16
5.549633361289685e-16
5.549633361289685e-16
5.549633361289685e-16
5.549633361289685e-16
5.549633361289685e-16
5.549633361289685e-16
5.549633361289685e-16
5.549633361289685e-16
5.549633361289685e-16
5.549633361289685e-16
5.549633361289685e-16
5.549633361289685e-16
5.549633361289685e-16
5.549633361289685e-16
5.549633361289685e-16
5.549633361289685e-16
5.549633361289685e-16
5.549633361289685e-16
5.549633361289685e-16
5.549633361289685e-16
5.549633361289685e-16
5.549633361289685e-16
5.549633361289685e-16
5.549633361289685e-16
5.549633361289685e-16
5.549633361289685e-16
5.549633361289685e-16
5.549633361289685e-16
5.549633361289685e-16
5.549633361289685e-16
5.549633361289685e-16
5.549633361289685e-16
5.549633361289685e-16
5.549633361289685e-16
5.549633361289685e-16
5.549633361289685e-16
5.549633361289685e-16
5.549633361289685e-16
5.549633361289685e-16
5.549633361289685e-16
5.549633361289685e-16
5.549633361289685e-16
5.549633361289685e-16
5.549633361289685e-16
5.549633361289685e-16
5.549633361289685e-16
5.549633361289685e-16
5.549633361289685e-16
5.549633361289685e-16
5.549633361289685e-16
5.549633361289685e-16
5.549633361289685e-16
5.549633361289685e-16
5.549633361289685e-16
5.549633361289685e-16
5.549633361289685e-16
5.549633361289685e-16
5.549633361289685e-16
5.549633361289685e-16
5.549633361289685e-16
5.549633361289685e-16
5.549633361289685e-16
5.549633361289685e-16
5.549633361289685e-16
5.549633361289685e-16
5.549633361289685e-16
5.549633361289685e-16
5.549633361289685e-16
5.549633361289685e-16
5.549633361289685e-16
5.549633361289685e-16
5.549633361289685e-16
5.549633361289685e-16
5.549633361289685e-16
5.549633361289685e-16
5.549633361289685e-16
5.549633361289685e-16
5.549633361289685e-16
5.549633361289685e-16
5.549633361289685e-16
5.549633361289685e-16
5.549633361289685e-16
5.549633361289685e-16
5.549633361289685e-16
5.549633361289685e-16
5.549633361289685e-16
5.549633361289685e-16
5.549633361289685e-16
5.549633361289685e-16
5.549633361289685e-16
5.549633361289685e-16
5.549633361289685e-16
5.549633361289685e-16
5.549633361289685e-16
5.549633361289685e-16
5.549633361289685e-16
5.549633361289685e-16
5.549633361289685e-16
5.549633361289685e-16
5.549633361289685e-16
5.549633361289685e-16
5.549633361289685e-16
5.549633361289685e-16
5.549633361289685e-16
5.549633361289685e-16
5.549633361289685e-16
5.549633361289685e-16
5.549633361289685e-16
5.549633361289685e-16
5.549633361289685e-16
5.549633361289685e-16
5.549633361289685e-16
5.549633361289685e-16
5.549633361289685e-16
5.549633361289685e-16
5.549633361289685e-16
5.549633361289685e-16
5.549633361289685e-16
5.549633361289685e-16
5.549633361289685e-16
5.549633361289685e-16
5.549633361289685e-16
5.549633361289685e-16
5.549633361289685e-16
5.549633361289685e-16
5.549633361289685e-16
5.549633361289685e-16
5.549633361289685e-16
5.549633361289685e-16
5.549633361289685e-16
5.549633361289685e-16
5.549633361289685e-16
