70873.37106051731
70524.99781231106
63311.22254817501
63311.22254817501
60390.12649739223
58436.192822431665
58021.87459724085
51224.810945516576
48986.43340124321
45827.795430603524
45827.795430603524
45790.25393816879
45790.25393816879
38591.226275739595
38433.76654421943
38210.3112894332
37625.75479700993
35927.17114067651
35740.55158530135
34616.205835193556
32202.23900793022
29517.174187716562
29517.174187716562
26195.94585249444
26057.406257364757
24789.31483249932
21837.390263214176
21837.390263214176
19030.411713140635
15833.98827482353
10440.447164630674
10127.508260970333
10127.508260970333
9834.595669963655
9548.547795678258
7726.939685225748
7468.917069643395
7468.917069643395
5888.705450420869
5871.786171514049
5412.640708717273
4318.546905101213
4023.3176772322226
4020.1848273230034
3990.725137893385
3990.725137893385
3990.725137893385
3096.398976520289
3077.8106784152505
3061.6948179604597
2973.993926385848
2847.2566059645137
1137.597014750156
1080.928975272037
1080.928975272037
983.7342997825496
939.5869843700481
939.5869843700481
743.3286183786078
700.1901778358898
700.1901778358898
643.7653380913164
643.6422760694309
613.6750074931115
613.6750074931115
602.9905729814993
602.9905729814993
580.8378843613866
556.612541276523
555.0444791307959
554.2544388143273
545.0803827918822
542.9932638980465
444.7642353416498
381.1145152992154
368.3340871007937
292.47428032968526
286.0520425960934
286.0520425960934
269.745333520785
268.9868469792601
268.6468855674001
268.4339098481912
267.28442993959885
267.2714387060114
250.96796886248407
246.54586420909348
244.6628374690861
210.49668121201796
210.49668121201796
163.61611767687486
163.61611767687486
82.60264215268622
82.60264215268622
82.52622911643007
72.58714009384627
56.27904055829961
56.08024634623531
40.94288289395416
38.37507600284526
32.556395113421495
32.556395113421495
28.92835455410909
28.92835455410909
28.92835455410909
26.774388330564964
26.774388330564964
26.636714942387435
26.243347958558388
21.02427597355249
16.98656982870943
16.982798842944906
16.72517679891529
16.545409663038622
15.028862007273963
14.997469568499021
14.99076732992053
14.99076732992053
7.413219045054514
7.39327410035042
6.964179300522477
5.401701872417208
5.3067219499245795
4.9803077114592496
4.954602571007969
4.809806893196069
3.1335629360327033
2.9840957598406312
2.9840957598406312
2.958586702774608
2.639505818980388
2.639505818980388
1.6415455352999897
1.4707399349750343
0.49605412039434454
0.4719418227857883
0.4719418227857883
0.4619304325416788
0.4619304325416788
0.4619304325416788
0.4619304325416788
0.4619304325416788
0.4015786625544406
0.39042920769782286
0.3801914825797115
0.3782420695146577
0.3712418545783484
0.34027396962170664
0.3160226909940735
0.3147652440883169
0.31025955191924504
0.2911428509565527
0.2911428509565527
0.2911428509565527
0.2911428509565527
0.22709057907301378
0.22246611561541338
0.22246611561541338
0.21581272053268666
0.21432678497651997
0.15296382158983596
0.15296382158983596
0.12751733080899053
0.12751733080899053
0.1263665514364747
0.09731082024671703
0.09731082024671703
0.09731082024671703
0.0770134011550338
0.0748759625870912
0.07368530851321665
0.07368530851321665
0.06820488993779743
0.0467450265128246
0.041395374347920365
0.03942020473
0.03942020473
0.03858559059101267
0.033362401940328495
0.03335331242792104
0.028898425905372678
0.01646338378993584
0.016294196966228972
0.01606027701397105
0.01606027701397105
0.013098805137573707
0.01282789574689084
0.011491788215383632
0.011331615628130749
0.010896000013464371
0.010880268143758625
0.010712170683177973
0.010712170683177973
0.010210433066844639
0.010030778834097993
0.008941069958733184
0.007960522008240507
0.007960522008240507
0.007416350816311923
0.007416350816311923
0.006597694434864193
0.006597694434864193
0.006573234835721291
0.006129411365193027
0.005353331178785739
0.00535172928119115
0.005128708764352029
0.005119965994076117
0.004649738588654866
0.003707154646356961
0.003707144339507993
0.003683697960639478
0.0036784802789909155
0.003330391933421532
0.003033439391518351
0.0023886442213252607
0.0023866057286087354
0.0022883481194945665
0.0017359455981038926
0.0017359455981038926
0.0015432096321006906
0.0010512362684021402
0.0010512362684021402
0.001048000560295387
0.0009978650426597344
0.0009972512190657842
0.0007590297790834929
0.0004785372645746219
0.0004785372645746219
0.0004785372645746219
0.0003781417576346955
0.00035844586347009386
0.0003300913724062189
0.00032801589605604845
0.00032801589605604845
0.00031493031623448185
0.00031493031623448185
0.00031493031623448185
0.00030857659754980556
0.0003081896396661057
0.000119043901520733
0.000119043901520733
0.000119043901520733
0.0001190418160100806
0.00010098181269124317
0.00010098181269124317
0.00010098181269124317
0.00010094487067198072
9.8704970349145e-05
9.174068560953186e-05
9.174068560953186e-05
9.174068560953186e-05
9.174068560953186e-05
5.406446211306578e-05
5.398308050193991e-05
5.37067551139813e-05
4.922399569383986e-05
4.922399569383986e-05
4.053609499176253e-05
3.773369831112963e-05
3.773369831112963e-05
2.434130697891789e-05
2.4335312842162582e-05
2.42114828130206e-05
1.8663300628859982e-05
1.625523186579478e-05
1.5439448800639785e-05
1.5439448800639785e-05
1.5045383916207777e-05
1.4925977797572162e-05
1.0558356678913452e-05
1.0521664365219932e-05
1.0388486598769451e-05
8.544947096490556e-06
8.544947096490556e-06
7.367950574150899e-06
7.350057726365218e-06
7.226695696126034e-06
7.226695696126034e-06
6.727780572449642e-06
5.137398312923414e-06
5.124913353455973e-06
5.124913353455973e-06
4.794557031438396e-06
3.815880728815937e-06
3.815880728815937e-06
3.804365322009319e-06
3.7994354118745893e-06
1.416100545451228e-06
1.410571692185105e-06
1.410571692185105e-06
1.0738648986384057e-06
1.0118479568821296e-06
9.890146969969958e-07
9.890146969969958e-07
9.828604220777432e-07
9.728572793413758e-07
9.635218677037698e-07
9.557799184438252e-07
9.550943891458646e-07
9.530721647413979e-07
9.407459766850642e-07
9.407459766850642e-07
9.407459766850642e-07
9.407459766850642e-07
9.249800071743186e-07
9.143626498014063e-07
8.867218336135004e-07
3.133658468817105e-07
3.133658468817105e-07
3.087773374107291e-07
3.0877392374745975e-07
3.00478034272867e-07
3.00478034272867e-07
2.1114298928483215e-07
2.1114298928483215e-07
2.1114298928483215e-07
2.1114298928483215e-07
2.1109215243494286e-07
2.1069527987224721e-07
2.1069527987224721e-07
1.3983706838358495e-07
1.3746066737110795e-07
1.2393526648088278e-07
1.2393526648088278e-07
1.2393526648088278e-07
1.1242050857500816e-07
9.905864980546159e-08
9.905864980546159e-08
9.905864980546159e-08
9.022515487693124e-08
9.022515487693124e-08
9.022515487693124e-08
9.014439059584027e-08
7.283189693696805e-08
7.283189693696805e-08
7.269975905181533e-08
7.019210576216232e-08
6.70369621135008e-08
6.70369621135008e-08
6.490536789457841e-08
5.870815083695873e-08
5.201654870705602e-08
3.625423839650926e-08
2.8900644917300618e-08
2.8900644917300618e-08
2.8900644917300618e-08
2.8900644917300618e-08
2.8900644917300618e-08
2.6753139282847227e-08
2.661674174098689e-08
2.661674174098689e-08
2.648286455169328e-08
2.2909075962314023e-08
2.2906069621810287e-08
1.949940970471299e-08
1.8137137026328106e-08
1.7986238872781752e-08
1.6701760273154298e-08
1.6701760273154298e-08
1.6701760273154298e-08
1.63093450202161e-08
1.164107316960548e-08
8.423798914130882e-09
7.810998502655087e-09
7.802132869644414e-09
7.745870859129327e-09
5.597027127885542e-09
5.533236821094354e-09
5.470537210167632e-09
5.254635975495871e-09
3.856932323196827e-09
2.229101329333717e-09
2.2122159916183406e-09
2.152364895401319e-09
2.070379290721988e-09
1.7764326659139874e-09
1.6191855309639998e-09
1.6191855309639998e-09
1.6191855309639998e-09
1.5845479440518537e-09
1.5744150655562044e-09
1.542751174926873e-09
1.5261127411387872e-09
1.4971703824766136e-09
1.2582964189582753e-09
1.2548284049598976e-09
4.202287828581557e-10
4.202287828581557e-10
4.202287828581557e-10
4.093244639366407e-10
3.332029322938101e-10
3.332029322938101e-10
3.0619655076906293e-10
3.059248156194378e-10
3.0583917494571694e-10
3.0535855898013357e-10
3.0487950475507937e-10
3.0487950475507937e-10
2.1682543406061877e-10
2.1682543406061877e-10
2.0989583298129937e-10
2.0654122589681146e-10
1.988644109390929e-10
1.97453250919997e-10
1.8431158847635472e-10
1.734470030445609e-10
1.734470030445609e-10
1.7296518191766068e-10
1.1483344656274084e-10
1.0961557796971823e-10
8.339990734361175e-11
8.339990734361175e-11
8.337130361229682e-11
8.337130361229682e-11
8.337130361229682e-11
8.337130361229682e-11
7.982584575641042e-11
7.354714439395063e-11
7.354714439395063e-11
7.311098627517766e-11
4.619123589169241e-11
4.619123589169241e-11
4.609358250279376e-11
4.5683688523886667e-11
4.5677204248474883e-11
4.344508648671782e-11
4.260039897499413e-11
3.7836225891857316e-11
2.4393629286996162e-11
2.4393629286996162e-11
2.4393629286996162e-11
2.4393629286996162e-11
2.4393629286996162e-11
2.4393629286996162e-11
2.3073977936154723e-11
2.0850915995737306e-11
1.2976445494897103e-11
1.2834732465112167e-11
1.2718556853105283e-11
1.2653422307758218e-11
1.251013663537743e-11
6.7914440230746926e-12
6.47967905997851e-12
6.47967905997851e-12
6.47967905997851e-12
6.47967905997851e-12
6.476115007239829e-12
5.445161163290242e-12
5.437382798378229e-12
5.432771131488624e-12
5.275759849630273e-12
5.275759849630273e-12
4.26027790227608e-12
3.71548484578288e-12
1.4345111277501907e-12
9.047984432640743e-13
8.193777795462192e-13
8.021487475711198e-13
7.369682618773416e-13
7.369682618773416e-13
5.856189018305695e-13
5.856189018305695e-13
5.72099985269716e-13
5.72099985269716e-13
5.72099985269716e-13
5.252577013550596e-13
4.0569701126752807e-13
4.038556180455685e-13
3.0132642006040837e-13
2.672900387005367e-13
2.655928332828462e-13
2.0685541738394453e-13
2.0685541738394453e-13
2.0685541738394453e-13
2.0685541738394453e-13
2.0610575482800258e-13
2.0610575482800258e-13
2.0610575482800258e-13
1.9472656471001165e-13
1.9472656471001165e-13
1.9472656471001165e-13
1.9107067382968738e-13
1.9019488508669576e-13
1.9019488508669576e-13
1.9019488508669576e-13
1.9019488508669576e-13
1.276713708793176e-13
1.276713708793176e-13
8.423752003379507e-14
8.423752003379507e-14
8.068739162503678e-14
7.990308409904028e-14
7.111488668201322e-14
7.111488668201322e-14
4.9873711440343363e-14
4.9741363860584037e-14
4.9741363860584037e-14
4.857837406716086e-14
1.8014140429344063e-14
1.778050237363874e-14
1.778050237363874e-14
1.778050237363874e-14
1.778050237363874e-14
1.2895947189355661e-14
1.2895947189355661e-14
1.2895947189355661e-14
4.549744124468475e-15
4.549744124468475e-15
4.002842519019178e-15
4.002842519019178e-15
4.002842519019178e-15
4.002842519019178e-15
4.002842519019178e-15
4.002842519019178e-15
4.002842519019178e-15
3.882454939937571e-15
3.882454939937571e-15
3.882454939937571e-15
3.41750370205961e-15
3.41750370205961e-15
2.4642893191106905e-15
2.4642893191106905e-15
2.24671701905346e-15
2.24671701905346e-15
2.24671701905346e-15
2.24671701905346e-15
2.24671701905346e-15
2.24671701905346e-15
2.24671701905346e-15
2.24671701905346e-15
2.24671701905346e-15
2.24671701905346e-15
2.24671701905346e-15
2.24671701905346e-15
2.24671701905346e-15
2.24671701905346e-15
2.24671701905346e-15
2.0763363415422396e-15
2.0763363415422396e-15
2.0763363415422396e-15
2.036149085676871e-15
2.036149085676871e-15
2.036149085676871e-15
1.6540657984691628e-15
1.6540657984691628e-15
1.6540657984691628e-15
1.578943827732127e-15
1.578943827732127e-15
1.2105543784358942e-15
1.2105543784358942e-15
1.2105543784358942e-15
1.2105543784358942e-15
1.2105543784358942e-15
1.2105543784358942e-15
1.2105543784358942e-15
1.2105543784358942e-15
1.2105543784358942e-15
8.776845041661703e-16
8.776845041661703e-16
8.776845041661703e-16
8.776845041661703e-16
8.776845041661703e-16
8.776845041661703e-16
8.776845041661703e-16
8.776845041661703e-16
8.776845041661703e-16
8.776845041661703e-16
8.776845041661703e-16
8.776845041661703e-16
8.776845041661703e-16
8.776845041661703e-16
8.776845041661703e-16
8.776845041661703e-16
8.650508208581493e-16
8.650508208581493e-16
8.650508208581493e-16
8.650508208581493e-16
8.650508208581493e-16
8.650508208581493e-16
8.650508208581493e-16
8.650508208581493e-16
8.650508208581493e-16
8.650508208581493e-16
8.650508208581493e-16
8.650508208581493e-16
8.650508208581493e-16
7.743239913903886e-16
7.346683811737028e-16
7.2492629186457935e-16
7.2492629186457935e-16
7.2492629186457935e-16
7.2492629186457935e-16
6.120830154882115e-16
6.120830154882115e-16
4.868857540288067e-16
4.868857540288067e-16
4.868857540288067e-16
4.868857540288067e-16
4.868857540288067e-16
4.868857540288067e-16
4.868857540288067e-16
4.868857540288067e-16
4.868857540288067e-16
4.868857540288067e-16
4.868857540288067e-16
4.868857540288067e-16
4.868857540288067e-16
4.868857540288067e-16
4.868857540288067e-16
4.868857540288067e-16
4.868857540288067e-16
4.868857540288067e-16
4.868857540288067e-16
4.868857540288067e-16
4.868857540288067e-16
4.868857540288067e-16
4.868857540288067e-16
4.868857540288067e-16
4.868857540288067e-16
4.868857540288067e-16
4.868857540288067e-16
4.868857540288067e-16
4.868857540288067e-16
4.868857540288067e-16
4.868857540288067e-16
4.868857540288067e-16
4.868857540288067e-16
4.868857540288067e-16
4.868857540288067e-16
4.868857540288067e-16
4.868857540288067e-16
4.868857540288067e-16
4.868857540288067e-16
4.868857540288067e-16
4.868857540288067e-16
4.868857540288067e-16
4.868857540288067e-16
4.868857540288067e-16
4.868857540288067e-16
4.868857540288067e-16
4.868857540288067e-16
4.868857540288067e-16
4.868857540288067e-16
4.868857540288067e-16
4.868857540288067e-16
4.868857540288067e-16
4.868857540288067e-16
4.868857540288067e-16
4.868857540288067e-16
4.868857540288067e-16
4.868857540288067e-16
4.868857540288067e-16
4.868857540288067e-16
4.868857540288067e-16
4.868857540288067e-16
4.868857540288067e-16
4.868857540288067e-16
4.868857540288067e-16
4.868857540288067e-16
4.868857540288067e-16
4.868857540288067e-16
4.868857540288067e-16
4.868857540288067e-16
4.868857540288067e-16
4.868857540288067e-16
4.868857540288067e-16
4.868857540288067e-16
4.868857540288067e-16
4.868857540288067e-16
4.868857540288067e-16
4.868857540288067e-16
4.868857540288067e-16
4.868857540288067e-16
4.868857540288067e-16
4.868857540288067e-16
4.868857540288067e-16
4.868857540288067e-16
4.868857540288067e-16
4.868857540288067e-16
4.868857540288067e-16
4.868857540288067e-16
4.868857540288067e-16
4.868857540288067e-16
4.868857540288067e-16
4.868857540288067e-16
4.868857540288067e-16
4.868857540288067e-16
4.868857540288067e-16
4.868857540288067e-16
4.868857540288067e-16
4.868857540288067e-16
4.868857540288067e-16
4.868857540288067e-16
4.868857540288067e-16
4.868857540288067e-16
4.868857540288067e-16
4.868857540288067e-16
4.868857540288067e-16
4.868857540288067e-16
4.868857540288067e-16
4.868857540288067e-16
4.868857540288067e-16
4.868857540288067e-16
4.868857540288067e-16
4.868857540288067e-16
4.868857540288067e-16
4.868857540288067e-16
4.868857540288067e-16
4.868857540288067e-16
4.868857540288067e-16
4.868857540288067e-16
4.868857540288067e-16
4.868857540288067e-16
4.868857540288067e-16
4.868857540288067e-16
4.868857540288067e-16
4.868857540288067e-16
4.868857540288067e-16
4.868857540288067e-16
4.868857540288067e-16
4.868857540288067e-16
4.868857540288067e-16
4.868857540288067e-16
4.868857540288067e-16
4.868857540288067e-16
4.868857540288067e-16
4.868857540288067e-16
4.868857540288067e-16
4.868857540288067e-16
4.868857540288067e-16
4.868857540288067e-16
4.868857540288067e-16
4.868857540288067e-16
4.868857540288067e-16
4.868857540288067e-16
4.868857540288067e-16
4.868857540288067e-16
4.868857540288067e-16
4.868857540288067e-16
4.868857540288067e-16
4.868857540288067e-16
4.868857540288067e-16
4.868857540288067e-16
4.868857540288067e-16
4.868857540288067e-16
4.868857540288067e-16
4.868857540288067e-16
4.868857540288067e-16
4.868857540288067e-16
4.868857540288067e-16
4.868857540288067e-16
4.868857540288067e-16
4.868857540288067e-16
4.868857540288067e-16
4.868857540288067e-16
4.868857540288067e-16
4.868857540288067e-16
4.868857540288067e-16
4.868857540288067e-16
4.868857540288067e-16
4.868857540288067e-16
4.868857540288067e-16
4.868857540288067e-16
4.868857540288067e-16
4.868857540288067e-16
4.868857540288067e-16
4.868857540288067e-16
4.868857540288067e-16
4.868857540288067e-16
4.868857540288067e-16
4.868857540288067e-16
4.868857540288067e-16
4.868857540288067e-16
4.868857540288067e-16
4.868857540288067e-16
4.868857540288067e-16
4.868857540288067e-16
4.868857540288067e-16
4.868857540288067e-16
4.868857540288067e-16
4.868857540288067e-16
4.868857540288067e-16
4.868857540288067e-16
4.868857540288067e-16
4.868857540288067e-16
4.868857540288067e-16
4.868857540288067e-16
4.868857540288067e-16
4.868857540288067e-16
4.868857540288067e-16
4.868857540288067e-16
4.868857540288067e-16
4.868857540288067e-16
4.868857540288067e-16
4.868857540288067e-16
4.868857540288067e-16
4.868857540288067e-16
4.868857540288067e-16
4.868857540288067e-16
4.868857540288067e-16
4.868857540288067e-16
4.868857540288067e-16
4.868857540288067e-16
4.868857540288067e-16
4.868857540288067e-16
4.868857540288067e-16
4.868857540288067e-16
4.868857540288067e-16
4.868857540288067e-16
4.868857540288067e-16
4.868857540288067e-16
4.868857540288067e-16
4.868857540288067e-16
4.868857540288067e-16
4.868857540288067e-16
4.868857540288067e-16
4.868857540288067e-16
4.868857540288067e-16
4.868857540288067e-16
4.868857540288067e-16
4.868857540288067e-16
4.868857540288067e-16
4.868857540288067e-16
4.868857540288067e-16
4.868857540288067e-16
4.868857540288067e-16
4.868857540288067e-16
4.868857540288067e-16
4.868857540288067e-16
4.868857540288067e-16
4.868857540288067e-16
4.868857540288067e-16
4.868857540288067e-16
4.868857540288067e-16
4.868857540288067e-16
4.868857540288067e-16
4.868857540288067e-16
4.868857540288067e-16
4.868857540288067e-16
4.868857540288067e-16
4.868857540288067e-16
4.868857540288067e-16
4.868857540288067e-16
4.868857540288067e-16
4.868857540288067e-16
4.868857540288067e-16
4.868857540288067e-16
4.868857540288067e-16
4.868857540288067e-16
4.868857540288067e-16
4.868857540288067e-16
4.868857540288067e-16
4.868857540288067e-16
4.868857540288067e-16
4.868857540288067e-16
4.868857540288067e-16
4.868857540288067e-16
4.868857540288067e-16
4.868857540288067e-16
4.868857540288067e-16
4.868857540288067e-16
4.868857540288067e-16
4.868857540288067e-16
4.868857540288067e-16
4.868857540288067e-16
4.868857540288067e-16
4.868857540288067e-16
4.868857540288067e-16
4.868857540288067e-16
4.868857540288067e-16
4.868857540288067e-16
4.868857540288067e-16
4.868857540288067e-16
4.868857540288067e-16
4.868857540288067e-16
4.868857540288067e-16
4.868857540288067e-16
4.868857540288067e-16
4.868857540288067e-16
4.868857540288067e-16
4.868857540288067e-16
4.868857540288067e-16
4.868857540288067e-16
4.868857540288067e-16
4.868857540288067e-16
4.868857540288067e-16
4.868857540288067e-16
4.868857540288067e-16
4.868857540288067e-16
4.868857540288067e-16
4.868857540288067e-16
4.868857540288067e-16
4.868857540288067e-16
4.868857540288067e-16
4.868857540288067e-16
4.868857540288067e-16
4.868857540288067e-16
4.868857540288067e-16
4.868857540288067e-16
4.868857540288067e-16
4.868857540288067e-16
4.868857540288067e-16
4.868857540288067e-16
4.868857540288067e-16
4.868857540288067e-16
4.868857540288067e-16
4.868857540288067e-16
4.868857540288067e-16
4.868857540288067e-16
4.868857540288067e-16
4.868857540288067e-16
4.868857540288067e-16
4.868857540288067e-16
4.868857540288067e-16
4.868857540288067e-16
4.868857540288067e-16
4.868857540288067e-16
4.868857540288067e-16
4.868857540288067e-16
4.868857540288067e-16
4.868857540288067e-16
4.868857540288067e-16
4.868857540288067e-16
4.868857540288067e-16
4.868857540288067e-16
4.868857540288067e-16
4.868857540288067e-16
4.868857540288067e-16
4.868857540288067e-16
4.868857540288067e-16
4.868857540288067e-16
4.868857540288067e-16
4.868857540288067e-16
4.868857540288067e-16
4.868857540288067e-16
4.868857540288067e-16
4.868857540288067e-16
4.868857540288067e-16
4.868857540288067e-16
4.868857540288067e-16
4.868857540288067e-16
4.868857540288067e-16
4.868857540288067e-16
4.868857540288067e-16
4.868857540288067e-16
4.868857540288067e-16
4.868857540288067e-16
4.868857540288067e-16
4.868857540288067e-16
4.868857540288067e-16
4.868857540288067e-16
4.868857540288067e-16
4.868857540288067e-16
4.868857540288067e-16
4.868857540288067e-16
4.868857540288067e-16
4.868857540288067e-16
4.868857540288067e-16
4.868857540288067e-16
4.868857540288067e-16
4.868857540288067e-16
4.868857540288067e-16
4.868857540288067e-16
4.868857540288067e-16
4.868857540288067e-16
4.868857540288067e-16
4.868857540288067e-16
4.868857540288067e-16
4.868857540288067e-16
4.868857540288067e-16
4.868857540288067e-16
4.868857540288067e-16
4.868857540288067e-16
4.868857540288067e-16
4.868857540288067e-16
4.868857540288067e-16
4.868857540288067e-16
4.868857540288067e-16
4.868857540288067e-16
4.868857540288067e-16
4.868857540288067e-16
4.868857540288067e-16
4.868857540288067e-16
4.868857540288067e-16
4.868857540288067e-16
4.868857540288067e-16
4.868857540288067e-16
4.868857540288067e-16
4.868857540288067e-16
4.868857540288067e-16
4.868857540288067e-16
4.868857540288067e-16
4.868857540288067e-16
4.868857540288067e-16
4.868857540288067e-16
4.868857540288067e-16
4.868857540288067e-16
4.868857540288067e-16
4.868857540288067e-16
