3360294.750412223
3360294.750412223
3360294.750412223
3144924.4165525995
3144924.4165525995
2546527.28808372
2281164.870900163
1994161.9177370719
1994161.9177370719
1794466.021017094
1794466.021017094
1605994.226954023
1587318.7806858097
1563782.597700452
1553809.7958834395
1358147.1383682035
1356545.2217825297
1252138.6422812138
1168388.7605160063
563522.3283081847
557316.2674906238
557316.2674906238
480618.22600498516
480618.22600498516
414934.0395580675
414934.0395580675
414934.0395580675
396939.5430395492
269776.7677858601
269776.7677858601
269776.7677858601
266360.75557735655
266360.75557735655
266360.75557735655
266360.75557735655
185013.9920777036
185013.9920777036
129570.87187224148
74746.35488675199
74665.43099224048
74665.43099224048
69110.71124448109
68647.21072903826
68647.21072903826
65472.3962931228
32406.620077584746
32406.270536108706
29810.304507929537
28391.977454297434
28318.177794505187
22326.889950091238
21769.213463595537
19552.922875910383
17903.279362276535
15405.932462695846
14875.020839015122
12310.444349570507
11919.043292424843
10994.791401763869
10705.06495492207
9989.365940459624
9665.6728845267
8783.626652932275
7610.732824075266
6545.037895467462
5923.610680665382
5265.740550810365
5265.740550810365
5101.483886283802
4936.3793196361785
4936.3793196361785
4936.3793196361785
4768.199376107681
3215.894269094716
2918.867798093969
1980.3386218290423
1980.3386218290423
1980.3386218290423
1960.5386086243066
1859.3896942147894
1859.3896942147894
1712.4640893122678
1712.4640893122678
1712.4640893122678
1712.4640893122678
1174.9315718988323
1170.496672729813
1170.496672729813
1170.496672729813
1170.496672729813
1155.1091803113434
1127.5439834547815
1127.5439834547815
1124.0892136517364
1081.1973239777108
1074.1969570094348
1074.1969570094348
1074.1969570094348
1010.0943360291785
476.55418047851236
460.20580039890314
457.84070559297226
457.84070559297226
457.84070559297226
457.1860348904033
457.1860348904033
457.1860348904033
450.8814795943193
442.14143206874945
442.14143206874945
442.14143206874945
442.14143206874945
437.457165189861
437.330497110408
437.330497110408
435.79146812768073
435.79146812768073
415.9393513025235
415.9393513025235
415.9393513025235
415.9393513025235
415.9393513025235
414.4767334710765
414.4767334710765
414.4767334710765
390.22445051011806
390.22445051011806
390.22445051011806
369.73793567197026
350.5006507491093
350.04310932381486
349.8083469045452
338.5394014810517
332.07499804998554
332.07499804998554
332.07499804998554
324.30914815250117
324.30914815250117
324.30914815250117
321.1331751983665
321.1331751983665
318.9599414235869
318.9599414235869
318.9599414235869
305.8679573553752
282.9382687826108
282.9382687826108
270.3597489588989
270.3050383419323
259.70838263702024
259.70838263702024
242.9367887347107
226.43590693561407
223.06969215825404
213.13583356833718
213.13583356833718
211.3178517475534
210.82223952129456
208.2238782190283
208.2238782190283
208.2238782190283
208.2238782190283
208.2238782190283
208.2238782190283
208.2238782190283
208.2238782190283
208.2238782190283
202.19074744787056
202.19074744787056
202.19074744787056
202.090209352688
189.83421100054323
189.83421100054323
186.94466849489328
186.94466849489328
186.94466849489328
186.94466849489328
186.90922851142818
183.12194970573512
183.12194970573512
182.15015608788232
180.02678784143083
178.0168644204606
168.41277730826903
135.61122083126273
135.61122083126273
134.23388192874995
134.23388192874995
134.23388192874995
132.94490066279408
132.94490066279408
127.04605033736769
125.37057097456707
125.37057097456707
125.37057097456707
125.37057097456707
125.37057097456707
125.37057097456707
125.37057097456707
125.37057097456707
125.37057097456707
109.34036300484664
109.16858559564088
109.16858559564088
109.16858559564088
107.19031036066247
106.12903171825431
104.70414917692403
104.70414917692403
104.27023376662376
101.68004267396853
101.68004267396853
101.68004267396853
101.68004267396853
101.68004267396853
101.68004267396853
101.66961114075852
98.24913644241225
98.24913644241225
98.24913644241225
96.39316856226743
94.037054029314
94.037054029314
94.037054029314
94.037054029314
94.037054029314
94.037054029314
93.759855946656
77.9741487145619
77.9741487145619
77.96101497712637
77.96101497712637
77.96101497712637
77.96101497712637
77.96101497712637
77.96101497712637
77.89833481740575
77.46647243223028
77.46647243223028
77.46647243223028
77.46647243223028
77.46647243223028
77.46647243223028
77.46647243223028
76.17691771692193
75.15237678937186
75.15237678937186
75.15237678937186
75.15237678937186
75.15237678937186
75.15237678937186
75.15237678937186
75.15237678937186
75.15237678937186
75.15237678937186
75.15237678937186
74.15887472865506
64.46327630893529
64.21445303732725
57.882287623664936
57.765847555877684
57.765847555877684
57.765847555877684
57.765847555877684
55.771664930725755
55.02817860313311
55.02817860313311
54.26794901646976
54.18015402929121
54.18015402929121
54.18015402929121
54.18015402929121
54.18015402929121
53.97940022626786
53.83528759945611
53.83528759945611
53.82033073668602
48.37794737806477
48.37794737806477
48.37794737806477
48.37794737806477
48.37794737806477
48.37794737806477
48.37794737806477
48.37794737806477
48.37794737806477
48.37794737806477
47.32227860215396
45.347827926647795
45.347827926647795
45.347827926647795
45.347827926647795
45.347827926647795
45.347827926647795
45.347827926647795
45.347827926647795
45.347827926647795
45.347827926647795
45.347827926647795
45.347827926647795
45.347827926647795
44.31482208396698
43.28228285897823
43.28228285897823
43.28228285897823
43.011971613749665
43.011971613749665
42.75842698834799
42.72924685930872
42.72924685930872
42.19504800556392
42.19504800556392
42.19504800556392
42.19504800556392
42.19504800556392
42.19504800556392
42.19504800556392
42.19504800556392
42.13857084300059
42.13857084300059
42.13857084300059
42.13629403813846
41.6776899960489
41.6776899960489
36.43877576943561
36.43877576943561
36.36198956292565
35.68355941663648
35.68355941663648
35.65722391356589
35.65722391356589
35.65322116245481
35.65322116245481
35.65322116245481
35.203199469314406
35.203199469314406
35.203199469314406
35.203199469314406
35.203199469314406
32.71548611547522
32.42850783654243
32.42850783654243
32.42850783654243
32.42850783654243
32.42850783654243
32.42850783654243
32.42850783654243
32.22050679833528
32.22050679833528
32.22050679833528
32.22050679833528
32.22050679833528
32.22050679833528
32.22050679833528
32.22050679833528
32.22050679833528
32.22050679833528
32.14389185014634
32.14389185014634
31.825271088195596
31.825271088195596
31.825271088195596
31.825271088195596
31.825271088195596
31.825271088195596
31.825271088195596
31.825271088195596
31.825271088195596
31.822054752390944
31.485092981479124
31.485092981479124
31.485092981479124
31.485092981479124
31.485092981479124
31.485092981479124
31.485092981479124
31.485092981479124
31.485092981479124
31.485092981479124
31.485092981479124
31.485092981479124
31.485092981479124
31.485092981479124
31.485092981479124
31.485092981479124
31.103538661255257
31.103538661255257
31.099996002409082
31.099996002409082
31.099996002409082
30.67534325864522
30.67534325864522
30.67534325864522
30.67534325864522
30.67534325864522
30.67534325864522
29.98412857839265
29.98412857839265
29.715568601818973
29.715568601818973
29.687289076486607
29.65705772168392
29.65705772168392
29.65705772168392
29.63258472022754
29.63258472022754
29.63258472022754
29.63258472022754
29.63258472022754
29.63258472022754
29.63258472022754
29.63258472022754
29.63258472022754
29.419644083608105
29.419644083608105
29.188759929043655
29.188759929043655
29.188759929043655
29.162007875417224
29.162007875417224
29.162007875417224
27.47838595367339
27.47838595367339
27.47838595367339
27.461389366243324
26.658814320649594
26.658814320649594
26.574537211794663
25.691347728119872
25.614458019910128
25.614458019910128
25.614458019910128
25.614458019910128
25.614458019910128
25.452188310589943
24.936632220628226
24.936632220628226
24.93540220054992
24.93540220054992
24.93540220054992
24.93540220054992
24.93540220054992
24.70515956230146
24.639676689451623
24.639676689451623
24.639676689451623
24.639676689451623
24.447856113023875
23.79258713578154
23.79258713578154
23.543876141518822
23.483065456017556
23.483065456017556
23.483065456017556
23.483065456017556
23.483065456017556
23.440043990057017
23.440043990057017
23.440043990057017
23.440043990057017
23.440043990057017
23.440043990057017
23.440043990057017
23.440043990057017
23.440043990057017
23.440043990057017
23.440043990057017
23.440043990057017
23.440043990057017
23.428370519086887
23.428370519086887
23.428370519086887
23.38630490242378
21.812411268787486
21.812411268787486
21.812411268787486
21.7627148493916
21.749576421324935
21.749576421324935
21.749576421324935
21.749576421324935
21.749576421324935
21.749576421324935
21.733663758857094
21.733663758857094
21.57855758469088
21.314663004982254
21.314663004982254
21.314663004982254
21.314663004982254
21.037683943852727
21.037683943852727
21.037683943852727
21.037683943852727
21.037683943852727
18.168723747403607
18.168723747403607
18.168723747403607
18.168723747403607
18.168723747403607
18.168723747403607
18.168723747403607
18.168723747403607
18.168723747403607
18.168723747403607
18.168723747403607
18.168723747403607
18.168723747403607
18.168723747403607
18.168723747403607
17.53469530389257
17.53469530389257
17.53469530389257
17.53469530389257
17.53469530389257
17.53469530389257
17.53469530389257
17.53469530389257
17.534604361618225
17.534604361618225
17.232955988600725
17.232955988600725
17.10535059860582
15.971596706183398
15.971596706183398
15.971596706183398
15.971596706183398
15.971596706183398
15.971596706183398
15.971596706183398
15.971596706183398
15.971596706183398
15.971596706183398
15.971596706183398
15.952879351159503
15.952879351159503
15.545522784897095
15.221346689536485
15.221346689536485
15.221346689536485
15.221346689536485
14.749274224176489
14.749274224176489
14.745006536532074
14.745006536532074
14.745006536532074
14.745006536532074
14.745006536532074
14.745006536532074
14.745006536532074
14.745006536532074
14.745006536532074
14.745006536532074
14.745006536532074
14.745006536532074
14.745006536532074
14.745006536532074
14.745006536532074
14.745006536532074
14.745006536532074
14.745006536532074
14.745006536532074
14.745006536532074
14.745006536532074
13.807895504310753
13.807895504310753
13.807895504310753
13.807895504310753
13.807895504310753
13.807895504310753
13.807895504310753
13.807895504310753
13.807895504310753
13.807895504310753
13.807895504310753
13.807895504310753
13.807895504310753
13.761871414829372
13.761871414829372
12.985828461613114
12.985828461613114
12.985828461613114
12.985828461613114
12.985828461613114
12.985828461613114
12.885003437547226
12.885003437547226
12.885003437547226
12.698390004709328
12.698098059592109
12.698098059592109
11.868973156864426
11.868973156864426
11.868851962053164
11.868851962053164
11.868851962053164
11.868851962053164
11.679596197617862
11.679596197617862
11.180940491778877
10.80075004025187
10.544863311655575
10.544863311655575
10.45033495856734
10.45033495856734
10.45033495856734
10.447874486824318
10.447874486824318
10.447874486824318
10.341952418155874
10.279362519651048
10.279362519651048
10.278508272629484
10.226401489929039
10.226401489929039
9.878622215047509
9.873397552842222
9.873397552842222
9.873397552842222
9.873397552842222
9.873397552842222
9.568114943955276
9.568114943955276
9.567867462239898
9.567867462239898
9.567867462239898
8.681718157330407
8.681718157330407
8.681718157330407
8.674567932461326
8.671446680301123
8.671446680301123
8.671446680301123
8.671446680301123
8.665769810663198
8.665769810663198
8.665769810663198
8.665769810663198
8.665769810663198
8.665769810663198
8.665769810663198
8.665769810663198
8.665769810663198
8.665769810663198
8.576733519176056
8.576733519176056
8.576733519176056
8.576733519176056
8.576733519176056
8.168921732152759
7.976332425472626
7.976332425472626
7.976332425472626
7.976332425472626
7.976332425472626
7.976332425472626
7.976332425472626
7.973523989244642
7.973523989244642
7.973523989244642
7.973523989244642
7.973523989244642
7.973523989244642
7.973523989244642
7.973523989244642
7.973523989244642
7.973523989244642
7.973523989244642
7.973523989244642
7.973523989244642
7.973523989244642
7.973523989244642
7.973523989244642
7.973523989244642
7.973523989244642
7.973523989244642
7.973523989244642
7.973523989244642
7.973523989244642
7.973523989244642
7.83669732636343
7.835475481601805
7.835475481601805
7.81280111478651
7.76009285270976
7.759831012647232
7.759831012647232
7.759831012647232
7.759831012647232
7.759831012647232
7.758123460858925
7.758123460858925
7.758123460858925
7.6911838057780235
7.674307208706438
7.674307208706438
7.666635547298131
7.666635547298131
7.666635547298131
7.666635547298131
7.666635547298131
7.666635547298131
7.666635547298131
7.666635547298131
7.666635547298131
7.666635547298131
7.666635547298131
7.666635547298131
7.666635547298131
7.666593017074644
7.666593017074644
7.666593017074644
7.664559550149641
7.664559550149641
7.664559550149641
7.664559550149641
7.664559550149641
7.664559550149641
7.664559550149641
7.664559550149641
7.664559550149641
7.664559550149641
7.660269580726407
7.660269580726407
7.660269580726407
7.660269580726407
7.660269580726407
7.660269580726407
7.660269580726407
7.660269580726407
7.660269580726407
7.009226585409681
7.009226585409681
7.009226585409681
7.009226585409681
7.009226585409681
7.0007312516297455
7.0007312516297455
6.998535850319124
6.998535850319124
6.998535850319124
6.998535850319124
6.998526164217367
6.998526164217367
6.998526164217367
6.998526164217367
6.998526164217367
6.998526164217367
6.998526164217367
6.998526164217367
6.998526164217367
6.998526164217367
6.931581225957597
6.918386766612432
6.918386766612432
6.918386766612432
6.918386766612432
6.918386766612432
6.916520315120345
6.916520315120345
6.916520315120345
6.916520315120345
6.89904803119786
6.52983677774176
6.379788842202353
6.379788842202353
6.379788842202353
6.379788842202353
6.379788842202353
6.379788842202353
6.379788842202353
6.092614030322408
6.078716376859272
6.078716376859272
6.0772560640770354
6.0772560640770354
6.0772560640770354
5.942059510668071
5.942059510668071
5.36031260428713
5.36031260428713
5.357200565607776
5.357200565607776
5.357200565607776
5.35354448809207
5.35354448809207
5.35354448809207
5.35354448809207
5.35354448809207
5.35354448809207
5.35354448809207
5.337778694396761
5.337778694396761
5.332271905800013
5.332271905800013
5.332271905800013
5.332271905800013
5.331274011359916
5.331274011359916
5.331274011359916
5.331274011359916
5.331274011359916
5.331274011359916
5.331274011359916
5.331274011359916
5.331274011359916
5.331274011359916
5.331274011359916
5.331274011359916
5.173677500715529
5.136068994623308
5.136068994623308
5.136068994623308
5.136068994623308
5.136068994623308
5.136068994623308
5.034887380626796
5.034887380626796
5.020776565083382
5.020776565083382
5.020776565083382
5.020776565083382
5.018394579620089
5.018394579620089
5.006329064665661
5.006329064665661
5.006329064665661
5.006329064665661
5.006329064665661
5.006329064665661
5.006329064665661
5.006329064665661
5.006329064665661
5.006329064665661
5.006329064665661
5.003285354662788
5.003285354662788
5.003285354662788
5.003285354662788
5.003285354662788
5.001781960181208
4.995915252724721
4.995915252724721
4.995915252724721
4.995915252724721
4.995915252724721
4.995915252724721
4.995915252724721
4.995915252724721
4.995915252724721
4.995915252724721
4.995915252724721
4.9871835071143975
4.9871835071143975
4.9871835071143975
4.9871835071143975
4.9871835071143975
4.9871835071143975
4.9871835071143975
4.9871835071143975
4.985470842702631
4.92168727231509
4.716879651428844
4.716879651428844
4.716879651428844
4.716879651428844
4.716879651428844
4.716879651428844
4.716879651428844
4.716879651428844
4.716879651428844
4.716879651428844
4.702862146670168
4.702862146670168
4.702862146670168
4.665246990848702
4.624680690739938
4.624680690739938
4.617189300620051
4.617189300620051
4.617189300620051
4.617189300620051
4.617189300620051
4.617189300620051
4.616176665629856
4.613772670563203
4.613772670563203
4.613772670563203
4.612104916517958
4.606293448854251
4.606293448854251
4.606293448854251
4.606293448854251
4.606293448854251
4.606293448854251
4.606287053537781
4.606287053537781
4.606287053537781
4.606287053537781
4.595154524021985
4.595154524021985
4.595154524021985
4.595154524021985
4.591215596350431
4.591215596350431
4.591215596350431
4.56836832043004
4.56836832043004
4.567963890160385
4.381432820547503
4.380709440618965
4.380709440618965
4.380709440618965
4.380709440618965
4.380709440618965
4.3530900413508675
4.3530900413508675
4.3530900413508675
4.3530900413508675
4.3530900413508675
4.351315449886973
4.335836817526568
4.335250846092513
4.335250846092513
4.335250846092513
4.297323723760558
4.297323723760558
4.297323723760558
4.297323723760558
4.297323723760558
4.297323723760558
4.297323723760558
4.25753597516629
4.253503815748966
4.024163313173479
4.024163313173479
4.024163313173479
4.0147075762340165
4.0147075762340165
4.0147075762340165
3.9919446738526725
3.990994082184292
3.990994082184292
3.990994082184292
3.990994082184292
3.990994082184292
3.963449194862225
3.963449194862225
3.9585402264644314
3.9585402264644314
3.7889472184488913
3.7889472184488913
3.7889472184488913
3.7889472184488913
3.7889472184488913
3.7889472184488913
3.7889472184488913
3.7889472184488913
3.7889472184488913
3.3183191550118996
3.3183191550118996
3.3183191550118996
3.302061905699023
3.302061905699023
3.302061905699023
3.302061905699023
3.3013498366368643
3.2938167626551174
3.2938167626551174
3.2938167626551174
3.2938167626551174
3.2938167626551174
3.2938167626551174
2.9683873288919327
2.9675414781692484
2.9661028813143444
2.9661028813143444
2.9661028813143444
2.9661028813143444
2.9661028813143444
2.9661028813143444
2.9661028813143444
2.8397087054127272
2.8397087054127272
2.8397087054127272
2.8397087054127272
2.8397087054127272
2.8392971286272592
2.8392971286272592
2.8052845079211814
2.8052845079211814
2.8052845079211814
2.8052845079211814
2.8052845079211814
2.8052845079211814
2.8052845079211814
2.8052845079211814
2.8052845079211814
2.8052845079211814
2.8052845079211814
