10062.20554965709
9677.29076803882
9562.772210756331
9342.668395221619
9133.124363368825
9114.905140748524
8922.683442799838
8922.683442799838
8922.683442799838
8815.051928581597
8815.051928581597
8114.763656734144
7897.295053568269
7897.295053568269
7532.536645870065
7532.536645870065
7532.536645870065
7353.0617035073865
7353.0617035073865
7353.0617035073865
7271.39211790542
7052.441172511668
7052.441172511668
7052.441172511668
7037.420170117747
6737.1262223829635
6737.1262223829635
6675.313287625812
6548.567266241444
6548.567266241444
6442.448474924075
6257.421356412791
6048.73228721262
6010.740204297773
6010.740204297773
6010.740204297773
5925.470138366843
5925.470138366843
5925.470138366843
5925.470138366843
5763.81371570582
5763.81371570582
5697.746033534662
5572.782561938527
5395.053867218373
5395.053867218373
5328.082643238313
5328.082643238313
4837.10570934016
4837.10570934016
4828.736699118945
4705.780523402349
4430.640427973411
4321.548558806542
4149.31065935808
4149.31065935808
4149.31065935808
4149.31065935808
3929.7573980846155
3924.128797151652
3924.128797151652
3863.804833652319
3863.804833652319
3863.804833652319
3814.634454455898
3724.3280213829494
3724.3280213829494
3720.6308994048704
3720.6308994048704
3635.515413351992
3459.8122176244015
3434.1977423145545
3098.8558614531685
3098.8558614531685
3098.8558614531685
2996.7771866708354
2991.4878404432093
2980.624398480608
2960.1126117148324
2939.4643898231443
2933.53199890056
2909.0734972437713
2883.799443920394
2808.399029605327
2762.5417156041276
2637.214230806272
2637.214230806272
2570.546243749508
2550.3261360585675
2550.3261360585675
2497.698417831485
2497.698417831485
2497.698417831485
2364.128889774458
2208.577496019878
2208.577496019878
2170.4933469696844
2015.9749683516147
2015.9749683516147
2015.9749683516147
1973.1520790963586
1973.0312613346177
1837.5919355258156
1811.7591619455598
1763.5170126618214
1763.5170126618214
1763.5170126618214
1762.5156848742736
1762.5156848742736
1756.946946609536
1532.8935790366959
1529.1380132010927
1523.3167134118958
1523.3167134118958
1523.119324483685
1522.6271777525599
1522.6271777525599
1521.1807501655712
1350.6305270999128
1350.6305270999128
1336.6886159233618
1336.6886159233618
1332.5437061424782
1331.5940988756665
1293.992996056024
1293.992996056024
1152.607642963274
1152.556643085074
1152.556643085074
1152.556643085074
1152.5551458961072
1152.5329771608995
1144.469695012418
1124.5569731742617
1063.5586517067659
1026.4659364103118
1015.9635820122221
1015.9635820122221
1015.9635820122221
1015.5348820638628
995.2884672012497
897.7138757761768
888.5875682549486
793.905319482461
771.050167878484
771.050167878484
770.1249455454345
768.3648328033705
768.3648328033705
756.0334755224267
662.2215840477911
662.1710704154448
662.1710704154448
554.7535332649131
554.7454308329216
554.745047747554
520.0133012445494
520.0133012445494
519.9491482181129
519.9485595372953
516.7188360150503
506.79832823139077
306.1909025195637
305.93805779868853
298.7848087846869
293.95154236244707
293.94441954002104
293.0005129562651
293.0005129562651
283.4372886382207
283.3699464773381
282.0171735846543
282.01476737118355
281.9812908319982
281.9812908319982
281.9777750949306
271.7990717981902
271.798793272661
201.3337029700906
195.62336992539895
193.53324467973107
193.53324467973107
130.36966117469456
130.3486263131017
97.7406322130555
97.7406322130555
97.64412299846117
86.54556122251597
41.82492678404196
41.82439585333668
41.48160746712347
37.22290823157891
36.62963573853449
36.262161938271674
36.262161938271674
36.262161938271674
30.3761847054393
30.3761847054393
16.65201116445496
15.004195845076538
14.987472420658378
12.766785083680588
12.766032599405662
12.716121456693145
12.714280515065184
12.711690310568883
12.708759441324219
12.708759441324219
12.47957192566355
12.47957192566355
12.47957192566355
12.47957192566355
12.479536142884172
9.106065194511757
9.018588979821288
6.588016172005155
6.587544565405551
6.587544565405551
6.587544565405551
4.704324267246193
4.659240882199811
4.659240882199811
4.659240882199811
4.6518099388849805
4.600014864219702
4.095547597396944
4.086460890761373
4.086460890761373
4.086460890761373
4.075141024553886
3.2421310546433233
3.2389516489110974
3.200293299722034
2.7962261081956967
2.7962260888070887
2.7962260888070887
2.796202398289097
2.6657690823940356
2.6657690823940356
1.3529938099964056
1.3528043260448612
1.350528236504033
1.3503888612540322
0.8855239684999106
0.8850236988309916
0.6526504296489293
0.24378744776913663
0.24378741610780708
0.2437618764815852
0.2437618764815852
0.23429983464302495
0.23429983464302495
0.2263234687707154
0.22383096624616883
0.22383096624616883
0.22328526262754167
0.22117836449615424
0.21718512538063806
0.21685360334959114
0.21685360334959114
0.21685360334959114
0.10191634112379688
0.10186149989749538
0.10169615592349146
0.10169615592349146
0.1016839349467773
0.1016839349467773
0.1016839349467773
0.09918159288827155
0.09916724152390088
0.09916318018076709
0.07803455103749002
0.07802904906566255
0.06283139640072477
0.04041624773526564
0.04041624773526564
0.0403959171326278
0.0403959171326278
0.040388782810623525
0.04038097151533293
0.04038097151533293
0.03582661404834653
0.02715773819545575
0.02331078869792691
0.02331078869792691
0.023309249945668853
0.023307998284508358
0.023307998284508358
0.00644820618799713
0.006446242256060941
0.006415114108676789
0.001634372089029057
0.001634372089029057
0.0016337395300070057
0.0016276759106403915
0.0016276759106403915
0.0016276759106403915
0.0016276759106403915
0.0016276759106403915
0.0016275519137707306
0.0016275519137707306
0.0016067704964370932
0.0016067704964370932
0.0016066907810454722
0.0016066907810454722
0.0015998857143131318
0.0015887826339167077
0.0015203536859189626
0.001519384621133213
0.0013476575095410226
0.0012924993461638223
0.0012924993461638223
0.0006059704919607611
0.0006059651586838299
0.0006059651586838299
0.0005984695853840094
0.0005984658127999865
0.0005984658127999865
0.0005732669305871241
0.0005732613062718883
0.0005720493882108713
0.0005720493882108713
0.00028877812837890815
0.00028877812837890815
0.00028877812837890815
0.00028877812837890815
0.00023479023911932018
0.00023275560124602634
0.00022891629305377137
0.00022891629305377137
0.00021561702305916697
0.0002155974907509517
0.0001939375597430626
0.00015040141624922398
0.00015040141624922398
8.75342248036759e-05
8.75342248036759e-05
8.683494888828136e-05
8.670560782775283e-05
8.649457049614284e-05
8.649457049614284e-05
8.611813973402604e-05
8.137541408359539e-05
4.432710920809768e-05
4.420778350322507e-05
4.420508776092902e-05
4.417654417920858e-05
4.4066055124858394e-05
4.390486719785258e-05
3.115930485364515e-05
3.115930485364515e-05
3.115930485364515e-05
3.1156345357885584e-05
3.11273706756765e-05
3.105179166595917e-05
3.105179166595917e-05
1.8161725165555254e-05
9.892397429211996e-06
9.892397429211996e-06
9.870449503068812e-06
9.435505489818752e-06
9.435505489818752e-06
9.435505489818752e-06
9.435505489818752e-06
6.0037982620997354e-06
6.0037982620997354e-06
5.968428013147786e-06
4.539095243671909e-06
4.539095243671909e-06
3.059911250602454e-06
2.9573457140941173e-06
2.9573457140941173e-06
2.762784788501449e-06
2.672897608135827e-06
2.6719098968897015e-06
2.6698180590756238e-06
1.8053360690828413e-06
1.7109741747844964e-06
1.7109741747844964e-06
1.7109414329752326e-06
1.7109414329752326e-06
1.7108213796745986e-06
1.6812336980365217e-06
1.5166442608460784e-06
1.5165514923864976e-06
1.2550153769552708e-06
1.2550153769552708e-06
1.2550153769552708e-06
1.236758180311881e-06
9.165923984255642e-07
9.00796294445172e-07
9.00796294445172e-07
9.00796294445172e-07
7.400740287266672e-07
7.400740287266672e-07
7.388734957203269e-07
7.366907084360719e-07
7.144226401578635e-07
7.144153642002493e-07
7.144153642002493e-07
7.136950443964452e-07
4.919365892419592e-07
4.919365892419592e-07
4.919365892419592e-07
4.897156031802297e-07
4.6121749619487673e-07
4.6121749619487673e-07
4.6121749619487673e-07
4.2480860429350287e-07
4.1267048800364137e-07
4.1263047023676336e-07
2.97759470413439e-07
2.97759470413439e-07
2.856468199752271e-07
2.303622750332579e-07
1.8916944100055844e-07
1.8458740669302642e-07
1.8447644833941013e-07
1.763437467161566e-07
1.7631100490689278e-07
1.7614001990295947e-07
1.7614001990295947e-07
1.146017893915996e-07
1.138123479904607e-07
1.1372321750968695e-07
1.1342854122631252e-07
5.127003532834351e-08
5.12300175614655e-08
5.12300175614655e-08
5.113724910188466e-08
5.113724910188466e-08
5.0597009249031544e-08
5.0376911531202495e-08
5.0376911531202495e-08
5.030051397625357e-08
4.4836269808001816e-08
4.397043085191399e-08
4.397043085191399e-08
3.861896402668208e-08
1.9130311557091773e-08
1.9130311557091773e-08
1.9075741874985397e-08
1.9075741874985397e-08
1.493026502430439e-08
1.3480530469678342e-08
1.3480530469678342e-08
9.431460057385266e-09
8.905772119760513e-09
8.669303497299552e-09
8.669303497299552e-09
8.54743120726198e-09
8.478309609927237e-09
8.478309609927237e-09
7.898051990196109e-09
7.898051990196109e-09
6.946720532141626e-09
6.664777174592018e-09
4.489265847951174e-09
4.489265847951174e-09
3.4415279515087605e-09
3.4415279515087605e-09
3.3378455555066466e-09
3.3378455555066466e-09
3.3360265661031008e-09
1.940861693583429e-09
1.939042704179883e-09
1.6061676433309913e-09
1.3078533811494708e-09
1.3078533811494708e-09
1.3078533811494708e-09
1.1332303984090686e-09
9.89530235528946e-10
9.89530235528946e-10
9.531504474580288e-10
9.49512468650937e-10
9.440555004402995e-10
3.80168785341084e-10
2.837623469531536e-10
2.837623469531536e-10
2.837623469531536e-10
2.673914423212409e-10
2.6193447411060333e-10
2.582964953035116e-10
2.3646862246096134e-10
2.346496330574155e-10
2.346496330574155e-10
2.3101165425032377e-10
2.3101165425032377e-10
2.3101165425032377e-10
1.5279510989785194e-10
1.5279510989785194e-10
1.4006218407303095e-10
1.2005330063402653e-10
1.2005330063402653e-10
1.1823431123048067e-10
1.1095835361629725e-10
1.1095835361629725e-10
1.000444171950221e-10
9.640643838793039e-11
6.002665031701326e-11
5.820766091346741e-11
5.820766091346741e-11
5.820766091346741e-11
5.820766091346741e-11
5.638867150992155e-11
5.093170329928398e-11
5.093170329928398e-11
5.093170329928398e-11
5.093170329928398e-11
5.093170329928398e-11
5.093170329928398e-11
4.18367562815547e-11
4.18367562815547e-11
3.637978807091713e-11
3.092281986027956e-11
3.092281986027956e-11
2.9103830456733704e-11
1.8189894035458565e-11
1.8189894035458565e-11
1.8189894035458565e-11
1.6370904631912708e-11
1.6370904631912708e-11
1.6370904631912708e-11
1.2732925824820995e-11
1.2732925824820995e-11
1.2732925824820995e-11
1.2732925824820995e-11
1.2732925824820995e-11
1.2732925824820995e-11
1.2732925824820995e-11
1.2732925824820995e-11
1.2732925824820995e-11
1.2732925824820995e-11
1.0913936421275139e-11
1.0913936421275139e-11
1.0913936421275139e-11
1.0913936421275139e-11
1.0913936421275139e-11
1.0913936421275139e-11
1.0913936421275139e-11
1.0913936421275139e-11
1.0913936421275139e-11
1.0913936421275139e-11
1.0913936421275139e-11
1.0913936421275139e-11
1.0913936421275139e-11
1.0913936421275139e-11
1.0913936421275139e-11
1.0913936421275139e-11
1.0913936421275139e-11
1.0913936421275139e-11
9.094947017729282e-12
9.094947017729282e-12
9.094947017729282e-12
9.094947017729282e-12
9.094947017729282e-12
9.094947017729282e-12
9.094947017729282e-12
9.094947017729282e-12
9.094947017729282e-12
9.094947017729282e-12
9.094947017729282e-12
9.094947017729282e-12
9.094947017729282e-12
9.094947017729282e-12
9.094947017729282e-12
9.094947017729282e-12
9.094947017729282e-12
9.094947017729282e-12
7.275957614183426e-12
7.275957614183426e-12
7.275957614183426e-12
7.275957614183426e-12
7.275957614183426e-12
7.275957614183426e-12
7.275957614183426e-12
7.275957614183426e-12
7.275957614183426e-12
7.275957614183426e-12
7.275957614183426e-12
7.275957614183426e-12
7.275957614183426e-12
7.275957614183426e-12
7.275957614183426e-12
7.275957614183426e-12
7.275957614183426e-12
7.275957614183426e-12
7.275957614183426e-12
7.275957614183426e-12
7.275957614183426e-12
7.275957614183426e-12
7.275957614183426e-12
7.275957614183426e-12
7.275957614183426e-12
7.275957614183426e-12
7.275957614183426e-12
7.275957614183426e-12
7.275957614183426e-12
7.275957614183426e-12
7.275957614183426e-12
7.275957614183426e-12
7.275957614183426e-12
7.275957614183426e-12
7.275957614183426e-12
7.275957614183426e-12
7.275957614183426e-12
7.275957614183426e-12
7.275957614183426e-12
7.275957614183426e-12
7.275957614183426e-12
7.275957614183426e-12
7.275957614183426e-12
7.275957614183426e-12
7.275957614183426e-12
7.275957614183426e-12
7.275957614183426e-12
7.275957614183426e-12
7.275957614183426e-12
7.275957614183426e-12
7.275957614183426e-12
7.275957614183426e-12
7.275957614183426e-12
7.275957614183426e-12
7.275957614183426e-12
7.275957614183426e-12
7.275957614183426e-12
7.275957614183426e-12
7.275957614183426e-12
7.275957614183426e-12
7.275957614183426e-12
7.275957614183426e-12
7.275957614183426e-12
7.275957614183426e-12
7.275957614183426e-12
7.275957614183426e-12
7.275957614183426e-12
7.275957614183426e-12
7.275957614183426e-12
7.275957614183426e-12
7.275957614183426e-12
7.275957614183426e-12
7.275957614183426e-12
7.275957614183426e-12
7.275957614183426e-12
7.275957614183426e-12
7.275957614183426e-12
7.275957614183426e-12
7.275957614183426e-12
7.275957614183426e-12
7.275957614183426e-12
7.275957614183426e-12
7.275957614183426e-12
7.275957614183426e-12
7.275957614183426e-12
7.275957614183426e-12
7.275957614183426e-12
7.275957614183426e-12
7.275957614183426e-12
7.275957614183426e-12
7.275957614183426e-12
7.275957614183426e-12
7.275957614183426e-12
7.275957614183426e-12
7.275957614183426e-12
7.275957614183426e-12
7.275957614183426e-12
7.275957614183426e-12
7.275957614183426e-12
7.275957614183426e-12
7.275957614183426e-12
7.275957614183426e-12
5.4569682106375694e-12
5.4569682106375694e-12
5.4569682106375694e-12
5.4569682106375694e-12
5.4569682106375694e-12
5.4569682106375694e-12
5.4569682106375694e-12
5.4569682106375694e-12
5.4569682106375694e-12
5.4569682106375694e-12
5.4569682106375694e-12
5.4569682106375694e-12
5.4569682106375694e-12
5.4569682106375694e-12
5.4569682106375694e-12
5.4569682106375694e-12
5.4569682106375694e-12
5.4569682106375694e-12
5.4569682106375694e-12
5.4569682106375694e-12
5.4569682106375694e-12
5.4569682106375694e-12
5.4569682106375694e-12
5.4569682106375694e-12
5.4569682106375694e-12
5.4569682106375694e-12
5.4569682106375694e-12
5.4569682106375694e-12
5.4569682106375694e-12
5.4569682106375694e-12
5.4569682106375694e-12
5.4569682106375694e-12
5.4569682106375694e-12
5.4569682106375694e-12
5.4569682106375694e-12
5.4569682106375694e-12
5.4569682106375694e-12
5.4569682106375694e-12
5.4569682106375694e-12
5.4569682106375694e-12
5.4569682106375694e-12
5.4569682106375694e-12
5.4569682106375694e-12
5.4569682106375694e-12
5.4569682106375694e-12
5.4569682106375694e-12
5.4569682106375694e-12
5.4569682106375694e-12
5.4569682106375694e-12
5.4569682106375694e-12
5.4569682106375694e-12
5.4569682106375694e-12
5.4569682106375694e-12
5.4569682106375694e-12
5.4569682106375694e-12
5.4569682106375694e-12
5.4569682106375694e-12
5.4569682106375694e-12
5.4569682106375694e-12
5.4569682106375694e-12
5.4569682106375694e-12
5.4569682106375694e-12
5.4569682106375694e-12
5.4569682106375694e-12
5.4569682106375694e-12
5.4569682106375694e-12
5.4569682106375694e-12
5.4569682106375694e-12
5.4569682106375694e-12
5.4569682106375694e-12
5.4569682106375694e-12
5.4569682106375694e-12
5.4569682106375694e-12
5.4569682106375694e-12
5.4569682106375694e-12
5.4569682106375694e-12
5.4569682106375694e-12
5.4569682106375694e-12
5.4569682106375694e-12
5.4569682106375694e-12
5.4569682106375694e-12
5.4569682106375694e-12
5.4569682106375694e-12
5.4569682106375694e-12
5.4569682106375694e-12
5.4569682106375694e-12
5.4569682106375694e-12
5.4569682106375694e-12
5.4569682106375694e-12
5.4569682106375694e-12
5.4569682106375694e-12
5.4569682106375694e-12
5.4569682106375694e-12
5.4569682106375694e-12
5.4569682106375694e-12
5.4569682106375694e-12
5.4569682106375694e-12
5.4569682106375694e-12
5.4569682106375694e-12
5.4569682106375694e-12
5.4569682106375694e-12
5.4569682106375694e-12
5.4569682106375694e-12
5.4569682106375694e-12
5.4569682106375694e-12
5.4569682106375694e-12
5.4569682106375694e-12
5.4569682106375694e-12
5.4569682106375694e-12
5.4569682106375694e-12
5.4569682106375694e-12
5.4569682106375694e-12
5.4569682106375694e-12
5.4569682106375694e-12
5.4569682106375694e-12
5.4569682106375694e-12
5.4569682106375694e-12
5.4569682106375694e-12
5.4569682106375694e-12
5.4569682106375694e-12
5.4569682106375694e-12
5.4569682106375694e-12
5.4569682106375694e-12
5.4569682106375694e-12
5.4569682106375694e-12
5.4569682106375694e-12
5.4569682106375694e-12
5.4569682106375694e-12
5.4569682106375694e-12
5.4569682106375694e-12
5.4569682106375694e-12
5.4569682106375694e-12
5.4569682106375694e-12
5.4569682106375694e-12
5.4569682106375694e-12
5.4569682106375694e-12
5.4569682106375694e-12
5.4569682106375694e-12
5.4569682106375694e-12
5.4569682106375694e-12
5.4569682106375694e-12
5.4569682106375694e-12
5.4569682106375694e-12
5.4569682106375694e-12
5.4569682106375694e-12
5.4569682106375694e-12
5.4569682106375694e-12
5.4569682106375694e-12
5.4569682106375694e-12
5.4569682106375694e-12
5.4569682106375694e-12
5.4569682106375694e-12
5.4569682106375694e-12
5.4569682106375694e-12
5.4569682106375694e-12
5.4569682106375694e-12
5.4569682106375694e-12
5.4569682106375694e-12
5.4569682106375694e-12
5.4569682106375694e-12
5.4569682106375694e-12
5.4569682106375694e-12
5.4569682106375694e-12
5.4569682106375694e-12
5.4569682106375694e-12
5.4569682106375694e-12
5.4569682106375694e-12
5.4569682106375694e-12
5.4569682106375694e-12
5.4569682106375694e-12
5.4569682106375694e-12
5.4569682106375694e-12
5.4569682106375694e-12
5.4569682106375694e-12
5.4569682106375694e-12
5.4569682106375694e-12
5.4569682106375694e-12
5.4569682106375694e-12
5.4569682106375694e-12
5.4569682106375694e-12
5.4569682106375694e-12
5.4569682106375694e-12
5.4569682106375694e-12
5.4569682106375694e-12
5.4569682106375694e-12
5.4569682106375694e-12
5.4569682106375694e-12
5.4569682106375694e-12
5.4569682106375694e-12
5.4569682106375694e-12
5.4569682106375694e-12
5.4569682106375694e-12
5.4569682106375694e-12
5.4569682106375694e-12
5.4569682106375694e-12
5.4569682106375694e-12
5.4569682106375694e-12
5.4569682106375694e-12
5.4569682106375694e-12
5.4569682106375694e-12
5.4569682106375694e-12
5.4569682106375694e-12
5.4569682106375694e-12
5.4569682106375694e-12
5.4569682106375694e-12
5.4569682106375694e-12
5.4569682106375694e-12
5.4569682106375694e-12
5.4569682106375694e-12
5.4569682106375694e-12
5.4569682106375694e-12
5.4569682106375694e-12
5.4569682106375694e-12
5.4569682106375694e-12
5.4569682106375694e-12
5.4569682106375694e-12
5.4569682106375694e-12
5.4569682106375694e-12
5.4569682106375694e-12
5.4569682106375694e-12
5.4569682106375694e-12
5.4569682106375694e-12
5.4569682106375694e-12
5.4569682106375694e-12
5.4569682106375694e-12
5.4569682106375694e-12
5.4569682106375694e-12
5.4569682106375694e-12
5.4569682106375694e-12
5.4569682106375694e-12
5.4569682106375694e-12
5.4569682106375694e-12
5.4569682106375694e-12
5.4569682106375694e-12
5.4569682106375694e-12
5.4569682106375694e-12
5.4569682106375694e-12
5.4569682106375694e-12
5.4569682106375694e-12
5.4569682106375694e-12
5.4569682106375694e-12
5.4569682106375694e-12
5.4569682106375694e-12
5.4569682106375694e-12
5.4569682106375694e-12
5.4569682106375694e-12
5.4569682106375694e-12
5.4569682106375694e-12
5.4569682106375694e-12
5.4569682106375694e-12
5.4569682106375694e-12
5.4569682106375694e-12
5.4569682106375694e-12
5.4569682106375694e-12
5.4569682106375694e-12
5.4569682106375694e-12
5.4569682106375694e-12
5.4569682106375694e-12
5.4569682106375694e-12
5.4569682106375694e-12
5.4569682106375694e-12
5.4569682106375694e-12
5.4569682106375694e-12
5.4569682106375694e-12
5.4569682106375694e-12
5.4569682106375694e-12
5.4569682106375694e-12
5.4569682106375694e-12
5.4569682106375694e-12
5.4569682106375694e-12
5.4569682106375694e-12
5.4569682106375694e-12
5.4569682106375694e-12
5.4569682106375694e-12
5.4569682106375694e-12
5.4569682106375694e-12
5.4569682106375694e-12
5.4569682106375694e-12
5.4569682106375694e-12
5.4569682106375694e-12
5.4569682106375694e-12
5.4569682106375694e-12
5.4569682106375694e-12
5.4569682106375694e-12
5.4569682106375694e-12
5.4569682106375694e-12
5.4569682106375694e-12
5.4569682106375694e-12
5.4569682106375694e-12
5.4569682106375694e-12
5.4569682106375694e-12
5.4569682106375694e-12
5.4569682106375694e-12
5.4569682106375694e-12
5.4569682106375694e-12
5.4569682106375694e-12
5.4569682106375694e-12
5.4569682106375694e-12
5.4569682106375694e-12
5.4569682106375694e-12
5.4569682106375694e-12
5.4569682106375694e-12
5.4569682106375694e-12
5.4569682106375694e-12
5.4569682106375694e-12
5.4569682106375694e-12
5.4569682106375694e-12
5.4569682106375694e-12
5.4569682106375694e-12
5.4569682106375694e-12
5.4569682106375694e-12
5.4569682106375694e-12
5.4569682106375694e-12
5.4569682106375694e-12
5.4569682106375694e-12
5.4569682106375694e-12
5.4569682106375694e-12
5.4569682106375694e-12
5.4569682106375694e-12
5.4569682106375694e-12
5.4569682106375694e-12
5.4569682106375694e-12
5.4569682106375694e-12
5.4569682106375694e-12
5.4569682106375694e-12
5.4569682106375694e-12
5.4569682106375694e-12
5.4569682106375694e-12
5.4569682106375694e-12
