457.79514588446216
457.79514588446216
450.1561207875155
440.42932317820186
419.55560476054814
419.55560476054814
380.62315752181706
380.62315752181706
377.8419045162879
360.3281574954709
359.82037496364
359.82037496364
346.8950136019018
346.8950136019018
346.0074229590185
326.1595971616678
308.22410799772456
301.5564803149018
301.5564803149018
246.15438762806056
246.15438762806056
246.15438762806056
246.15438762806056
246.15438762806056
246.15438762806056
243.2868413866712
231.8022927394362
231.8022927394362
223.03887647423522
215.56810669396856
215.52998555704835
211.4937280525126
211.4937280525126
211.4937280525126
211.4937280525126
209.1188118653738
188.30223486187873
187.92377526519334
187.92377526519334
180.40368404025762
175.80374359679934
166.16028361954952
166.16028361954952
161.0881644684144
159.01731689775482
157.9599850288173
153.00996707787561
153.00996707787561
139.9137472920291
132.15037319656855
124.34990824110162
122.85919814683496
122.85919814683496
115.8210959485649
115.8210959485649
112.81408567664357
112.80641743937775
111.97537766891122
102.39588152401316
92.59079112390538
92.59079112390538
84.78701578933078
77.33219611134507
77.31882684299853
77.28434587536384
77.28434587536384
77.27885202707
77.27885202707
76.7720790206343
76.7720790206343
76.64896887978381
76.64896887978381
76.64896887978381
76.64896887978381
75.23290860169351
75.02406486390242
75.02406486390242
70.74838395550285
70.74838395550285
70.74838395550285
70.7425968735547
70.09139338159008
68.59569536699493
68.59569536699493
65.05039021229959
64.95463537054582
60.71055773813882
57.82894043561805
57.82894043561805
57.82894043561805
57.82894043561805
57.19982690518654
56.25823523486628
52.95207734674631
52.95207734674631
50.04403509260155
45.587168766461815
45.587168766461815
45.550270556738525
45.475665848938064
43.020586494109864
43.020586494109864
43.020586494109864
39.71706792736137
37.86161546546043
34.114125058714365
34.114125058714365
34.114125058714365
33.05817135961752
33.05817135961752
32.977931808720825
27.54109097461196
27.54109097461196
27.530851432648262
27.375091833286206
26.943346412790618
26.943346412790618
26.943346412790618
26.90499372418941
26.90499372418941
26.565888051873742
26.565888051873742
25.63956979615375
24.77352082690436
24.7600338121228
22.716157140400412
22.697341454471086
22.696594770620436
22.33604490627164
21.38442074107786
21.38442074107786
21.216790374731374
21.020119961887133
20.639524501631968
20.630748182552054
20.630748182552054
19.29311018866946
17.765291975790603
17.765291975790603
17.721956751858272
17.256440917804696
17.256440917804696
17.125015565488866
15.807128016531522
15.807128016531522
15.59812871204241
15.59812871204241
15.200566735682628
15.200566735682628
14.627564258646032
14.550534409238878
14.510857824750076
14.100871649737314
14.097420973940075
13.72409456916182
13.255050350991894
9.198387575139577
9.178490661034289
9.178490661034289
9.17445862903594
9.17442927984871
9.17442927984871
8.857028126305806
8.857019373047308
8.688417408096086
8.658828899717207
8.128948420759627
7.4576279419779326
7.410060275718195
7.409798283547559
6.982577554104807
6.964158002502074
6.7139884862307895
6.677165266749853
6.674951066840379
6.560067618575829
6.560067618575829
6.560067618575829
6.560067618575829
5.582408062550883
5.511575981948738
5.51063154954619
5.51063154954619
5.509781083886708
4.547854877167083
4.5478035060900766
4.5478035060900766
4.544458297333563
4.544458297333563
4.544458297333563
4.255410252852641
4.146227647113221
4.146227647113221
4.146227647113221
4.146227647113221
4.146227647113221
3.8781318321335334
3.877704020751878
3.8725575787058233
3.8418198678818385
3.838454551866107
3.838454551866107
3.4929974468555542
3.4929974468555542
3.0808054881687212
3.0808054881687212
2.7267704682731164
2.7266508707323283
2.726627803428073
2.725368383265561
2.701370967525804
2.5195666878638576
2.5195666878638576
2.5194940366990295
2.5194940366990295
2.4816148524797086
2.4813405200359853
2.405874672732182
2.3823694808049254
2.3823694808049254
2.357034552482503
2.357034552482503
2.356914201151085
2.356914201151085
2.356914201151085
2.3568273809803486
2.3396318056479117
2.3321222896148583
2.3321222896148583
2.3320783194482715
2.314564624627792
2.189395251259782
2.189031436655114
2.0425912664456973
2.0367917942443228
2.035573759710303
2.0355735116530127
2.0355735116530127
2.020799551243556
2.0207984191134756
2.0207980665405785
1.8161818538545162
1.8161818538545162
1.8161818293731926
1.8160555035402126
1.8160364231632684
1.8155652148130912
1.6386375936744457
1.217582322957469
1.217582322957469
1.2171316579131144
1.1713442019334366
1.0680727281643954
1.0680726527686488
1.0680726527686488
1.0680725310455728
1.0680725112073333
1.0680725112073333
1.0680438497271325
1.0678954676487251
1.0678942127515825
0.8055132284054594
0.7838509618384819
0.7838506797772311
0.7838506780667558
0.7838506780667558
0.7805599641361027
0.7805599641361027
0.7805599641361027
0.7805596506941583
0.7805596506941583
0.7796007693955858
0.7795950078458418
0.7792351092056151
0.7792351092056151
0.7792345460154024
0.7792187694603854
0.7792187694603854
0.7792187694603854
0.7792183367408825
0.7792183121964058
0.7792183121964058
0.7784888910628069
0.7650782258101003
0.7650562963344782
0.7650487307858498
0.7650484679952001
0.7649453240759954
0.7649453235683836
0.7649453235683836
0.7649453235683836
0.7649251933988239
0.7619206017534452
0.7619206017534452
0.7611282628732852
0.7611282294898274
0.7611280704020373
0.7611280704020373
0.761128069062579
0.7609786609925777
0.7609760831567769
0.7609760831567769
0.7609760831567769
0.7609760831567769
0.7257075816285123
0.7257075816285123
0.7257064615770901
0.7256729839222089
0.7256729839222089
0.7256729839222089
0.7256729839222089
0.7256729839222089
0.43484140141805483
0.4347587576233991
0.4347392439224791
0.42750018636246523
0.32587516827646823
0.32587516827646823
0.3258510087555919
0.3249269034549229
0.3249269034549229
0.3249269022882686
0.2917765088976694
0.2917765088976694
0.2914915934350688
0.2914915933867519
0.07171142894617333
0.07171142825495735
0.07171142519968043
0.07171132377970935
0.003636214739174193
0.003636214739174193
0.0036362079549121518
0.0036362079054583774
0.0036359883355316924
0.0036359883355316924
0.0036359883355316924
0.0036359883355316924
0.0036359552636326953
0.0025874964749164064
0.002585069925260086
0.0025849761370864144
0.002584975918011878
0.002584975918011878
0.002584975918011878
0.00040419160734472825
0.00040309904045443545
0.00040309903982915785
0.0004030493333857521
0.00040304614219621726
0.00040304614219621726
0.0002599868186621279
0.0002599867953563262
0.0002599867953563262
0.0002586908561852397
0.00019347069348896184
0.00019347069348896184
7.311764755968397e-05
6.894361268905413e-05
6.89436110974384e-05
6.89436110974384e-05
6.894296836890135e-05
6.214326322151464e-05
6.214326322151464e-05
6.214326322151464e-05
6.214326322151464e-05
6.214190545961173e-05
5.799488963020849e-05
5.799488963020849e-05
5.799488963020849e-05
5.1785073992505204e-05
4.91789118655106e-05
2.0804417658837338e-05
1.9275447755262576e-05
1.9275103852578468e-05
1.9275103852578468e-05
1.9275103852578468e-05
1.9275097486115556e-05
1.9179710022854124e-05
1.9097452536698256e-05
1.2099595892323123e-05
1.2099595892323123e-05
7.922626537038013e-06
7.922626537038013e-06
7.922626537038013e-06
7.922626537038013e-06
7.898409762674419e-06
7.70424054508112e-06
7.703830760874553e-06
5.724708898924291e-06
5.154037921784038e-06
5.154037921784038e-06
5.144979411397799e-06
4.6006238108020625e-06
3.6316384921519784e-06
3.184764409525087e-06
3.184764409525087e-06
2.502406516668998e-06
2.502406516668998e-06
2.4001636234061152e-06
2.4001636234061152e-06
2.4001636234061152e-06
2.4001636234061152e-06
2.219145017079427e-06
2.219132284153602e-06
2.2191313746589003e-06
2.1464153974193323e-06
2.1464153974193323e-06
2.1464153974193323e-06
9.658595558903471e-07
9.617768910175073e-07
9.617767773306696e-07
9.617764362701564e-07
9.338075983578165e-07
9.338075983578165e-07
9.335199706583808e-07
9.33519061163679e-07
9.33519061163679e-07
9.33519061163679e-07
8.74848524290428e-07
5.761895067735168e-07
5.761895067735168e-07
5.152968469701591e-07
5.113398628964205e-07
4.94316282129148e-07
4.943072440255492e-07
4.943072440255492e-07
4.943071871821303e-07
4.906074195787369e-07
4.901390298073238e-07
4.901390298073238e-07
4.901389161204861e-07
4.6676575493620476e-07
4.6676575493620476e-07
4.6669219955219887e-07
4.6669219955219887e-07
3.960374215239426e-07
3.4341701393714175e-07
3.4300842344237026e-07
3.251055318287399e-07
3.251055318287399e-07
2.2302350544123328e-07
2.067419018203509e-07
2.0672575828939443e-07
3.0565161068807356e-08
3.0541229989466956e-08
3.0541116302629234e-08
3.0541116302629234e-08
3.053366981475847e-08
3.053366981475847e-08
2.3099687496141996e-08
2.3099687496141996e-08
1.4662816738564288e-08
1.4337388165586162e-08
1.4334773368318565e-08
8.911797522159759e-09
8.911342774808872e-09
8.30897306514089e-09
8.30897306514089e-09
8.30897306514089e-09
8.30897306514089e-09
8.30897306514089e-09
5.023025551054161e-09
5.023025551054161e-09
5.023025551054161e-09
5.020353910367703e-09
5.020353910367703e-09
5.020353910367703e-09
4.894616267847596e-09
4.8689230425225105e-09
4.707146672444651e-09
4.7063508645806e-09
4.7063508645806e-09
4.688956778409192e-09
4.68384087071172e-09
3.9478322833019774e-09
3.9478322833019774e-09
3.4667664294829592e-09
2.8440467758628074e-09
2.8297222343098838e-09
2.098602180922171e-09
1.9477965906844474e-09
1.7269599084102083e-09
1.7269599084102083e-09
1.717012310109567e-09
1.717012310109567e-09
1.7139427654910833e-09
6.467075763794128e-10
6.467075763794128e-10
6.467075763794128e-10
6.467075763794128e-10
6.467075763794128e-10
6.467075763794128e-10
6.467075763794128e-10
6.467075763794128e-10
6.467075763794128e-10
6.021423359925393e-10
6.021423359925393e-10
5.863398655492347e-10
5.863398655492347e-10
5.863398655492347e-10
5.863398655492347e-10
4.611706572177354e-10
4.611706572177354e-10
4.5503156798076816e-10
1.2607870303327218e-10
1.2596501619555056e-10
1.2596501619555056e-10
1.2596501619555056e-10
1.2573764252010733e-10
1.2249756764504127e-10
1.2249756764504127e-10
1.1829115464934148e-10
1.1829115464934148e-10
1.141984284913633e-10
8.566303222323768e-11
7.645439836778678e-11
6.917844075360335e-11
6.917844075360335e-11
6.861000656499527e-11
4.1097791836364195e-11
4.1040948417503387e-11
4.1040948417503387e-11
4.1040948417503387e-11
4.1040948417503387e-11
4.1040948417503387e-11
4.092726157978177e-11
3.490185918053612e-11
2.7000623958883807e-11
2.7000623958883807e-11
2.7000623958883807e-11
2.7000623958883807e-11
2.7000623958883807e-11
2.2566837287740782e-11
1.9042545318370685e-11
1.5631940186722204e-11
1.5631940186722204e-11
1.5631940186722204e-11
1.460875864722766e-11
1.3244516594568267e-11
1.3244516594568267e-11
1.3244516594568267e-11
1.3244516594568267e-11
9.890754881780595e-12
9.890754881780595e-12
9.890754881780595e-12
8.242295734817162e-12
8.242295734817162e-12
7.73070496506989e-12
7.73070496506989e-12
5.229594535194337e-12
5.229594535194337e-12
5.059064278611913e-12
4.945377440890297e-12
4.945377440890297e-12
3.069544618483633e-12
3.069544618483633e-12
3.069544618483633e-12
3.069544618483633e-12
3.069544618483633e-12
3.0127011996228248e-12
2.3874235921539366e-12
2.3874235921539366e-12
1.8189894035458565e-12
1.8189894035458565e-12
1.8189894035458565e-12
1.8189894035458565e-12
1.8189894035458565e-12
1.7621459846850485e-12
1.7621459846850485e-12
1.7621459846850485e-12
1.4779288903810084e-12
1.4210854715202004e-12
1.4210854715202004e-12
1.4210854715202004e-12
1.4210854715202004e-12
1.4210854715202004e-12
1.3642420526593924e-12
7.958078640513122e-13
7.958078640513122e-13
5.684341886080801e-13
5.684341886080801e-13
4.547473508864641e-13
2.8421709430404007e-13
2.8421709430404007e-13
2.8421709430404007e-13
2.8421709430404007e-13
2.8421709430404007e-13
2.2737367544323206e-13
2.2737367544323206e-13
2.2737367544323206e-13
2.2737367544323206e-13
2.2737367544323206e-13
2.2737367544323206e-13
2.2737367544323206e-13
2.2737367544323206e-13
1.7053025658242404e-13
1.7053025658242404e-13
1.7053025658242404e-13
1.7053025658242404e-13
1.7053025658242404e-13
1.7053025658242404e-13
1.7053025658242404e-13
1.1368683772161603e-13
1.1368683772161603e-13
1.1368683772161603e-13
1.1368683772161603e-13
1.1368683772161603e-13
1.1368683772161603e-13
1.1368683772161603e-13
1.1368683772161603e-13
1.1368683772161603e-13
1.1368683772161603e-13
1.1368683772161603e-13
1.1368683772161603e-13
1.1368683772161603e-13
1.1368683772161603e-13
1.1368683772161603e-13
1.1368683772161603e-13
1.1368683772161603e-13
5.684341886080802e-14
5.684341886080802e-14
5.684341886080802e-14
5.684341886080802e-14
5.684341886080802e-14
5.684341886080802e-14
5.684341886080802e-14
5.684341886080802e-14
5.684341886080802e-14
5.684341886080802e-14
5.684341886080802e-14
5.684341886080802e-14
5.684341886080802e-14
5.684341886080802e-14
5.684341886080802e-14
5.684341886080802e-14
5.684341886080802e-14
5.684341886080802e-14
5.684341886080802e-14
5.684341886080802e-14
5.684341886080802e-14
5.684341886080802e-14
5.684341886080802e-14
5.684341886080802e-14
5.684341886080802e-14
5.684341886080802e-14
5.684341886080802e-14
5.684341886080802e-14
5.684341886080802e-14
5.684341886080802e-14
5.684341886080802e-14
5.684341886080802e-14
5.684341886080802e-14
5.684341886080802e-14
5.684341886080802e-14
5.684341886080802e-14
5.684341886080802e-14
5.684341886080802e-14
5.684341886080802e-14
5.684341886080802e-14
5.684341886080802e-14
5.684341886080802e-14
5.684341886080802e-14
5.684341886080802e-14
5.684341886080802e-14
5.684341886080802e-14
5.684341886080802e-14
5.684341886080802e-14
5.684341886080802e-14
5.684341886080802e-14
5.684341886080802e-14
5.684341886080802e-14
5.684341886080802e-14
5.684341886080802e-14
5.684341886080802e-14
5.684341886080802e-14
5.684341886080802e-14
5.684341886080802e-14
5.684341886080802e-14
5.684341886080802e-14
5.684341886080802e-14
5.684341886080802e-14
5.684341886080802e-14
5.684341886080802e-14
5.684341886080802e-14
5.684341886080802e-14
5.684341886080802e-14
5.684341886080802e-14
5.684341886080802e-14
5.684341886080802e-14
5.684341886080802e-14
5.684341886080802e-14
5.684341886080802e-14
5.684341886080802e-14
5.684341886080802e-14
5.684341886080802e-14
5.684341886080802e-14
5.684341886080802e-14
5.684341886080802e-14
5.684341886080802e-14
5.684341886080802e-14
5.684341886080802e-14
5.684341886080802e-14
5.684341886080802e-14
5.684341886080802e-14
5.684341886080802e-14
5.684341886080802e-14
5.684341886080802e-14
5.684341886080802e-14
5.684341886080802e-14
5.684341886080802e-14
5.684341886080802e-14
5.684341886080802e-14
5.684341886080802e-14
5.684341886080802e-14
5.684341886080802e-14
5.684341886080802e-14
5.684341886080802e-14
5.684341886080802e-14
5.684341886080802e-14
5.684341886080802e-14
5.684341886080802e-14
5.684341886080802e-14
5.684341886080802e-14
5.684341886080802e-14
5.684341886080802e-14
5.684341886080802e-14
5.684341886080802e-14
5.684341886080802e-14
5.684341886080802e-14
5.684341886080802e-14
5.684341886080802e-14
5.684341886080802e-14
5.684341886080802e-14
5.684341886080802e-14
5.684341886080802e-14
5.684341886080802e-14
5.684341886080802e-14
5.684341886080802e-14
5.684341886080802e-14
5.684341886080802e-14
5.684341886080802e-14
5.684341886080802e-14
5.684341886080802e-14
5.684341886080802e-14
5.684341886080802e-14
5.684341886080802e-14
5.684341886080802e-14
5.684341886080802e-14
5.684341886080802e-14
5.684341886080802e-14
5.684341886080802e-14
5.684341886080802e-14
5.684341886080802e-14
5.684341886080802e-14
5.684341886080802e-14
5.684341886080802e-14
5.684341886080802e-14
5.684341886080802e-14
5.684341886080802e-14
5.684341886080802e-14
5.684341886080802e-14
5.684341886080802e-14
5.684341886080802e-14
5.684341886080802e-14
5.684341886080802e-14
5.684341886080802e-14
5.684341886080802e-14
5.684341886080802e-14
5.684341886080802e-14
5.684341886080802e-14
5.684341886080802e-14
5.684341886080802e-14
5.684341886080802e-14
5.684341886080802e-14
5.684341886080802e-14
5.684341886080802e-14
5.684341886080802e-14
5.684341886080802e-14
5.684341886080802e-14
5.684341886080802e-14
5.684341886080802e-14
5.684341886080802e-14
5.684341886080802e-14
5.684341886080802e-14
5.684341886080802e-14
5.684341886080802e-14
5.684341886080802e-14
5.684341886080802e-14
5.684341886080802e-14
5.684341886080802e-14
5.684341886080802e-14
5.684341886080802e-14
5.684341886080802e-14
5.684341886080802e-14
5.684341886080802e-14
5.684341886080802e-14
5.684341886080802e-14
5.684341886080802e-14
5.684341886080802e-14
5.684341886080802e-14
5.684341886080802e-14
5.684341886080802e-14
5.684341886080802e-14
5.684341886080802e-14
5.684341886080802e-14
5.684341886080802e-14
5.684341886080802e-14
5.684341886080802e-14
5.684341886080802e-14
5.684341886080802e-14
5.684341886080802e-14
5.684341886080802e-14
5.684341886080802e-14
5.684341886080802e-14
5.684341886080802e-14
5.684341886080802e-14
5.684341886080802e-14
5.684341886080802e-14
5.684341886080802e-14
5.684341886080802e-14
5.684341886080802e-14
5.684341886080802e-14
5.684341886080802e-14
5.684341886080802e-14
5.684341886080802e-14
5.684341886080802e-14
5.684341886080802e-14
5.684341886080802e-14
5.684341886080802e-14
5.684341886080802e-14
5.684341886080802e-14
5.684341886080802e-14
5.684341886080802e-14
5.684341886080802e-14
5.684341886080802e-14
5.684341886080802e-14
5.684341886080802e-14
5.684341886080802e-14
5.684341886080802e-14
5.684341886080802e-14
5.684341886080802e-14
5.684341886080802e-14
5.684341886080802e-14
5.684341886080802e-14
5.684341886080802e-14
5.684341886080802e-14
5.684341886080802e-14
5.684341886080802e-14
5.684341886080802e-14
5.684341886080802e-14
5.684341886080802e-14
5.684341886080802e-14
5.684341886080802e-14
5.684341886080802e-14
5.684341886080802e-14
5.684341886080802e-14
5.684341886080802e-14
5.684341886080802e-14
5.684341886080802e-14
5.684341886080802e-14
5.684341886080802e-14
5.684341886080802e-14
5.684341886080802e-14
5.684341886080802e-14
5.684341886080802e-14
5.684341886080802e-14
5.684341886080802e-14
5.684341886080802e-14
5.684341886080802e-14
5.684341886080802e-14
5.684341886080802e-14
5.684341886080802e-14
5.684341886080802e-14
5.684341886080802e-14
5.684341886080802e-14
5.684341886080802e-14
5.684341886080802e-14
5.684341886080802e-14
5.684341886080802e-14
5.684341886080802e-14
5.684341886080802e-14
5.684341886080802e-14
5.684341886080802e-14
5.684341886080802e-14
5.684341886080802e-14
5.684341886080802e-14
5.684341886080802e-14
5.684341886080802e-14
5.684341886080802e-14
5.684341886080802e-14
5.684341886080802e-14
5.684341886080802e-14
5.684341886080802e-14
5.684341886080802e-14
5.684341886080802e-14
5.684341886080802e-14
5.684341886080802e-14
5.684341886080802e-14
5.684341886080802e-14
5.684341886080802e-14
5.684341886080802e-14
5.684341886080802e-14
5.684341886080802e-14
5.684341886080802e-14
5.684341886080802e-14
5.684341886080802e-14
5.684341886080802e-14
5.684341886080802e-14
5.684341886080802e-14
5.684341886080802e-14
5.684341886080802e-14
5.684341886080802e-14
5.684341886080802e-14
5.684341886080802e-14
5.684341886080802e-14
5.684341886080802e-14
5.684341886080802e-14
5.684341886080802e-14
5.684341886080802e-14
5.684341886080802e-14
5.684341886080802e-14
5.684341886080802e-14
5.684341886080802e-14
5.684341886080802e-14
5.684341886080802e-14
5.684341886080802e-14
5.684341886080802e-14
5.684341886080802e-14
5.684341886080802e-14
5.684341886080802e-14
5.684341886080802e-14
5.684341886080802e-14
5.684341886080802e-14
5.684341886080802e-14
5.684341886080802e-14
5.684341886080802e-14
5.684341886080802e-14
5.684341886080802e-14
5.684341886080802e-14
5.684341886080802e-14
5.684341886080802e-14
5.684341886080802e-14
5.684341886080802e-14
5.684341886080802e-14
5.684341886080802e-14
5.684341886080802e-14
5.684341886080802e-14
5.684341886080802e-14
5.684341886080802e-14
5.684341886080802e-14
5.684341886080802e-14
5.684341886080802e-14
5.684341886080802e-14
5.684341886080802e-14
5.684341886080802e-14
5.684341886080802e-14
5.684341886080802e-14
5.684341886080802e-14
5.684341886080802e-14
5.684341886080802e-14
5.684341886080802e-14
5.684341886080802e-14
5.684341886080802e-14
5.684341886080802e-14
5.684341886080802e-14
5.684341886080802e-14
5.684341886080802e-14
5.684341886080802e-14
5.684341886080802e-14
5.684341886080802e-14
5.684341886080802e-14
5.684341886080802e-14
5.684341886080802e-14
5.684341886080802e-14
5.684341886080802e-14
5.684341886080802e-14
5.684341886080802e-14
5.684341886080802e-14
5.684341886080802e-14
5.684341886080802e-14
5.684341886080802e-14
5.684341886080802e-14
5.684341886080802e-14
5.684341886080802e-14
5.684341886080802e-14
5.684341886080802e-14
5.684341886080802e-14
5.684341886080802e-14
5.684341886080802e-14
5.684341886080802e-14
5.684341886080802e-14
5.684341886080802e-14
5.684341886080802e-14
5.684341886080802e-14
5.684341886080802e-14
5.684341886080802e-14
5.684341886080802e-14
5.684341886080802e-14
5.684341886080802e-14
5.684341886080802e-14
5.684341886080802e-14
5.684341886080802e-14
5.684341886080802e-14
5.684341886080802e-14
5.684341886080802e-14
5.684341886080802e-14
5.684341886080802e-14
5.684341886080802e-14
5.684341886080802e-14
5.684341886080802e-14
5.684341886080802e-14
5.684341886080802e-14
5.684341886080802e-14
5.684341886080802e-14
5.684341886080802e-14
5.684341886080802e-14
5.684341886080802e-14
5.684341886080802e-14
5.684341886080802e-14
5.684341886080802e-14
5.684341886080802e-14
5.684341886080802e-14
5.684341886080802e-14
5.684341886080802e-14
5.684341886080802e-14
5.684341886080802e-14
5.684341886080802e-14
5.684341886080802e-14
5.684341886080802e-14
5.684341886080802e-14
5.684341886080802e-14
5.684341886080802e-14
5.684341886080802e-14
5.684341886080802e-14
5.684341886080802e-14
5.684341886080802e-14
5.684341886080802e-14
5.684341886080802e-14
5.684341886080802e-14
5.684341886080802e-14
5.684341886080802e-14
5.684341886080802e-14
5.684341886080802e-14
5.684341886080802e-14
5.684341886080802e-14
5.684341886080802e-14
5.684341886080802e-14
5.684341886080802e-14
5.684341886080802e-14
5.684341886080802e-14
5.684341886080802e-14
5.684341886080802e-14
5.684341886080802e-14
5.684341886080802e-14
5.684341886080802e-14
5.684341886080802e-14
5.684341886080802e-14
5.684341886080802e-14
5.684341886080802e-14
5.684341886080802e-14
5.684341886080802e-14
5.684341886080802e-14
5.684341886080802e-14
5.684341886080802e-14
5.684341886080802e-14
5.684341886080802e-14
5.684341886080802e-14
5.684341886080802e-14
5.684341886080802e-14
5.684341886080802e-14
5.684341886080802e-14
5.684341886080802e-14
5.684341886080802e-14
5.684341886080802e-14
5.684341886080802e-14
5.684341886080802e-14
5.684341886080802e-14
5.684341886080802e-14
5.684341886080802e-14
5.684341886080802e-14
5.684341886080802e-14
5.684341886080802e-14
5.684341886080802e-14
5.684341886080802e-14
5.684341886080802e-14
5.684341886080802e-14
5.684341886080802e-14
5.684341886080802e-14
5.684341886080802e-14
5.684341886080802e-14
5.684341886080802e-14
5.684341886080802e-14
5.684341886080802e-14
5.684341886080802e-14
5.684341886080802e-14
5.684341886080802e-14
5.684341886080802e-14
5.684341886080802e-14
5.684341886080802e-14
5.684341886080802e-14
5.684341886080802e-14
5.684341886080802e-14
5.684341886080802e-14
5.684341886080802e-14
5.684341886080802e-14
5.684341886080802e-14
5.684341886080802e-14
5.684341886080802e-14
5.684341886080802e-14
5.684341886080802e-14
5.684341886080802e-14
5.684341886080802e-14
5.684341886080802e-14
5.684341886080802e-14
5.684341886080802e-14
5.684341886080802e-14
5.684341886080802e-14
5.684341886080802e-14
5.684341886080802e-14
5.684341886080802e-14
5.684341886080802e-14
5.684341886080802e-14
5.684341886080802e-14
5.684341886080802e-14
5.684341886080802e-14
5.684341886080802e-14
5.684341886080802e-14
5.684341886080802e-14
5.684341886080802e-14
5.684341886080802e-14
5.684341886080802e-14
5.684341886080802e-14
5.684341886080802e-14
5.684341886080802e-14
5.684341886080802e-14
5.684341886080802e-14
5.684341886080802e-14
5.684341886080802e-14
5.684341886080802e-14
5.684341886080802e-14
5.684341886080802e-14
5.684341886080802e-14
5.684341886080802e-14
5.684341886080802e-14
5.684341886080802e-14
5.684341886080802e-14
5.684341886080802e-14
5.684341886080802e-14
5.684341886080802e-14
5.684341886080802e-14
5.684341886080802e-14
5.684341886080802e-14
5.684341886080802e-14
5.684341886080802e-14
5.684341886080802e-14
5.684341886080802e-14
5.684341886080802e-14
5.684341886080802e-14
5.684341886080802e-14
5.684341886080802e-14
5.684341886080802e-14
5.684341886080802e-14
5.684341886080802e-14
5.684341886080802e-14
5.684341886080802e-14
5.684341886080802e-14
5.684341886080802e-14
5.684341886080802e-14
5.684341886080802e-14
5.684341886080802e-14
5.684341886080802e-14
5.684341886080802e-14
5.684341886080802e-14
5.684341886080802e-14
5.684341886080802e-14
5.684341886080802e-14
5.684341886080802e-14
5.684341886080802e-14
5.684341886080802e-14
5.684341886080802e-14
5.684341886080802e-14
5.684341886080802e-14
5.684341886080802e-14
5.684341886080802e-14
5.684341886080802e-14
5.684341886080802e-14
5.684341886080802e-14
5.684341886080802e-14
5.684341886080802e-14
5.684341886080802e-14
5.684341886080802e-14
5.684341886080802e-14
5.684341886080802e-14
5.684341886080802e-14
5.684341886080802e-14
5.684341886080802e-14
5.684341886080802e-14
5.684341886080802e-14
5.684341886080802e-14
5.684341886080802e-14
5.684341886080802e-14
5.684341886080802e-14
5.684341886080802e-14
5.684341886080802e-14
5.684341886080802e-14
5.684341886080802e-14
5.684341886080802e-14
5.684341886080802e-14
5.684341886080802e-14
5.684341886080802e-14
5.684341886080802e-14
5.684341886080802e-14
5.684341886080802e-14
5.684341886080802e-14
5.684341886080802e-14
5.684341886080802e-14
5.684341886080802e-14
5.684341886080802e-14
5.684341886080802e-14
5.684341886080802e-14
5.684341886080802e-14
5.684341886080802e-14
5.684341886080802e-14
5.684341886080802e-14
5.684341886080802e-14
5.684341886080802e-14
5.684341886080802e-14
5.684341886080802e-14
5.684341886080802e-14
5.684341886080802e-14
5.684341886080802e-14
5.684341886080802e-14
5.684341886080802e-14
5.684341886080802e-14
5.684341886080802e-14
5.684341886080802e-14
5.684341886080802e-14
5.684341886080802e-14
5.684341886080802e-14
5.684341886080802e-14
5.684341886080802e-14
5.684341886080802e-14
5.684341886080802e-14
5.684341886080802e-14
5.684341886080802e-14
5.684341886080802e-14
5.684341886080802e-14
5.684341886080802e-14
5.684341886080802e-14
5.684341886080802e-14
5.684341886080802e-14
5.684341886080802e-14
5.684341886080802e-14
5.684341886080802e-14
5.684341886080802e-14
5.684341886080802e-14
5.684341886080802e-14
5.684341886080802e-14
5.684341886080802e-14
5.684341886080802e-14
5.684341886080802e-14
5.684341886080802e-14
5.684341886080802e-14
5.684341886080802e-14
5.684341886080802e-14
5.684341886080802e-14
5.684341886080802e-14
5.684341886080802e-14
5.684341886080802e-14
5.684341886080802e-14
5.684341886080802e-14
5.684341886080802e-14
5.684341886080802e-14
5.684341886080802e-14
5.684341886080802e-14
5.684341886080802e-14
5.684341886080802e-14
5.684341886080802e-14
5.684341886080802e-14
5.684341886080802e-14
5.684341886080802e-14
5.684341886080802e-14
5.684341886080802e-14
5.684341886080802e-14
5.684341886080802e-14
5.684341886080802e-14
5.684341886080802e-14
5.684341886080802e-14
5.684341886080802e-14
5.684341886080802e-14
5.684341886080802e-14
5.684341886080802e-14
5.684341886080802e-14
5.684341886080802e-14
5.684341886080802e-14
5.684341886080802e-14
5.684341886080802e-14
5.684341886080802e-14
5.684341886080802e-14
5.684341886080802e-14
5.684341886080802e-14
5.684341886080802e-14
5.684341886080802e-14
5.684341886080802e-14
5.684341886080802e-14
5.684341886080802e-14
5.684341886080802e-14
5.684341886080802e-14
5.684341886080802e-14
5.684341886080802e-14
5.684341886080802e-14
5.684341886080802e-14
5.684341886080802e-14
5.684341886080802e-14
5.684341886080802e-14
5.684341886080802e-14
5.684341886080802e-14
5.684341886080802e-14
5.684341886080802e-14
5.684341886080802e-14
5.684341886080802e-14
5.684341886080802e-14
5.684341886080802e-14
5.684341886080802e-14
5.684341886080802e-14
5.684341886080802e-14
5.684341886080802e-14
5.684341886080802e-14
5.684341886080802e-14
5.684341886080802e-14
5.684341886080802e-14
5.684341886080802e-14
5.684341886080802e-14
5.684341886080802e-14
5.684341886080802e-14
5.684341886080802e-14
5.684341886080802e-14
5.684341886080802e-14
5.684341886080802e-14
5.684341886080802e-14
5.684341886080802e-14
5.684341886080802e-14
5.684341886080802e-14
5.684341886080802e-14
5.684341886080802e-14
5.684341886080802e-14
5.684341886080802e-14
5.684341886080802e-14
5.684341886080802e-14
5.684341886080802e-14
5.684341886080802e-14
5.684341886080802e-14
5.684341886080802e-14
5.684341886080802e-14
5.684341886080802e-14
5.684341886080802e-14
5.684341886080802e-14
5.684341886080802e-14
5.684341886080802e-14
5.684341886080802e-14
5.684341886080802e-14
5.684341886080802e-14
5.684341886080802e-14
5.684341886080802e-14
5.684341886080802e-14
5.684341886080802e-14
5.684341886080802e-14
5.684341886080802e-14
5.684341886080802e-14
5.684341886080802e-14
5.684341886080802e-14
5.684341886080802e-14
5.684341886080802e-14
5.684341886080802e-14
5.684341886080802e-14
5.684341886080802e-14
5.684341886080802e-14
5.684341886080802e-14
5.684341886080802e-14
5.684341886080802e-14
5.684341886080802e-14
5.684341886080802e-14
5.684341886080802e-14
5.684341886080802e-14
5.684341886080802e-14
5.684341886080802e-14
5.684341886080802e-14
5.684341886080802e-14
5.684341886080802e-14
5.684341886080802e-14
5.684341886080802e-14
5.684341886080802e-14
5.684341886080802e-14
5.684341886080802e-14
5.684341886080802e-14
5.684341886080802e-14
5.684341886080802e-14
5.684341886080802e-14
5.684341886080802e-14
5.684341886080802e-14
5.684341886080802e-14
5.684341886080802e-14
5.684341886080802e-14
5.684341886080802e-14
5.684341886080802e-14
5.684341886080802e-14
5.684341886080802e-14
5.684341886080802e-14
5.684341886080802e-14
5.684341886080802e-14
5.684341886080802e-14
5.684341886080802e-14
5.684341886080802e-14
5.684341886080802e-14
5.684341886080802e-14
5.684341886080802e-14
5.684341886080802e-14
5.684341886080802e-14
5.684341886080802e-14
5.684341886080802e-14
5.684341886080802e-14
5.684341886080802e-14
5.684341886080802e-14
5.684341886080802e-14
5.684341886080802e-14
5.684341886080802e-14
5.684341886080802e-14
5.684341886080802e-14
5.684341886080802e-14
5.684341886080802e-14
5.684341886080802e-14
5.684341886080802e-14
5.684341886080802e-14
5.684341886080802e-14
5.684341886080802e-14
5.684341886080802e-14
5.684341886080802e-14
5.684341886080802e-14
5.684341886080802e-14
5.684341886080802e-14
5.684341886080802e-14
5.684341886080802e-14
5.684341886080802e-14
5.684341886080802e-14
5.684341886080802e-14
5.684341886080802e-14
5.684341886080802e-14
5.684341886080802e-14
5.684341886080802e-14
5.684341886080802e-14
5.684341886080802e-14
5.684341886080802e-14
5.684341886080802e-14
5.684341886080802e-14
5.684341886080802e-14
5.684341886080802e-14
5.684341886080802e-14
5.684341886080802e-14
5.684341886080802e-14
5.684341886080802e-14
5.684341886080802e-14
5.684341886080802e-14
5.684341886080802e-14
5.684341886080802e-14
5.684341886080802e-14
5.684341886080802e-14
5.684341886080802e-14
5.684341886080802e-14
5.684341886080802e-14
5.684341886080802e-14
5.684341886080802e-14
5.684341886080802e-14
5.684341886080802e-14
5.684341886080802e-14
5.684341886080802e-14
5.684341886080802e-14
5.684341886080802e-14
5.684341886080802e-14
5.684341886080802e-14
5.684341886080802e-14
5.684341886080802e-14
5.684341886080802e-14
5.684341886080802e-14
5.684341886080802e-14
5.684341886080802e-14
5.684341886080802e-14
5.684341886080802e-14
5.684341886080802e-14
5.684341886080802e-14
5.684341886080802e-14
5.684341886080802e-14
5.684341886080802e-14
5.684341886080802e-14
5.684341886080802e-14
5.684341886080802e-14
5.684341886080802e-14
5.684341886080802e-14
5.684341886080802e-14
5.684341886080802e-14
5.684341886080802e-14
5.684341886080802e-14
5.684341886080802e-14
5.684341886080802e-14
5.684341886080802e-14
5.684341886080802e-14
5.684341886080802e-14
5.684341886080802e-14
5.684341886080802e-14
5.684341886080802e-14
5.684341886080802e-14
5.684341886080802e-14
5.684341886080802e-14
5.684341886080802e-14
5.684341886080802e-14
5.684341886080802e-14
5.684341886080802e-14
5.684341886080802e-14
5.684341886080802e-14
5.684341886080802e-14
5.684341886080802e-14
5.684341886080802e-14
5.684341886080802e-14
5.684341886080802e-14
5.684341886080802e-14
5.684341886080802e-14
5.684341886080802e-14
5.684341886080802e-14
5.684341886080802e-14
5.684341886080802e-14
5.684341886080802e-14
5.684341886080802e-14
5.684341886080802e-14
5.684341886080802e-14
5.684341886080802e-14
5.684341886080802e-14
5.684341886080802e-14
5.684341886080802e-14
5.684341886080802e-14
5.684341886080802e-14
5.684341886080802e-14
5.684341886080802e-14
5.684341886080802e-14
5.684341886080802e-14
5.684341886080802e-14
5.684341886080802e-14
5.684341886080802e-14
5.684341886080802e-14
5.684341886080802e-14
5.684341886080802e-14
5.684341886080802e-14
5.684341886080802e-14
5.684341886080802e-14
5.684341886080802e-14
5.684341886080802e-14
5.684341886080802e-14
5.684341886080802e-14
5.684341886080802e-14
5.684341886080802e-14
5.684341886080802e-14
5.684341886080802e-14
5.684341886080802e-14
5.684341886080802e-14
5.684341886080802e-14
5.684341886080802e-14
5.684341886080802e-14
5.684341886080802e-14
5.684341886080802e-14
5.684341886080802e-14
5.684341886080802e-14
5.684341886080802e-14
5.684341886080802e-14
5.684341886080802e-14
5.684341886080802e-14
5.684341886080802e-14
5.684341886080802e-14
5.684341886080802e-14
5.684341886080802e-14
5.684341886080802e-14
5.684341886080802e-14
5.684341886080802e-14
5.684341886080802e-14
5.684341886080802e-14
5.684341886080802e-14
5.684341886080802e-14
5.684341886080802e-14
5.684341886080802e-14
5.684341886080802e-14
5.684341886080802e-14
5.684341886080802e-14
5.684341886080802e-14
5.684341886080802e-14
5.684341886080802e-14
5.684341886080802e-14
5.684341886080802e-14
5.684341886080802e-14
5.684341886080802e-14
5.684341886080802e-14
5.684341886080802e-14
5.684341886080802e-14
5.684341886080802e-14
5.684341886080802e-14
5.684341886080802e-14
5.684341886080802e-14
5.684341886080802e-14
5.684341886080802e-14
5.684341886080802e-14
5.684341886080802e-14
5.684341886080802e-14
5.684341886080802e-14
5.684341886080802e-14
5.684341886080802e-14
5.684341886080802e-14
5.684341886080802e-14
5.684341886080802e-14
5.684341886080802e-14
5.684341886080802e-14
5.684341886080802e-14
5.684341886080802e-14
5.684341886080802e-14
5.684341886080802e-14
5.684341886080802e-14
5.684341886080802e-14
5.684341886080802e-14
5.684341886080802e-14
5.684341886080802e-14
5.684341886080802e-14
5.684341886080802e-14
5.684341886080802e-14
5.684341886080802e-14
5.684341886080802e-14
5.684341886080802e-14
5.684341886080802e-14
5.684341886080802e-14
5.684341886080802e-14
5.684341886080802e-14
5.684341886080802e-14
5.684341886080802e-14
5.684341886080802e-14
5.684341886080802e-14
5.684341886080802e-14
5.684341886080802e-14
5.684341886080802e-14
5.684341886080802e-14
5.684341886080802e-14
5.684341886080802e-14
5.684341886080802e-14
5.684341886080802e-14
5.684341886080802e-14
5.684341886080802e-14
5.684341886080802e-14
5.684341886080802e-14
5.684341886080802e-14
5.684341886080802e-14
5.684341886080802e-14
5.684341886080802e-14
5.684341886080802e-14
5.684341886080802e-14
5.684341886080802e-14
5.684341886080802e-14
5.684341886080802e-14
5.684341886080802e-14
5.684341886080802e-14
5.684341886080802e-14
5.684341886080802e-14
5.684341886080802e-14
5.684341886080802e-14
5.684341886080802e-14
5.684341886080802e-14
5.684341886080802e-14
5.684341886080802e-14
5.684341886080802e-14
5.684341886080802e-14
5.684341886080802e-14
5.684341886080802e-14
5.684341886080802e-14
5.684341886080802e-14
5.684341886080802e-14
5.684341886080802e-14
5.684341886080802e-14
5.684341886080802e-14
5.684341886080802e-14
5.684341886080802e-14
5.684341886080802e-14
5.684341886080802e-14
5.684341886080802e-14
5.684341886080802e-14
5.684341886080802e-14
5.684341886080802e-14
5.684341886080802e-14
5.684341886080802e-14
5.684341886080802e-14
5.684341886080802e-14
5.684341886080802e-14
5.684341886080802e-14
5.684341886080802e-14
5.684341886080802e-14
5.684341886080802e-14
5.684341886080802e-14
5.684341886080802e-14
5.684341886080802e-14
5.684341886080802e-14
5.684341886080802e-14
5.684341886080802e-14
5.684341886080802e-14
5.684341886080802e-14
5.684341886080802e-14
5.684341886080802e-14
5.684341886080802e-14
5.684341886080802e-14
5.684341886080802e-14
5.684341886080802e-14
5.684341886080802e-14
5.684341886080802e-14
5.684341886080802e-14
5.684341886080802e-14
5.684341886080802e-14
5.684341886080802e-14
5.684341886080802e-14
5.684341886080802e-14
5.684341886080802e-14
5.684341886080802e-14
5.684341886080802e-14
5.684341886080802e-14
5.684341886080802e-14
5.684341886080802e-14
5.684341886080802e-14
5.684341886080802e-14
5.684341886080802e-14
5.684341886080802e-14
5.684341886080802e-14
5.684341886080802e-14
5.684341886080802e-14
5.684341886080802e-14
5.684341886080802e-14
5.684341886080802e-14
5.684341886080802e-14
5.684341886080802e-14
5.684341886080802e-14
5.684341886080802e-14
5.684341886080802e-14
5.684341886080802e-14
5.684341886080802e-14
5.684341886080802e-14
5.684341886080802e-14
5.684341886080802e-14
5.684341886080802e-14
5.684341886080802e-14
5.684341886080802e-14
5.684341886080802e-14
5.684341886080802e-14
5.684341886080802e-14
5.684341886080802e-14
5.684341886080802e-14
5.684341886080802e-14
5.684341886080802e-14
5.684341886080802e-14
5.684341886080802e-14
5.684341886080802e-14
5.684341886080802e-14
5.684341886080802e-14
5.684341886080802e-14
5.684341886080802e-14
5.684341886080802e-14
5.684341886080802e-14
5.684341886080802e-14
5.684341886080802e-14
5.684341886080802e-14
5.684341886080802e-14
5.684341886080802e-14
5.684341886080802e-14
5.684341886080802e-14
5.684341886080802e-14
5.684341886080802e-14
5.684341886080802e-14
5.684341886080802e-14
5.684341886080802e-14
5.684341886080802e-14
5.684341886080802e-14
5.684341886080802e-14
5.684341886080802e-14
5.684341886080802e-14
5.684341886080802e-14
5.684341886080802e-14
5.684341886080802e-14
5.684341886080802e-14
5.684341886080802e-14
5.684341886080802e-14
5.684341886080802e-14
5.684341886080802e-14
5.684341886080802e-14
5.684341886080802e-14
5.684341886080802e-14
5.684341886080802e-14
5.684341886080802e-14
5.684341886080802e-14
5.684341886080802e-14
5.684341886080802e-14
5.684341886080802e-14
5.684341886080802e-14
5.684341886080802e-14
5.684341886080802e-14
5.684341886080802e-14
5.684341886080802e-14
5.684341886080802e-14
5.684341886080802e-14
5.684341886080802e-14
5.684341886080802e-14
5.684341886080802e-14
5.684341886080802e-14
5.684341886080802e-14
5.684341886080802e-14
5.684341886080802e-14
5.684341886080802e-14
5.684341886080802e-14
5.684341886080802e-14
5.684341886080802e-14
5.684341886080802e-14
5.684341886080802e-14
5.684341886080802e-14
5.684341886080802e-14
5.684341886080802e-14
5.684341886080802e-14
5.684341886080802e-14
5.684341886080802e-14
5.684341886080802e-14
5.684341886080802e-14
5.684341886080802e-14
5.684341886080802e-14
5.684341886080802e-14
5.684341886080802e-14
5.684341886080802e-14
5.684341886080802e-14
5.684341886080802e-14
5.684341886080802e-14
5.684341886080802e-14
5.684341886080802e-14
5.684341886080802e-14
5.684341886080802e-14
5.684341886080802e-14
5.684341886080802e-14
5.684341886080802e-14
5.684341886080802e-14
5.684341886080802e-14
5.684341886080802e-14
5.684341886080802e-14
5.684341886080802e-14
5.684341886080802e-14
5.684341886080802e-14
5.684341886080802e-14
5.684341886080802e-14
5.684341886080802e-14
5.684341886080802e-14
5.684341886080802e-14
5.684341886080802e-14
5.684341886080802e-14
5.684341886080802e-14
5.684341886080802e-14
5.684341886080802e-14
5.684341886080802e-14
5.684341886080802e-14
5.684341886080802e-14
5.684341886080802e-14
5.684341886080802e-14
5.684341886080802e-14
5.684341886080802e-14
5.684341886080802e-14
5.684341886080802e-14
5.684341886080802e-14
5.684341886080802e-14
5.684341886080802e-14
5.684341886080802e-14
5.684341886080802e-14
5.684341886080802e-14
5.684341886080802e-14
5.684341886080802e-14
5.684341886080802e-14
5.684341886080802e-14
5.684341886080802e-14
5.684341886080802e-14
5.684341886080802e-14
5.684341886080802e-14
5.684341886080802e-14
5.684341886080802e-14
5.684341886080802e-14
5.684341886080802e-14
5.684341886080802e-14
5.684341886080802e-14
5.684341886080802e-14
5.684341886080802e-14
5.684341886080802e-14
5.684341886080802e-14
5.684341886080802e-14
5.684341886080802e-14
5.684341886080802e-14
5.684341886080802e-14
5.684341886080802e-14
5.684341886080802e-14
5.684341886080802e-14
5.684341886080802e-14
5.684341886080802e-14
5.684341886080802e-14
5.684341886080802e-14
5.684341886080802e-14
5.684341886080802e-14
5.684341886080802e-14
5.684341886080802e-14
5.684341886080802e-14
5.684341886080802e-14
5.684341886080802e-14
5.684341886080802e-14
5.684341886080802e-14
5.684341886080802e-14
5.684341886080802e-14
5.684341886080802e-14
5.684341886080802e-14
5.684341886080802e-14
5.684341886080802e-14
5.684341886080802e-14
5.684341886080802e-14
5.684341886080802e-14
5.684341886080802e-14
5.684341886080802e-14
5.684341886080802e-14
5.684341886080802e-14
5.684341886080802e-14
5.684341886080802e-14
5.684341886080802e-14
5.684341886080802e-14
5.684341886080802e-14
5.684341886080802e-14
5.684341886080802e-14
5.684341886080802e-14
5.684341886080802e-14
5.684341886080802e-14
5.684341886080802e-14
5.684341886080802e-14
5.684341886080802e-14
5.684341886080802e-14
5.684341886080802e-14
5.684341886080802e-14
5.684341886080802e-14
5.684341886080802e-14
5.684341886080802e-14
5.684341886080802e-14
5.684341886080802e-14
5.684341886080802e-14
5.684341886080802e-14
5.684341886080802e-14
5.684341886080802e-14
5.684341886080802e-14
5.684341886080802e-14
5.684341886080802e-14
5.684341886080802e-14
5.684341886080802e-14
5.684341886080802e-14
5.684341886080802e-14
5.684341886080802e-14
5.684341886080802e-14
5.684341886080802e-14
5.684341886080802e-14
5.684341886080802e-14
5.684341886080802e-14
5.684341886080802e-14
5.684341886080802e-14
5.684341886080802e-14
5.684341886080802e-14
5.684341886080802e-14
5.684341886080802e-14
5.684341886080802e-14
5.684341886080802e-14
5.684341886080802e-14
5.684341886080802e-14
5.684341886080802e-14
5.684341886080802e-14
5.684341886080802e-14
5.684341886080802e-14
5.684341886080802e-14
5.684341886080802e-14
5.684341886080802e-14
5.684341886080802e-14
5.684341886080802e-14
5.684341886080802e-14
5.684341886080802e-14
5.684341886080802e-14
5.684341886080802e-14
5.684341886080802e-14
5.684341886080802e-14
5.684341886080802e-14
5.684341886080802e-14
5.684341886080802e-14
5.684341886080802e-14
5.684341886080802e-14
5.684341886080802e-14
5.684341886080802e-14
5.684341886080802e-14
5.684341886080802e-14
5.684341886080802e-14
5.684341886080802e-14
5.684341886080802e-14
5.684341886080802e-14
5.684341886080802e-14
5.684341886080802e-14
5.684341886080802e-14
5.684341886080802e-14
5.684341886080802e-14
5.684341886080802e-14
5.684341886080802e-14
5.684341886080802e-14
5.684341886080802e-14
5.684341886080802e-14
5.684341886080802e-14
5.684341886080802e-14
5.684341886080802e-14
5.684341886080802e-14
5.684341886080802e-14
5.684341886080802e-14
5.684341886080802e-14
5.684341886080802e-14
5.684341886080802e-14
5.684341886080802e-14
5.684341886080802e-14
5.684341886080802e-14
5.684341886080802e-14
5.684341886080802e-14
5.684341886080802e-14
5.684341886080802e-14
5.684341886080802e-14
5.684341886080802e-14
5.684341886080802e-14
5.684341886080802e-14
5.684341886080802e-14
5.684341886080802e-14
5.684341886080802e-14
5.684341886080802e-14
5.684341886080802e-14
5.684341886080802e-14
5.684341886080802e-14
5.684341886080802e-14
5.684341886080802e-14
5.684341886080802e-14
5.684341886080802e-14
5.684341886080802e-14
5.684341886080802e-14
5.684341886080802e-14
5.684341886080802e-14
5.684341886080802e-14
5.684341886080802e-14
5.684341886080802e-14
5.684341886080802e-14
5.684341886080802e-14
5.684341886080802e-14
5.684341886080802e-14
5.684341886080802e-14
5.684341886080802e-14
5.684341886080802e-14
5.684341886080802e-14
5.684341886080802e-14
5.684341886080802e-14
5.684341886080802e-14
5.684341886080802e-14
5.684341886080802e-14
5.684341886080802e-14
5.684341886080802e-14
5.684341886080802e-14
5.684341886080802e-14
5.684341886080802e-14
5.684341886080802e-14
5.684341886080802e-14
5.684341886080802e-14
5.684341886080802e-14
5.684341886080802e-14
5.684341886080802e-14
5.684341886080802e-14
5.684341886080802e-14
5.684341886080802e-14
5.684341886080802e-14
5.684341886080802e-14
5.684341886080802e-14
5.684341886080802e-14
5.684341886080802e-14
5.684341886080802e-14
5.684341886080802e-14
5.684341886080802e-14
5.684341886080802e-14
5.684341886080802e-14
5.684341886080802e-14
5.684341886080802e-14
5.684341886080802e-14
5.684341886080802e-14
5.684341886080802e-14
5.684341886080802e-14
5.684341886080802e-14
5.684341886080802e-14
5.684341886080802e-14
5.684341886080802e-14
5.684341886080802e-14
5.684341886080802e-14
5.684341886080802e-14
5.684341886080802e-14
5.684341886080802e-14
5.684341886080802e-14
5.684341886080802e-14
5.684341886080802e-14
5.684341886080802e-14
5.684341886080802e-14
5.684341886080802e-14
5.684341886080802e-14
5.684341886080802e-14
5.684341886080802e-14
5.684341886080802e-14
5.684341886080802e-14
5.684341886080802e-14
5.684341886080802e-14
5.684341886080802e-14
5.684341886080802e-14
5.684341886080802e-14
5.684341886080802e-14
5.684341886080802e-14
5.684341886080802e-14
5.684341886080802e-14
5.684341886080802e-14
5.684341886080802e-14
5.684341886080802e-14
5.684341886080802e-14
5.684341886080802e-14
5.684341886080802e-14
5.684341886080802e-14
5.684341886080802e-14
5.684341886080802e-14
5.684341886080802e-14
5.684341886080802e-14
5.684341886080802e-14
5.684341886080802e-14
5.684341886080802e-14
5.684341886080802e-14
5.684341886080802e-14
5.684341886080802e-14
5.684341886080802e-14
5.684341886080802e-14
5.684341886080802e-14
5.684341886080802e-14
5.684341886080802e-14
5.684341886080802e-14
5.684341886080802e-14
5.684341886080802e-14
5.684341886080802e-14
5.684341886080802e-14
5.684341886080802e-14
5.684341886080802e-14
5.684341886080802e-14
5.684341886080802e-14
5.684341886080802e-14
5.684341886080802e-14
5.684341886080802e-14
5.684341886080802e-14
5.684341886080802e-14
5.684341886080802e-14
5.684341886080802e-14
5.684341886080802e-14
5.684341886080802e-14
5.684341886080802e-14
5.684341886080802e-14
5.684341886080802e-14
5.684341886080802e-14
5.684341886080802e-14
5.684341886080802e-14
5.684341886080802e-14
5.684341886080802e-14
5.684341886080802e-14
5.684341886080802e-14
5.684341886080802e-14
5.684341886080802e-14
5.684341886080802e-14
5.684341886080802e-14
5.684341886080802e-14
5.684341886080802e-14
5.684341886080802e-14
5.684341886080802e-14
5.684341886080802e-14
5.684341886080802e-14
5.684341886080802e-14
5.684341886080802e-14
5.684341886080802e-14
5.684341886080802e-14
5.684341886080802e-14
5.684341886080802e-14
5.684341886080802e-14
5.684341886080802e-14
5.684341886080802e-14
5.684341886080802e-14
5.684341886080802e-14
5.684341886080802e-14
5.684341886080802e-14
5.684341886080802e-14
5.684341886080802e-14
5.684341886080802e-14
5.684341886080802e-14
5.684341886080802e-14
5.684341886080802e-14
5.684341886080802e-14
5.684341886080802e-14
5.684341886080802e-14
5.684341886080802e-14
5.684341886080802e-14
5.684341886080802e-14
5.684341886080802e-14
5.684341886080802e-14
5.684341886080802e-14
5.684341886080802e-14
5.684341886080802e-14
5.684341886080802e-14
5.684341886080802e-14
5.684341886080802e-14
5.684341886080802e-14
5.684341886080802e-14
5.684341886080802e-14
5.684341886080802e-14
5.684341886080802e-14
5.684341886080802e-14
5.684341886080802e-14
5.684341886080802e-14
5.684341886080802e-14
5.684341886080802e-14
5.684341886080802e-14
5.684341886080802e-14
5.684341886080802e-14
5.684341886080802e-14
5.684341886080802e-14
5.684341886080802e-14
5.684341886080802e-14
5.684341886080802e-14
5.684341886080802e-14
5.684341886080802e-14
5.684341886080802e-14
5.684341886080802e-14
5.684341886080802e-14
5.684341886080802e-14
5.684341886080802e-14
5.684341886080802e-14
5.684341886080802e-14
5.684341886080802e-14
5.684341886080802e-14
5.684341886080802e-14
5.684341886080802e-14
5.684341886080802e-14
5.684341886080802e-14
5.684341886080802e-14
5.684341886080802e-14
5.684341886080802e-14
5.684341886080802e-14
5.684341886080802e-14
5.684341886080802e-14
5.684341886080802e-14
5.684341886080802e-14
5.684341886080802e-14
5.684341886080802e-14
5.684341886080802e-14
5.684341886080802e-14
5.684341886080802e-14
5.684341886080802e-14
5.684341886080802e-14
5.684341886080802e-14
5.684341886080802e-14
5.684341886080802e-14
5.684341886080802e-14
5.684341886080802e-14
5.684341886080802e-14
5.684341886080802e-14
5.684341886080802e-14
5.684341886080802e-14
5.684341886080802e-14
5.684341886080802e-14
5.684341886080802e-14
5.684341886080802e-14
5.684341886080802e-14
5.684341886080802e-14
5.684341886080802e-14
5.684341886080802e-14
5.684341886080802e-14
5.684341886080802e-14
5.684341886080802e-14
5.684341886080802e-14
5.684341886080802e-14
5.684341886080802e-14
5.684341886080802e-14
5.684341886080802e-14
5.684341886080802e-14
5.684341886080802e-14
5.684341886080802e-14
5.684341886080802e-14
5.684341886080802e-14
5.684341886080802e-14
5.684341886080802e-14
5.684341886080802e-14
5.684341886080802e-14
5.684341886080802e-14
5.684341886080802e-14
5.684341886080802e-14
5.684341886080802e-14
5.684341886080802e-14
5.684341886080802e-14
5.684341886080802e-14
5.684341886080802e-14
5.684341886080802e-14
5.684341886080802e-14
5.684341886080802e-14
5.684341886080802e-14
5.684341886080802e-14
5.684341886080802e-14
5.684341886080802e-14
5.684341886080802e-14
5.684341886080802e-14
5.684341886080802e-14
5.684341886080802e-14
5.684341886080802e-14
5.684341886080802e-14
5.684341886080802e-14
5.684341886080802e-14
5.684341886080802e-14
5.684341886080802e-14
5.684341886080802e-14
5.684341886080802e-14
5.684341886080802e-14
5.684341886080802e-14
5.684341886080802e-14
5.684341886080802e-14
5.684341886080802e-14
5.684341886080802e-14
5.684341886080802e-14
5.684341886080802e-14
5.684341886080802e-14
5.684341886080802e-14
5.684341886080802e-14
5.684341886080802e-14
5.684341886080802e-14
5.684341886080802e-14
5.684341886080802e-14
5.684341886080802e-14
5.684341886080802e-14
5.684341886080802e-14
5.684341886080802e-14
5.684341886080802e-14
5.684341886080802e-14
5.684341886080802e-14
5.684341886080802e-14
5.684341886080802e-14
5.684341886080802e-14
5.684341886080802e-14
5.684341886080802e-14
5.684341886080802e-14
5.684341886080802e-14
5.684341886080802e-14
5.684341886080802e-14
5.684341886080802e-14
5.684341886080802e-14
5.684341886080802e-14
5.684341886080802e-14
5.684341886080802e-14
5.684341886080802e-14
5.684341886080802e-14
5.684341886080802e-14
5.684341886080802e-14
5.684341886080802e-14
5.684341886080802e-14
5.684341886080802e-14
5.684341886080802e-14
5.684341886080802e-14
5.684341886080802e-14
5.684341886080802e-14
5.684341886080802e-14
5.684341886080802e-14
5.684341886080802e-14
5.684341886080802e-14
5.684341886080802e-14
5.684341886080802e-14
5.684341886080802e-14
5.684341886080802e-14
5.684341886080802e-14
5.684341886080802e-14
5.684341886080802e-14
5.684341886080802e-14
5.684341886080802e-14
5.684341886080802e-14
5.684341886080802e-14
5.684341886080802e-14
5.684341886080802e-14
5.684341886080802e-14
5.684341886080802e-14
5.684341886080802e-14
5.684341886080802e-14
5.684341886080802e-14
5.684341886080802e-14
5.684341886080802e-14
5.684341886080802e-14
5.684341886080802e-14
5.684341886080802e-14
5.684341886080802e-14
5.684341886080802e-14
5.684341886080802e-14
5.684341886080802e-14
5.684341886080802e-14
5.684341886080802e-14
5.684341886080802e-14
5.684341886080802e-14
5.684341886080802e-14
5.684341886080802e-14
5.684341886080802e-14
5.684341886080802e-14
5.684341886080802e-14
5.684341886080802e-14
5.684341886080802e-14
5.684341886080802e-14
5.684341886080802e-14
5.684341886080802e-14
5.684341886080802e-14
5.684341886080802e-14
5.684341886080802e-14
5.684341886080802e-14
5.684341886080802e-14
5.684341886080802e-14
5.684341886080802e-14
5.684341886080802e-14
5.684341886080802e-14
5.684341886080802e-14
5.684341886080802e-14
5.684341886080802e-14
5.684341886080802e-14
5.684341886080802e-14
5.684341886080802e-14
5.684341886080802e-14
5.684341886080802e-14
5.684341886080802e-14
5.684341886080802e-14
5.684341886080802e-14
5.684341886080802e-14
5.684341886080802e-14
5.684341886080802e-14
5.684341886080802e-14
5.684341886080802e-14
5.684341886080802e-14
5.684341886080802e-14
5.684341886080802e-14
5.684341886080802e-14
5.684341886080802e-14
5.684341886080802e-14
5.684341886080802e-14
5.684341886080802e-14
5.684341886080802e-14
5.684341886080802e-14
5.684341886080802e-14
5.684341886080802e-14
5.684341886080802e-14
5.684341886080802e-14
5.684341886080802e-14
5.684341886080802e-14
5.684341886080802e-14
5.684341886080802e-14
5.684341886080802e-14
5.684341886080802e-14
5.684341886080802e-14
5.684341886080802e-14
5.684341886080802e-14
5.684341886080802e-14
5.684341886080802e-14
5.684341886080802e-14
5.684341886080802e-14
5.684341886080802e-14
5.684341886080802e-14
5.684341886080802e-14
5.684341886080802e-14
5.684341886080802e-14
5.684341886080802e-14
5.684341886080802e-14
5.684341886080802e-14
5.684341886080802e-14
5.684341886080802e-14
5.684341886080802e-14
5.684341886080802e-14
5.684341886080802e-14
5.684341886080802e-14
5.684341886080802e-14
5.684341886080802e-14
5.684341886080802e-14
5.684341886080802e-14
5.684341886080802e-14
5.684341886080802e-14
5.684341886080802e-14
5.684341886080802e-14
5.684341886080802e-14
5.684341886080802e-14
5.684341886080802e-14
5.684341886080802e-14
5.684341886080802e-14
5.684341886080802e-14
5.684341886080802e-14
5.684341886080802e-14
5.684341886080802e-14
5.684341886080802e-14
5.684341886080802e-14
5.684341886080802e-14
5.684341886080802e-14
5.684341886080802e-14
5.684341886080802e-14
5.684341886080802e-14
5.684341886080802e-14
5.684341886080802e-14
5.684341886080802e-14
5.684341886080802e-14
5.684341886080802e-14
5.684341886080802e-14
5.684341886080802e-14
5.684341886080802e-14
5.684341886080802e-14
5.684341886080802e-14
5.684341886080802e-14
5.684341886080802e-14
5.684341886080802e-14
5.684341886080802e-14
5.684341886080802e-14
5.684341886080802e-14
5.684341886080802e-14
5.684341886080802e-14
5.684341886080802e-14
5.684341886080802e-14
5.684341886080802e-14
5.684341886080802e-14
5.684341886080802e-14
5.684341886080802e-14
5.684341886080802e-14
5.684341886080802e-14
5.684341886080802e-14
5.684341886080802e-14
5.684341886080802e-14
5.684341886080802e-14
5.684341886080802e-14
5.684341886080802e-14
5.684341886080802e-14
5.684341886080802e-14
5.684341886080802e-14
5.684341886080802e-14
5.684341886080802e-14
5.684341886080802e-14
5.684341886080802e-14
5.684341886080802e-14
5.684341886080802e-14
5.684341886080802e-14
5.684341886080802e-14
5.684341886080802e-14
5.684341886080802e-14
5.684341886080802e-14
5.684341886080802e-14
5.684341886080802e-14
5.684341886080802e-14
5.684341886080802e-14
5.684341886080802e-14
5.684341886080802e-14
5.684341886080802e-14
5.684341886080802e-14
5.684341886080802e-14
5.684341886080802e-14
5.684341886080802e-14
5.684341886080802e-14
5.684341886080802e-14
5.684341886080802e-14
5.684341886080802e-14
5.684341886080802e-14
5.684341886080802e-14
5.684341886080802e-14
5.684341886080802e-14
5.684341886080802e-14
5.684341886080802e-14
5.684341886080802e-14
5.684341886080802e-14
5.684341886080802e-14
5.684341886080802e-14
5.684341886080802e-14
5.684341886080802e-14
5.684341886080802e-14
5.684341886080802e-14
5.684341886080802e-14
5.684341886080802e-14
5.684341886080802e-14
5.684341886080802e-14
5.684341886080802e-14
5.684341886080802e-14
5.684341886080802e-14
5.684341886080802e-14
5.684341886080802e-14
5.684341886080802e-14
5.684341886080802e-14
5.684341886080802e-14
5.684341886080802e-14
5.684341886080802e-14
5.684341886080802e-14
5.684341886080802e-14
5.684341886080802e-14
5.684341886080802e-14
5.684341886080802e-14
5.684341886080802e-14
5.684341886080802e-14
5.684341886080802e-14
5.684341886080802e-14
5.684341886080802e-14
5.684341886080802e-14
5.684341886080802e-14
5.684341886080802e-14
5.684341886080802e-14
5.684341886080802e-14
5.684341886080802e-14
5.684341886080802e-14
5.684341886080802e-14
5.684341886080802e-14
5.684341886080802e-14
5.684341886080802e-14
5.684341886080802e-14
5.684341886080802e-14
5.684341886080802e-14
5.684341886080802e-14
5.684341886080802e-14
5.684341886080802e-14
5.684341886080802e-14
5.684341886080802e-14
5.684341886080802e-14
5.684341886080802e-14
5.684341886080802e-14
5.684341886080802e-14
5.684341886080802e-14
5.684341886080802e-14
5.684341886080802e-14
5.684341886080802e-14
5.684341886080802e-14
5.684341886080802e-14
5.684341886080802e-14
5.684341886080802e-14
5.684341886080802e-14
5.684341886080802e-14
5.684341886080802e-14
5.684341886080802e-14
5.684341886080802e-14
5.684341886080802e-14
5.684341886080802e-14
5.684341886080802e-14
5.684341886080802e-14
5.684341886080802e-14
5.684341886080802e-14
5.684341886080802e-14
5.684341886080802e-14
5.684341886080802e-14
5.684341886080802e-14
5.684341886080802e-14
5.684341886080802e-14
5.684341886080802e-14
5.684341886080802e-14
5.684341886080802e-14
5.684341886080802e-14
5.684341886080802e-14
5.684341886080802e-14
5.684341886080802e-14
5.684341886080802e-14
5.684341886080802e-14
5.684341886080802e-14
5.684341886080802e-14
5.684341886080802e-14
5.684341886080802e-14
5.684341886080802e-14
5.684341886080802e-14
5.684341886080802e-14
5.684341886080802e-14
5.684341886080802e-14
5.684341886080802e-14
5.684341886080802e-14
5.684341886080802e-14
5.684341886080802e-14
5.684341886080802e-14
5.684341886080802e-14
5.684341886080802e-14
5.684341886080802e-14
5.684341886080802e-14
5.684341886080802e-14
5.684341886080802e-14
5.684341886080802e-14
5.684341886080802e-14
5.684341886080802e-14
5.684341886080802e-14
5.684341886080802e-14
5.684341886080802e-14
5.684341886080802e-14
5.684341886080802e-14
5.684341886080802e-14
5.684341886080802e-14
5.684341886080802e-14
5.684341886080802e-14
5.684341886080802e-14
5.684341886080802e-14
5.684341886080802e-14
5.684341886080802e-14
5.684341886080802e-14
5.684341886080802e-14
5.684341886080802e-14
5.684341886080802e-14
5.684341886080802e-14
5.684341886080802e-14
5.684341886080802e-14
5.684341886080802e-14
5.684341886080802e-14
5.684341886080802e-14
5.684341886080802e-14
5.684341886080802e-14
5.684341886080802e-14
5.684341886080802e-14
5.684341886080802e-14
5.684341886080802e-14
5.684341886080802e-14
5.684341886080802e-14
5.684341886080802e-14
5.684341886080802e-14
5.684341886080802e-14
5.684341886080802e-14
5.684341886080802e-14
5.684341886080802e-14
5.684341886080802e-14
5.684341886080802e-14
5.684341886080802e-14
5.684341886080802e-14
5.684341886080802e-14
5.684341886080802e-14
5.684341886080802e-14
5.684341886080802e-14
5.684341886080802e-14
5.684341886080802e-14
5.684341886080802e-14
5.684341886080802e-14
5.684341886080802e-14
5.684341886080802e-14
5.684341886080802e-14
5.684341886080802e-14
5.684341886080802e-14
5.684341886080802e-14
5.684341886080802e-14
5.684341886080802e-14
5.684341886080802e-14
5.684341886080802e-14
5.684341886080802e-14
5.684341886080802e-14
5.684341886080802e-14
5.684341886080802e-14
5.684341886080802e-14
5.684341886080802e-14
5.684341886080802e-14
5.684341886080802e-14
5.684341886080802e-14
5.684341886080802e-14
5.684341886080802e-14
5.684341886080802e-14
5.684341886080802e-14
5.684341886080802e-14
5.684341886080802e-14
5.684341886080802e-14
5.684341886080802e-14
5.684341886080802e-14
5.684341886080802e-14
5.684341886080802e-14
5.684341886080802e-14
5.684341886080802e-14
5.684341886080802e-14
5.684341886080802e-14
5.684341886080802e-14
5.684341886080802e-14
5.684341886080802e-14
5.684341886080802e-14
5.684341886080802e-14
5.684341886080802e-14
5.684341886080802e-14
5.684341886080802e-14
5.684341886080802e-14
5.684341886080802e-14
5.684341886080802e-14
5.684341886080802e-14
5.684341886080802e-14
5.684341886080802e-14
5.684341886080802e-14
5.684341886080802e-14
5.684341886080802e-14
5.684341886080802e-14
5.684341886080802e-14
5.684341886080802e-14
5.684341886080802e-14
5.684341886080802e-14
5.684341886080802e-14
5.684341886080802e-14
5.684341886080802e-14
5.684341886080802e-14
5.684341886080802e-14
5.684341886080802e-14
5.684341886080802e-14
5.684341886080802e-14
5.684341886080802e-14
5.684341886080802e-14
5.684341886080802e-14
5.684341886080802e-14
5.684341886080802e-14
5.684341886080802e-14
5.684341886080802e-14
5.684341886080802e-14
5.684341886080802e-14
5.684341886080802e-14
5.684341886080802e-14
5.684341886080802e-14
5.684341886080802e-14
5.684341886080802e-14
5.684341886080802e-14
5.684341886080802e-14
5.684341886080802e-14
5.684341886080802e-14
5.684341886080802e-14
5.684341886080802e-14
5.684341886080802e-14
5.684341886080802e-14
5.684341886080802e-14
5.684341886080802e-14
5.684341886080802e-14
5.684341886080802e-14
5.684341886080802e-14
5.684341886080802e-14
5.684341886080802e-14
5.684341886080802e-14
5.684341886080802e-14
5.684341886080802e-14
5.684341886080802e-14
5.684341886080802e-14
5.684341886080802e-14
5.684341886080802e-14
5.684341886080802e-14
5.684341886080802e-14
5.684341886080802e-14
5.684341886080802e-14
5.684341886080802e-14
5.684341886080802e-14
5.684341886080802e-14
5.684341886080802e-14
5.684341886080802e-14
5.684341886080802e-14
5.684341886080802e-14
5.684341886080802e-14
5.684341886080802e-14
5.684341886080802e-14
5.684341886080802e-14
5.684341886080802e-14
5.684341886080802e-14
5.684341886080802e-14
5.684341886080802e-14
5.684341886080802e-14
5.684341886080802e-14
5.684341886080802e-14
5.684341886080802e-14
5.684341886080802e-14
5.684341886080802e-14
5.684341886080802e-14
5.684341886080802e-14
5.684341886080802e-14
5.684341886080802e-14
5.684341886080802e-14
5.684341886080802e-14
5.684341886080802e-14
5.684341886080802e-14
5.684341886080802e-14
5.684341886080802e-14
5.684341886080802e-14
5.684341886080802e-14
5.684341886080802e-14
5.684341886080802e-14
5.684341886080802e-14
5.684341886080802e-14
5.684341886080802e-14
5.684341886080802e-14
5.684341886080802e-14
5.684341886080802e-14
5.684341886080802e-14
5.684341886080802e-14
5.684341886080802e-14
5.684341886080802e-14
5.684341886080802e-14
5.684341886080802e-14
5.684341886080802e-14
5.684341886080802e-14
5.684341886080802e-14
5.684341886080802e-14
5.684341886080802e-14
5.684341886080802e-14
5.684341886080802e-14
5.684341886080802e-14
5.684341886080802e-14
5.684341886080802e-14
5.684341886080802e-14
5.684341886080802e-14
5.684341886080802e-14
5.684341886080802e-14
5.684341886080802e-14
5.684341886080802e-14
5.684341886080802e-14
5.684341886080802e-14
5.684341886080802e-14
5.684341886080802e-14
5.684341886080802e-14
5.684341886080802e-14
5.684341886080802e-14
5.684341886080802e-14
5.684341886080802e-14
5.684341886080802e-14
5.684341886080802e-14
5.684341886080802e-14
5.684341886080802e-14
5.684341886080802e-14
5.684341886080802e-14
5.684341886080802e-14
5.684341886080802e-14
5.684341886080802e-14
5.684341886080802e-14
5.684341886080802e-14
5.684341886080802e-14
5.684341886080802e-14
5.684341886080802e-14
5.684341886080802e-14
5.684341886080802e-14
5.684341886080802e-14
5.684341886080802e-14
5.684341886080802e-14
5.684341886080802e-14
5.684341886080802e-14
5.684341886080802e-14
5.684341886080802e-14
5.684341886080802e-14
5.684341886080802e-14
5.684341886080802e-14
5.684341886080802e-14
5.684341886080802e-14
5.684341886080802e-14
5.684341886080802e-14
5.684341886080802e-14
5.684341886080802e-14
5.684341886080802e-14
5.684341886080802e-14
5.684341886080802e-14
5.684341886080802e-14
5.684341886080802e-14
5.684341886080802e-14
0.0
0.0
0.0
0.0
0.0
0.0
0.0
0.0
0.0
0.0
0.0
0.0
0.0
0.0
0.0
0.0
0.0
0.0
0.0
0.0
0.0
0.0
0.0
0.0
0.0
0.0
0.0
0.0
0.0
0.0
0.0
0.0
0.0
0.0
0.0
0.0
0.0
0.0
0.0
0.0
0.0
0.0
0.0
0.0
0.0
0.0
0.0
0.0
0.0
0.0
0.0
0.0
0.0
0.0
0.0
0.0
0.0
0.0
0.0
0.0
0.0
0.0
0.0
0.0
0.0
0.0
0.0
0.0
0.0
0.0
0.0
0.0
0.0
0.0
0.0
0.0
0.0
0.0
0.0
0.0
0.0
0.0
0.0
0.0
0.0
0.0
0.0
0.0
0.0
0.0
0.0
0.0
0.0
0.0
0.0
0.0
0.0
0.0
0.0
0.0
0.0
0.0
0.0
0.0
0.0
0.0
0.0
0.0
0.0
0.0
0.0
0.0
0.0
0.0
0.0
0.0
0.0
0.0
0.0
0.0
0.0
0.0
0.0
0.0
0.0
0.0
0.0
0.0
0.0
0.0
0.0
0.0
0.0
0.0
0.0
0.0
0.0
0.0
0.0
0.0
0.0
0.0
0.0
0.0
0.0
0.0
0.0
0.0
0.0
0.0
0.0
0.0
0.0
0.0
0.0
0.0
0.0
0.0
0.0
0.0
0.0
0.0
0.0
0.0
0.0
0.0
0.0
0.0
0.0
0.0
0.0
0.0
0.0
0.0
0.0
0.0
0.0
0.0
0.0
0.0
0.0
0.0
0.0
0.0
0.0
0.0
0.0
0.0
0.0
0.0
0.0
0.0
0.0
0.0
0.0
0.0
0.0
0.0
0.0
0.0
0.0
0.0
0.0
0.0
0.0
0.0
0.0
0.0
0.0
0.0
0.0
0.0
0.0
0.0
0.0
0.0
0.0
0.0
0.0
0.0
0.0
0.0
0.0
0.0
0.0
0.0
0.0
0.0
0.0
0.0
0.0
0.0
0.0
0.0
0.0
0.0
0.0
0.0
0.0
0.0
0.0
0.0
0.0
0.0
0.0
0.0
0.0
0.0
0.0
0.0
0.0
0.0
0.0
0.0
0.0
0.0
0.0
0.0
0.0
0.0
0.0
0.0
0.0
0.0
0.0
0.0
0.0
0.0
0.0
0.0
0.0
0.0
0.0
0.0
0.0
0.0
0.0
0.0
0.0
0.0
0.0
0.0
0.0
0.0
0.0
0.0
0.0
0.0
0.0
0.0
0.0
0.0
0.0
0.0
0.0
0.0
0.0
0.0
0.0
0.0
0.0
0.0
0.0
0.0
0.0
0.0
0.0
0.0
0.0
0.0
0.0
0.0
0.0
0.0
0.0
0.0
0.0
0.0
0.0
0.0
0.0
0.0
0.0
0.0
0.0
0.0
0.0
0.0
0.0
0.0
0.0
0.0
0.0
0.0
0.0
0.0
0.0
0.0
0.0
0.0
0.0
0.0
0.0
0.0
0.0
0.0
0.0
0.0
0.0
0.0
0.0
0.0
0.0
0.0
0.0
0.0
0.0
0.0
0.0
0.0
0.0
0.0
0.0
0.0
0.0
0.0
0.0
0.0
0.0
0.0
0.0
0.0
0.0
0.0
0.0
0.0
0.0
0.0
0.0
0.0
0.0
0.0
0.0
0.0
0.0
0.0
0.0
0.0
0.0
0.0
0.0
0.0
0.0
0.0
0.0
0.0
0.0
0.0
0.0
0.0
0.0
0.0
0.0
0.0
0.0
0.0
0.0
0.0
0.0
0.0
0.0
0.0
0.0
0.0
0.0
0.0
0.0
0.0
0.0
0.0
0.0
0.0
0.0
0.0
0.0
0.0
0.0
0.0
0.0
0.0
0.0
0.0
0.0
0.0
0.0
0.0
0.0
0.0
0.0
0.0
0.0
0.0
0.0
0.0
0.0
0.0
0.0
0.0
0.0
0.0
0.0
0.0
0.0
0.0
0.0
0.0
0.0
0.0
0.0
0.0
0.0
0.0
0.0
0.0
0.0
0.0
0.0
0.0
0.0
0.0
0.0
0.0
0.0
0.0
0.0
0.0
0.0
0.0
0.0
0.0
0.0
0.0
0.0
0.0
0.0
0.0
0.0
0.0
0.0
0.0
0.0
0.0
0.0
0.0
0.0
0.0
0.0
0.0
0.0
0.0
0.0
0.0
0.0
0.0
0.0
0.0
0.0
0.0
0.0
0.0
0.0
0.0
0.0
0.0
0.0
0.0
0.0
0.0
0.0
0.0
0.0
0.0
0.0
0.0
0.0
0.0
0.0
0.0
0.0
0.0
0.0
0.0
0.0
0.0
0.0
0.0
0.0
0.0
0.0
0.0
0.0
0.0
0.0
0.0
0.0
0.0
0.0
0.0
0.0
0.0
0.0
0.0
0.0
0.0
0.0
0.0
0.0
0.0
0.0
0.0
0.0
0.0
0.0
0.0
0.0
0.0
0.0
0.0
0.0
0.0
0.0
0.0
0.0
0.0
0.0
0.0
0.0
0.0
0.0
0.0
0.0
0.0
0.0
0.0
0.0
0.0
0.0
0.0
0.0
0.0
0.0
0.0
0.0
0.0
0.0
0.0
0.0
0.0
0.0
0.0
0.0
0.0
0.0
0.0
0.0
0.0
0.0
0.0
0.0
0.0
0.0
0.0
0.0
0.0
0.0
0.0
0.0
0.0
0.0
0.0
0.0
0.0
0.0
0.0
0.0
0.0
0.0
0.0
0.0
0.0
0.0
0.0
0.0
0.0
0.0
0.0
0.0
0.0
0.0
0.0
0.0
0.0
0.0
0.0
0.0
0.0
0.0
0.0
0.0
0.0
0.0
0.0
0.0
0.0
0.0
0.0
0.0
0.0
0.0
0.0
0.0
0.0
0.0
0.0
0.0
0.0
0.0
0.0
0.0
0.0
0.0
0.0
0.0
0.0
0.0
0.0
0.0
0.0
0.0
0.0
0.0
0.0
0.0
0.0
0.0
0.0
0.0
0.0
0.0
0.0
0.0
0.0
0.0
0.0
0.0
0.0
0.0
0.0
0.0
0.0
0.0
0.0
0.0
0.0
0.0
0.0
0.0
0.0
0.0
0.0
0.0
0.0
0.0
0.0
0.0
0.0
0.0
0.0
0.0
0.0
0.0
0.0
0.0
0.0
0.0
0.0
0.0
0.0
0.0
0.0
0.0
0.0
0.0
0.0
0.0
0.0
0.0
0.0
0.0
0.0
0.0
0.0
0.0
0.0
0.0
0.0
0.0
0.0
0.0
0.0
0.0
0.0
0.0
0.0
0.0
0.0
0.0
0.0
0.0
0.0
0.0
0.0
0.0
0.0
0.0
0.0
0.0
0.0
0.0
0.0
0.0
0.0
0.0
0.0
0.0
0.0
0.0
0.0
0.0
0.0
0.0
0.0
0.0
0.0
0.0
0.0
0.0
0.0
0.0
0.0
0.0
0.0
0.0
0.0
0.0
0.0
0.0
0.0
0.0
0.0
0.0
0.0
0.0
0.0
0.0
0.0
0.0
0.0
0.0
0.0
0.0
0.0
0.0
0.0
0.0
0.0
0.0
0.0
0.0
0.0
0.0
0.0
0.0
0.0
0.0
0.0
0.0
0.0
0.0
0.0
0.0
0.0
0.0
0.0
0.0
0.0
0.0
0.0
0.0
0.0
0.0
0.0
0.0
0.0
0.0
0.0
0.0
0.0
0.0
0.0
0.0
0.0
0.0
0.0
0.0
0.0
0.0
0.0
0.0
0.0
0.0
0.0
0.0
0.0
0.0
0.0
0.0
0.0
0.0
0.0
0.0
0.0
0.0
0.0
0.0
0.0
0.0
0.0
0.0
0.0
0.0
0.0
0.0
0.0
0.0
0.0
0.0
0.0
0.0
0.0
0.0
0.0
0.0
0.0
0.0
0.0
0.0
0.0
0.0
0.0
0.0
0.0
0.0
0.0
0.0
0.0
0.0
0.0
0.0
0.0
0.0
0.0
0.0
0.0
0.0
0.0
0.0
0.0
0.0
0.0
0.0
0.0
0.0
0.0
0.0
0.0
0.0
0.0
0.0
0.0
0.0
0.0
0.0
0.0
0.0
0.0
0.0
0.0
0.0
0.0
0.0
0.0
0.0
0.0
0.0
0.0
0.0
0.0
0.0
0.0
0.0
0.0
0.0
0.0
0.0
0.0
0.0
0.0
0.0
0.0
0.0
0.0
0.0
0.0
0.0
0.0
0.0
0.0
0.0
0.0
0.0
0.0
0.0
0.0
0.0
0.0
0.0
0.0
0.0
0.0
0.0
0.0
0.0
0.0
0.0
0.0
0.0
0.0
0.0
0.0
0.0
0.0
0.0
0.0
0.0
0.0
0.0
0.0
0.0
0.0
0.0
0.0
0.0
0.0
0.0
0.0
0.0
0.0
0.0
0.0
0.0
0.0
0.0
0.0
0.0
0.0
0.0
0.0
0.0
0.0
0.0
0.0
0.0
0.0
0.0
0.0
0.0
0.0
0.0
0.0
0.0
0.0
0.0
0.0
0.0
0.0
0.0
0.0
0.0
0.0
0.0
0.0
0.0
0.0
0.0
0.0
0.0
0.0
0.0
0.0
0.0
0.0
0.0
0.0
0.0
0.0
0.0
0.0
0.0
0.0
0.0
0.0
0.0
0.0
0.0
0.0
0.0
0.0
0.0
0.0
0.0
0.0
0.0
0.0
0.0
0.0
0.0
0.0
0.0
0.0
0.0
0.0
0.0
0.0
0.0
0.0
0.0
0.0
0.0
0.0
0.0
0.0
0.0
0.0
0.0
0.0
0.0
0.0
0.0
0.0
0.0
0.0
0.0
0.0
0.0
0.0
0.0
0.0
0.0
0.0
0.0
0.0
0.0
0.0
0.0
0.0
0.0
0.0
0.0
0.0
0.0
0.0
0.0
0.0
0.0
0.0
0.0
0.0
0.0
0.0
0.0
0.0
0.0
0.0
0.0
0.0
0.0
0.0
0.0
0.0
0.0
0.0
0.0
0.0
0.0
0.0
0.0
0.0
0.0
0.0
0.0
0.0
0.0
0.0
0.0
0.0
0.0
0.0
0.0
0.0
0.0
0.0
0.0
0.0
0.0
0.0
0.0
0.0
0.0
0.0
0.0
0.0
0.0
0.0
0.0
0.0
0.0
0.0
0.0
0.0
0.0
0.0
0.0
0.0
0.0
0.0
0.0
0.0
0.0
0.0
0.0
0.0
0.0
0.0
0.0
0.0
0.0
0.0
0.0
0.0
0.0
0.0
0.0
0.0
0.0
0.0
0.0
0.0
0.0
0.0
0.0
0.0
0.0
0.0
0.0
0.0
0.0
0.0
0.0
0.0
0.0
0.0
0.0
0.0
0.0
0.0
0.0
0.0
0.0
0.0
0.0
0.0
0.0
0.0
0.0
0.0
0.0
0.0
0.0
0.0
0.0
0.0
0.0
0.0
0.0
0.0
0.0
0.0
0.0
0.0
0.0
0.0
0.0
0.0
0.0
0.0
0.0
0.0
0.0
0.0
0.0
0.0
0.0
0.0
0.0
0.0
0.0
0.0
0.0
0.0
0.0
0.0
0.0
0.0
0.0
0.0
0.0
0.0
0.0
0.0
0.0
0.0
0.0
0.0
0.0
0.0
0.0
0.0
0.0
0.0
0.0
0.0
0.0
0.0
0.0
0.0
0.0
0.0
0.0
0.0
0.0
0.0
0.0
0.0
0.0
0.0
0.0
0.0
0.0
0.0
0.0
0.0
0.0
0.0
0.0
0.0
0.0
0.0
0.0
0.0
0.0
0.0
0.0
0.0
0.0
0.0
0.0
0.0
0.0
0.0
0.0
0.0
0.0
0.0
0.0
0.0
0.0
0.0
0.0
0.0
0.0
0.0
0.0
0.0
0.0
0.0
0.0
0.0
0.0
0.0
0.0
0.0
0.0
0.0
0.0
0.0
0.0
0.0
0.0
0.0
0.0
0.0
0.0
0.0
0.0
0.0
0.0
0.0
0.0
0.0
0.0
0.0
0.0
0.0
0.0
0.0
0.0
0.0
0.0
0.0
0.0
0.0
0.0
0.0
0.0
0.0
0.0
0.0
0.0
0.0
0.0
0.0
0.0
0.0
0.0
0.0
0.0
0.0
0.0
0.0
0.0
0.0
0.0
0.0
0.0
0.0
0.0
0.0
0.0
0.0
0.0
0.0
0.0
0.0
0.0
0.0
0.0
0.0
0.0
0.0
0.0
0.0
0.0
0.0
0.0
0.0
0.0
0.0
0.0
0.0
0.0
0.0
0.0
0.0
0.0
0.0
0.0
0.0
0.0
0.0
0.0
0.0
0.0
0.0
0.0
0.0
0.0
0.0
0.0
0.0
0.0
0.0
0.0
0.0
0.0
0.0
0.0
0.0
0.0
0.0
0.0
0.0
0.0
0.0
0.0
0.0
0.0
0.0
0.0
0.0
0.0
0.0
0.0
0.0
0.0
0.0
0.0
0.0
0.0
0.0
0.0
0.0
0.0
0.0
0.0
0.0
0.0
0.0
0.0
0.0
0.0
0.0
0.0
0.0
0.0
0.0
0.0
0.0
0.0
0.0
0.0
0.0
0.0
0.0
0.0
0.0
0.0
0.0
0.0
0.0
0.0
0.0
0.0
0.0
0.0
0.0
0.0
0.0
0.0
0.0
0.0
0.0
0.0
0.0
0.0
0.0
0.0
0.0
0.0
0.0
0.0
0.0
0.0
0.0
0.0
0.0
0.0
0.0
0.0
0.0
0.0
0.0
0.0
0.0
0.0
0.0
0.0
0.0
0.0
0.0
0.0
0.0
0.0
0.0
0.0
0.0
0.0
0.0
0.0
0.0
0.0
0.0
0.0
0.0
0.0
0.0
0.0
0.0
0.0
0.0
0.0
0.0
0.0
0.0
0.0
0.0
0.0
0.0
0.0
0.0
0.0
0.0
0.0
0.0
0.0
0.0
0.0
0.0
0.0
0.0
0.0
0.0
0.0
0.0
0.0
0.0
0.0
0.0
0.0
0.0
0.0
0.0
0.0
0.0
0.0
0.0
0.0
0.0
0.0
0.0
0.0
0.0
0.0
0.0
0.0
0.0
0.0
0.0
0.0
0.0
0.0
0.0
0.0
0.0
0.0
0.0
0.0
0.0
0.0
0.0
0.0
0.0
0.0
0.0
0.0
0.0
0.0
0.0
0.0
0.0
0.0
0.0
0.0
0.0
0.0
0.0
0.0
0.0
0.0
0.0
0.0
0.0
0.0
0.0
0.0
0.0
0.0
0.0
0.0
0.0
0.0
0.0
0.0
0.0
0.0
0.0
0.0
0.0
0.0
0.0
0.0
0.0
0.0
0.0
0.0
0.0
0.0
0.0
0.0
0.0
0.0
0.0
0.0
0.0
0.0
0.0
0.0
0.0
0.0
0.0
0.0
0.0
0.0
0.0
0.0
0.0
0.0
0.0
0.0
0.0
0.0
0.0
0.0
0.0
0.0
0.0
0.0
0.0
0.0
0.0
0.0
0.0
0.0
0.0
0.0
0.0
0.0
0.0
0.0
0.0
0.0
0.0
0.0
0.0
0.0
0.0
0.0
0.0
0.0
0.0
0.0
0.0
0.0
0.0
0.0
0.0
0.0
0.0
0.0
0.0
0.0
0.0
0.0
0.0
0.0
0.0
0.0
0.0
0.0
0.0
0.0
0.0
0.0
0.0
0.0
0.0
0.0
0.0
0.0
0.0
0.0
0.0
0.0
0.0
0.0
0.0
0.0
0.0
0.0
0.0
0.0
0.0
0.0
0.0
0.0
0.0
0.0
0.0
0.0
0.0
0.0
0.0
0.0
0.0
0.0
0.0
0.0
0.0
0.0
0.0
0.0
0.0
0.0
0.0
0.0
0.0
0.0
0.0
0.0
0.0
0.0
0.0
0.0
0.0
0.0
0.0
0.0
0.0
0.0
0.0
0.0
0.0
0.0
0.0
0.0
0.0
0.0
0.0
0.0
0.0
0.0
0.0
0.0
0.0
0.0
0.0
0.0
0.0
0.0
0.0
0.0
0.0
0.0
0.0
0.0
0.0
0.0
0.0
0.0
0.0
0.0
0.0
0.0
0.0
0.0
0.0
0.0
0.0
0.0
0.0
0.0
0.0
0.0
0.0
0.0
0.0
0.0
0.0
0.0
0.0
0.0
0.0
0.0
0.0
0.0
0.0
0.0
0.0
0.0
0.0
0.0
0.0
0.0
0.0
0.0
0.0
0.0
0.0
0.0
0.0
0.0
0.0
0.0
0.0
0.0
0.0
0.0
0.0
0.0
0.0
0.0
0.0
0.0
0.0
0.0
0.0
0.0
0.0
0.0
0.0
0.0
0.0
0.0
0.0
0.0
0.0
0.0
0.0
0.0
0.0
0.0
0.0
0.0
0.0
0.0
0.0
0.0
0.0
0.0
0.0
0.0
0.0
0.0
0.0
0.0
0.0
0.0
0.0
0.0
0.0
0.0
0.0
0.0
0.0
0.0
0.0
0.0
0.0
0.0
0.0
0.0
0.0
0.0
0.0
0.0
0.0
0.0
0.0
0.0
0.0
0.0
0.0
0.0
0.0
0.0
0.0
0.0
0.0
0.0
0.0
0.0
0.0
0.0
0.0
0.0
0.0
0.0
0.0
0.0
0.0
0.0
0.0
0.0
0.0
0.0
0.0
0.0
0.0
0.0
0.0
0.0
0.0
0.0
0.0
0.0
0.0
0.0
0.0
0.0
0.0
0.0
0.0
0.0
0.0
0.0
0.0
0.0
0.0
0.0
0.0
0.0
0.0
0.0
0.0
0.0
0.0
0.0
0.0
0.0
0.0
0.0
0.0
0.0
0.0
0.0
0.0
0.0
0.0
0.0
0.0
0.0
0.0
0.0
0.0
0.0
0.0
0.0
0.0
0.0
0.0
0.0
0.0
0.0
0.0
0.0
0.0
0.0
0.0
0.0
0.0
0.0
0.0
0.0
0.0
0.0
0.0
0.0
0.0
0.0
0.0
0.0
0.0
0.0
0.0
0.0
0.0
0.0
0.0
0.0
0.0
0.0
0.0
0.0
0.0
0.0
0.0
0.0
0.0
0.0
0.0
0.0
0.0
0.0
0.0
0.0
0.0
0.0
0.0
0.0
0.0
0.0
0.0
0.0
0.0
0.0
0.0
0.0
0.0
0.0
0.0
0.0
0.0
0.0
0.0
0.0
0.0
0.0
0.0
0.0
0.0
0.0
0.0
0.0
0.0
0.0
0.0
0.0
0.0
0.0
0.0
0.0
0.0
0.0
0.0
0.0
0.0
0.0
0.0
0.0
0.0
0.0
0.0
0.0
0.0
0.0
0.0
0.0
0.0
0.0
0.0
0.0
0.0
0.0
0.0
0.0
0.0
0.0
0.0
0.0
0.0
0.0
0.0
0.0
0.0
0.0
0.0
0.0
0.0
0.0
0.0
0.0
0.0
0.0
0.0
0.0
0.0
0.0
0.0
0.0
0.0
0.0
0.0
0.0
0.0
0.0
0.0
0.0
0.0
0.0
0.0
0.0
0.0
0.0
0.0
0.0
0.0
0.0
0.0
0.0
0.0
0.0
0.0
0.0
0.0
0.0
0.0
0.0
0.0
0.0
0.0
0.0
0.0
0.0
0.0
0.0
0.0
0.0
0.0
0.0
0.0
0.0
0.0
0.0
0.0
0.0
0.0
0.0
0.0
0.0
0.0
0.0
0.0
0.0
0.0
0.0
0.0
0.0
0.0
0.0
0.0
0.0
0.0
0.0
0.0
0.0
0.0
0.0
0.0
0.0
0.0
0.0
0.0
0.0
0.0
0.0
0.0
0.0
0.0
0.0
0.0
0.0
0.0
0.0
0.0
0.0
0.0
0.0
0.0
0.0
0.0
0.0
0.0
0.0
0.0
0.0
0.0
0.0
0.0
0.0
0.0
0.0
0.0
0.0
0.0
0.0
0.0
0.0
0.0
0.0
0.0
0.0
0.0
0.0
0.0
0.0
0.0
0.0
0.0
0.0
0.0
0.0
0.0
0.0
0.0
0.0
0.0
0.0
0.0
0.0
0.0
0.0
0.0
0.0
0.0
0.0
0.0
0.0
0.0
0.0
0.0
0.0
0.0
0.0
0.0
0.0
0.0
0.0
0.0
0.0
0.0
0.0
0.0
0.0
0.0
0.0
0.0
0.0
0.0
0.0
0.0
0.0
0.0
0.0
0.0
0.0
0.0
0.0
0.0
0.0
0.0
0.0
0.0
0.0
0.0
0.0
0.0
0.0
0.0
0.0
0.0
0.0
0.0
0.0
0.0
0.0
0.0
0.0
0.0
0.0
0.0
0.0
0.0
0.0
0.0
0.0
0.0
0.0
0.0
0.0
0.0
0.0
0.0
0.0
0.0
0.0
0.0
0.0
0.0
0.0
0.0
0.0
0.0
0.0
0.0
0.0
0.0
0.0
0.0
0.0
0.0
0.0
0.0
0.0
0.0
0.0
0.0
0.0
0.0
0.0
0.0
0.0
0.0
0.0
0.0
0.0
0.0
0.0
0.0
0.0
0.0
0.0
0.0
0.0
0.0
0.0
0.0
0.0
0.0
0.0
0.0
0.0
0.0
0.0
0.0
0.0
0.0
0.0
0.0
0.0
0.0
0.0
0.0
0.0
0.0
0.0
0.0
0.0
0.0
0.0
0.0
0.0
0.0
0.0
0.0
0.0
0.0
0.0
0.0
0.0
0.0
0.0
0.0
0.0
0.0
0.0
0.0
0.0
0.0
0.0
0.0
0.0
0.0
0.0
0.0
0.0
0.0
0.0
0.0
0.0
0.0
0.0
0.0
0.0
0.0
0.0
0.0
0.0
0.0
0.0
0.0
0.0
0.0
0.0
0.0
0.0
0.0
0.0
0.0
0.0
0.0
0.0
0.0
0.0
0.0
0.0
0.0
0.0
0.0
0.0
0.0
0.0
0.0
0.0
0.0
0.0
0.0
0.0
0.0
0.0
0.0
0.0
0.0
0.0
0.0
0.0
0.0
0.0
0.0
0.0
0.0
0.0
0.0
0.0
0.0
0.0
0.0
0.0
0.0
0.0
0.0
0.0
0.0
0.0
0.0
0.0
0.0
0.0
0.0
0.0
0.0
0.0
0.0
0.0
0.0
0.0
0.0
0.0
0.0
0.0
0.0
0.0
0.0
0.0
0.0
0.0
0.0
0.0
0.0
0.0
0.0
0.0
0.0
0.0
0.0
0.0
0.0
0.0
0.0
0.0
0.0
0.0
0.0
0.0
0.0
0.0
0.0
0.0
0.0
0.0
0.0
0.0
0.0
0.0
0.0
0.0
0.0
0.0
0.0
0.0
0.0
0.0
0.0
0.0
0.0
0.0
0.0
0.0
0.0
0.0
0.0
0.0
0.0
0.0
0.0
0.0
0.0
0.0
0.0
0.0
0.0
0.0
0.0
0.0
0.0
0.0
0.0
0.0
0.0
0.0
0.0
0.0
0.0
0.0
0.0
0.0
0.0
0.0
0.0
0.0
0.0
0.0
0.0
0.0
0.0
0.0
0.0
0.0
0.0
0.0
0.0
0.0
0.0
0.0
0.0
0.0
0.0
0.0
0.0
0.0
0.0
0.0
0.0
0.0
0.0
0.0
0.0
0.0
0.0
0.0
0.0
0.0
0.0
0.0
0.0
0.0
0.0
0.0
0.0
0.0
0.0
0.0
0.0
0.0
0.0
0.0
0.0
0.0
0.0
0.0
0.0
0.0
0.0
0.0
0.0
0.0
0.0
0.0
0.0
0.0
0.0
0.0
0.0
0.0
0.0
0.0
0.0
0.0
0.0
0.0
0.0
0.0
0.0
0.0
0.0
0.0
0.0
0.0
0.0
0.0
0.0
0.0
0.0
0.0
0.0
0.0
0.0
0.0
0.0
0.0
0.0
0.0
0.0
0.0
0.0
0.0
0.0
0.0
0.0
0.0
0.0
0.0
0.0
0.0
0.0
0.0
0.0
0.0
0.0
0.0
0.0
0.0
0.0
0.0
0.0
0.0
0.0
0.0
0.0
0.0
0.0
0.0
0.0
0.0
0.0
0.0
0.0
0.0
0.0
0.0
0.0
0.0
0.0
0.0
0.0
0.0
0.0
0.0
0.0
0.0
0.0
0.0
0.0
0.0
0.0
0.0
0.0
0.0
0.0
0.0
0.0
0.0
0.0
0.0
0.0
0.0
0.0
0.0
0.0
0.0
0.0
0.0
0.0
0.0
0.0
0.0
0.0
0.0
0.0
0.0
0.0
0.0
0.0
0.0
0.0
0.0
0.0
0.0
0.0
0.0
0.0
0.0
0.0
0.0
0.0
0.0
0.0
0.0
0.0
0.0
0.0
0.0
0.0
0.0
0.0
0.0
0.0
0.0
0.0
0.0
0.0
0.0
0.0
0.0
0.0
0.0
0.0
0.0
0.0
0.0
0.0
0.0
0.0
0.0
0.0
0.0
0.0
0.0
0.0
0.0
0.0
0.0
0.0
0.0
0.0
0.0
0.0
0.0
0.0
0.0
0.0
0.0
0.0
0.0
0.0
0.0
0.0
0.0
0.0
0.0
0.0
0.0
0.0
0.0
0.0
0.0
0.0
0.0
0.0
0.0
0.0
0.0
0.0
0.0
0.0
0.0
0.0
0.0
0.0
0.0
0.0
0.0
0.0
0.0
0.0
0.0
0.0
0.0
0.0
0.0
0.0
0.0
0.0
0.0
0.0
0.0
0.0
0.0
0.0
0.0
0.0
0.0
0.0
0.0
0.0
0.0
0.0
0.0
0.0
0.0
0.0
0.0
0.0
0.0
0.0
0.0
0.0
0.0
0.0
0.0
0.0
0.0
0.0
0.0
0.0
0.0
0.0
0.0
0.0
0.0
0.0
0.0
0.0
0.0
0.0
0.0
0.0
0.0
0.0
0.0
0.0
0.0
0.0
0.0
0.0
0.0
0.0
0.0
0.0
0.0
0.0
0.0
0.0
0.0
0.0
0.0
0.0
0.0
0.0
0.0
0.0
0.0
0.0
0.0
0.0
0.0
0.0
0.0
0.0
0.0
0.0
0.0
0.0
0.0
0.0
0.0
0.0
0.0
0.0
0.0
0.0
0.0
0.0
0.0
0.0
0.0
0.0
0.0
0.0
0.0
0.0
0.0
0.0
0.0
0.0
0.0
0.0
0.0
0.0
0.0
0.0
0.0
0.0
0.0
0.0
0.0
0.0
0.0
0.0
0.0
0.0
0.0
0.0
0.0
0.0
0.0
0.0
0.0
0.0
0.0
0.0
0.0
0.0
0.0
0.0
0.0
0.0
0.0
0.0
0.0
0.0
0.0
0.0
0.0
0.0
0.0
0.0
0.0
0.0
0.0
0.0
0.0
0.0
0.0
0.0
0.0
0.0
0.0
0.0
0.0
0.0
0.0
0.0
0.0
0.0
0.0
0.0
0.0
0.0
0.0
0.0
0.0
0.0
0.0
0.0
0.0
0.0
0.0
0.0
0.0
0.0
0.0
0.0
0.0
0.0
0.0
0.0
0.0
0.0
0.0
0.0
0.0
0.0
0.0
0.0
0.0
0.0
0.0
0.0
0.0
0.0
0.0
0.0
0.0
0.0
0.0
0.0
0.0
0.0
0.0
0.0
0.0
0.0
0.0
0.0
0.0
0.0
0.0
0.0
0.0
0.0
0.0
0.0
0.0
0.0
0.0
0.0
0.0
0.0
0.0
0.0
0.0
0.0
0.0
0.0
0.0
0.0
0.0
0.0
0.0
0.0
0.0
0.0
0.0
0.0
0.0
0.0
0.0
0.0
0.0
0.0
0.0
0.0
0.0
0.0
0.0
0.0
0.0
0.0
0.0
0.0
0.0
0.0
0.0
0.0
0.0
0.0
0.0
0.0
0.0
0.0
0.0
0.0
0.0
0.0
0.0
0.0
0.0
0.0
0.0
0.0
0.0
0.0
0.0
0.0
0.0
0.0
0.0
0.0
0.0
0.0
0.0
0.0
0.0
0.0
0.0
0.0
0.0
0.0
0.0
0.0
0.0
0.0
0.0
0.0
0.0
0.0
0.0
0.0
0.0
0.0
0.0
0.0
0.0
0.0
0.0
0.0
0.0
0.0
0.0
0.0
0.0
0.0
0.0
0.0
0.0
0.0
0.0
0.0
0.0
0.0
0.0
0.0
0.0
0.0
0.0
0.0
0.0
0.0
0.0
0.0
0.0
0.0
0.0
0.0
0.0
0.0
0.0
0.0
0.0
0.0
0.0
0.0
0.0
0.0
0.0
0.0
0.0
0.0
0.0
0.0
0.0
0.0
0.0
0.0
0.0
0.0
0.0
0.0
0.0
0.0
0.0
0.0
0.0
0.0
0.0
0.0
0.0
0.0
0.0
0.0
0.0
0.0
0.0
0.0
0.0
0.0
0.0
0.0
0.0
0.0
0.0
0.0
0.0
0.0
0.0
0.0
0.0
0.0
0.0
0.0
0.0
0.0
0.0
0.0
0.0
0.0
0.0
0.0
0.0
0.0
0.0
0.0
0.0
0.0
0.0
0.0
0.0
0.0
0.0
0.0
0.0
0.0
0.0
0.0
0.0
0.0
0.0
0.0
0.0
0.0
0.0
0.0
0.0
0.0
0.0
0.0
0.0
0.0
0.0
0.0
0.0
0.0
0.0
0.0
0.0
0.0
0.0
0.0
0.0
0.0
0.0
0.0
0.0
0.0
0.0
0.0
0.0
0.0
0.0
0.0
0.0
0.0
0.0
0.0
0.0
0.0
0.0
0.0
0.0
0.0
0.0
0.0
0.0
0.0
0.0
0.0
0.0
0.0
0.0
0.0
0.0
0.0
0.0
0.0
0.0
0.0
0.0
0.0
0.0
0.0
0.0
0.0
0.0
0.0
0.0
0.0
0.0
0.0
0.0
0.0
0.0
0.0
0.0
0.0
0.0
0.0
0.0
0.0
0.0
0.0
0.0
0.0
0.0
0.0
0.0
0.0
0.0
0.0
0.0
0.0
0.0
0.0
0.0
0.0
0.0
0.0
0.0
0.0
0.0
0.0
0.0
0.0
0.0
0.0
0.0
0.0
0.0
0.0
0.0
0.0
0.0
0.0
0.0
0.0
0.0
0.0
0.0
0.0
0.0
0.0
0.0
0.0
0.0
0.0
0.0
0.0
0.0
0.0
0.0
0.0
0.0
0.0
0.0
0.0
0.0
0.0
0.0
0.0
0.0
0.0
0.0
0.0
0.0
0.0
0.0
0.0
0.0
0.0
0.0
0.0
0.0
0.0
0.0
0.0
0.0
0.0
0.0
0.0
0.0
0.0
0.0
0.0
0.0
0.0
0.0
0.0
0.0
0.0
0.0
0.0
0.0
0.0
0.0
0.0
0.0
0.0
0.0
0.0
0.0
0.0
0.0
0.0
0.0
0.0
0.0
0.0
0.0
0.0
0.0
0.0
0.0
0.0
0.0
0.0
0.0
0.0
0.0
0.0
0.0
0.0
0.0
0.0
0.0
0.0
0.0
0.0
0.0
0.0
0.0
0.0
0.0
0.0
0.0
0.0
0.0
0.0
0.0
0.0
0.0
0.0
0.0
0.0
0.0
0.0
0.0
0.0
0.0
0.0
0.0
0.0
0.0
0.0
0.0
0.0
0.0
0.0
0.0
0.0
0.0
0.0
0.0
0.0
0.0
0.0
0.0
0.0
0.0
0.0
0.0
0.0
0.0
0.0
0.0
0.0
0.0
0.0
0.0
0.0
0.0
0.0
0.0
0.0
0.0
0.0
0.0
0.0
0.0
0.0
0.0
0.0
0.0
0.0
0.0
0.0
0.0
0.0
0.0
0.0
0.0
0.0
0.0
0.0
0.0
0.0
0.0
0.0
0.0
0.0
0.0
0.0
0.0
0.0
0.0
0.0
0.0
0.0
0.0
0.0
0.0
0.0
0.0
0.0
0.0
0.0
0.0
0.0
0.0
0.0
0.0
0.0
0.0
0.0
0.0
0.0
0.0
0.0
0.0
0.0
0.0
0.0
0.0
0.0
0.0
0.0
0.0
0.0
0.0
0.0
0.0
0.0
0.0
0.0
0.0
0.0
0.0
0.0
0.0
0.0
0.0
0.0
0.0
0.0
0.0
0.0
0.0
0.0
0.0
0.0
0.0
0.0
0.0
0.0
0.0
0.0
0.0
0.0
0.0
0.0
0.0
0.0
0.0
0.0
0.0
0.0
0.0
0.0
0.0
0.0
0.0
0.0
0.0
0.0
0.0
0.0
0.0
0.0
0.0
0.0
0.0
0.0
0.0
0.0
0.0
0.0
0.0
0.0
0.0
0.0
0.0
0.0
0.0
0.0
0.0
0.0
0.0
0.0
0.0
0.0
0.0
0.0
0.0
0.0
0.0
0.0
0.0
0.0
0.0
0.0
0.0
0.0
0.0
0.0
0.0
0.0
0.0
0.0
0.0
0.0
0.0
0.0
0.0
0.0
0.0
0.0
0.0
0.0
0.0
0.0
0.0
0.0
0.0
0.0
0.0
0.0
0.0
0.0
0.0
0.0
0.0
0.0
0.0
0.0
0.0
0.0
0.0
0.0
0.0
0.0
0.0
0.0
0.0
0.0
0.0
0.0
0.0
0.0
0.0
0.0
0.0
0.0
0.0
0.0
0.0
0.0
0.0
0.0
0.0
0.0
0.0
0.0
0.0
0.0
0.0
0.0
0.0
0.0
0.0
0.0
0.0
0.0
0.0
0.0
0.0
0.0
0.0
0.0
0.0
0.0
0.0
0.0
0.0
0.0
0.0
0.0
0.0
0.0
0.0
0.0
0.0
0.0
0.0
0.0
0.0
0.0
0.0
0.0
0.0
0.0
0.0
0.0
0.0
0.0
0.0
0.0
0.0
0.0
0.0
0.0
0.0
0.0
0.0
0.0
0.0
0.0
0.0
0.0
0.0
0.0
0.0
0.0
0.0
0.0
0.0
0.0
0.0
0.0
0.0
0.0
0.0
0.0
0.0
0.0
0.0
0.0
0.0
0.0
0.0
0.0
0.0
0.0
0.0
0.0
0.0
0.0
0.0
0.0
0.0
0.0
0.0
0.0
0.0
0.0
0.0
0.0
0.0
0.0
0.0
0.0
0.0
0.0
0.0
0.0
0.0
0.0
0.0
0.0
0.0
0.0
0.0
0.0
0.0
0.0
0.0
0.0
0.0
0.0
0.0
0.0
0.0
0.0
0.0
0.0
0.0
0.0
0.0
0.0
0.0
0.0
0.0
0.0
0.0
0.0
0.0
0.0
0.0
0.0
0.0
0.0
0.0
0.0
0.0
0.0
0.0
0.0
0.0
0.0
0.0
0.0
0.0
0.0
0.0
0.0
0.0
0.0
0.0
0.0
0.0
0.0
0.0
0.0
0.0
0.0
0.0
0.0
0.0
0.0
0.0
0.0
0.0
0.0
0.0
0.0
0.0
0.0
0.0
0.0
0.0
0.0
0.0
0.0
0.0
0.0
0.0
0.0
0.0
0.0
0.0
0.0
0.0
0.0
0.0
0.0
0.0
0.0
0.0
0.0
0.0
0.0
0.0
0.0
0.0
0.0
0.0
0.0
0.0
0.0
0.0
0.0
0.0
0.0
0.0
0.0
0.0
0.0
0.0
0.0
0.0
0.0
0.0
0.0
0.0
0.0
0.0
0.0
0.0
0.0
0.0
0.0
0.0
0.0
0.0
0.0
0.0
0.0
0.0
0.0
0.0
0.0
0.0
0.0
0.0
0.0
0.0
0.0
0.0
0.0
0.0
0.0
0.0
0.0
0.0
0.0
0.0
0.0
0.0
0.0
0.0
0.0
0.0
0.0
0.0
0.0
0.0
0.0
0.0
0.0
0.0
0.0
0.0
0.0
0.0
0.0
0.0
0.0
0.0
0.0
0.0
0.0
0.0
0.0
0.0
0.0
0.0
0.0
0.0
0.0
0.0
0.0
0.0
0.0
0.0
0.0
0.0
0.0
0.0
0.0
0.0
0.0
0.0
0.0
0.0
0.0
0.0
0.0
0.0
0.0
0.0
0.0
0.0
0.0
0.0
0.0
0.0
0.0
0.0
0.0
0.0
0.0
0.0
0.0
0.0
0.0
0.0
0.0
0.0
0.0
0.0
0.0
0.0
0.0
0.0
0.0
0.0
0.0
0.0
0.0
0.0
0.0
0.0
0.0
0.0
0.0
0.0
0.0
0.0
0.0
0.0
0.0
0.0
0.0
0.0
0.0
0.0
0.0
0.0
0.0
0.0
0.0
0.0
0.0
0.0
0.0
0.0
0.0
0.0
0.0
0.0
0.0
0.0
0.0
0.0
0.0
0.0
0.0
0.0
0.0
0.0
0.0
0.0
0.0
0.0
0.0
0.0
0.0
0.0
0.0
0.0
0.0
0.0
0.0
0.0
0.0
0.0
0.0
0.0
0.0
0.0
0.0
0.0
0.0
0.0
0.0
0.0
0.0
0.0
0.0
0.0
0.0
0.0
0.0
0.0
0.0
0.0
0.0
0.0
0.0
0.0
0.0
0.0
0.0
0.0
0.0
0.0
0.0
0.0
0.0
0.0
0.0
0.0
0.0
0.0
0.0
0.0
0.0
0.0
0.0
0.0
0.0
0.0
0.0
0.0
0.0
0.0
0.0
0.0
0.0
0.0
0.0
0.0
0.0
0.0
0.0
0.0
0.0
0.0
0.0
0.0
0.0
0.0
0.0
0.0
0.0
0.0
0.0
0.0
0.0
0.0
0.0
0.0
0.0
0.0
0.0
0.0
0.0
0.0
0.0
0.0
0.0
0.0
0.0
0.0
0.0
0.0
0.0
0.0
0.0
0.0
0.0
0.0
0.0
0.0
0.0
0.0
0.0
0.0
0.0
0.0
0.0
0.0
0.0
0.0
0.0
0.0
0.0
0.0
0.0
0.0
0.0
0.0
0.0
0.0
0.0
0.0
0.0
0.0
0.0
0.0
0.0
0.0
0.0
0.0
0.0
0.0
0.0
0.0
0.0
0.0
0.0
0.0
0.0
0.0
0.0
0.0
0.0
0.0
0.0
0.0
0.0
0.0
0.0
0.0
0.0
0.0
0.0
0.0
0.0
0.0
0.0
0.0
0.0
0.0
0.0
0.0
0.0
0.0
0.0
0.0
0.0
0.0
0.0
0.0
0.0
0.0
0.0
0.0
0.0
0.0
0.0
0.0
0.0
0.0
0.0
0.0
0.0
0.0
0.0
0.0
0.0
0.0
0.0
0.0
0.0
0.0
0.0
0.0
0.0
0.0
0.0
0.0
0.0
0.0
0.0
0.0
0.0
0.0
0.0
0.0
0.0
0.0
0.0
0.0
0.0
0.0
0.0
0.0
0.0
0.0
0.0
0.0
0.0
0.0
0.0
0.0
0.0
0.0
0.0
0.0
0.0
0.0
0.0
0.0
0.0
0.0
0.0
0.0
0.0
0.0
0.0
0.0
0.0
0.0
0.0
0.0
0.0
0.0
0.0
0.0
0.0
0.0
0.0
0.0
0.0
0.0
0.0
0.0
0.0
0.0
0.0
0.0
0.0
0.0
0.0
0.0
0.0
0.0
0.0
0.0
0.0
0.0
0.0
0.0
0.0
0.0
0.0
0.0
0.0
0.0
0.0
0.0
0.0
0.0
0.0
0.0
0.0
0.0
0.0
0.0
0.0
0.0
0.0
0.0
0.0
0.0
0.0
0.0
0.0
0.0
0.0
0.0
0.0
0.0
0.0
0.0
0.0
0.0
0.0
0.0
0.0
0.0
0.0
0.0
0.0
0.0
0.0
0.0
0.0
0.0
0.0
0.0
0.0
0.0
0.0
0.0
0.0
0.0
0.0
0.0
0.0
0.0
0.0
0.0
0.0
0.0
0.0
0.0
0.0
0.0
0.0
0.0
0.0
0.0
0.0
0.0
0.0
0.0
0.0
0.0
0.0
0.0
0.0
0.0
0.0
0.0
0.0
0.0
0.0
0.0
0.0
0.0
0.0
0.0
0.0
0.0
0.0
0.0
0.0
0.0
0.0
0.0
0.0
0.0
0.0
0.0
0.0
0.0
0.0
0.0
0.0
0.0
0.0
0.0
0.0
0.0
0.0
0.0
0.0
0.0
0.0
0.0
0.0
0.0
0.0
0.0
0.0
0.0
0.0
0.0
0.0
0.0
0.0
0.0
0.0
0.0
0.0
0.0
0.0
0.0
0.0
0.0
0.0
0.0
0.0
0.0
0.0
0.0
0.0
0.0
0.0
0.0
0.0
0.0
0.0
0.0
0.0
0.0
0.0
0.0
0.0
0.0
0.0
0.0
0.0
0.0
0.0
0.0
0.0
0.0
0.0
0.0
0.0
0.0
0.0
0.0
0.0
0.0
0.0
0.0
0.0
0.0
0.0
0.0
0.0
0.0
0.0
0.0
0.0
0.0
0.0
0.0
0.0
0.0
0.0
0.0
0.0
0.0
0.0
0.0
0.0
0.0
0.0
0.0
0.0
0.0
0.0
0.0
0.0
0.0
0.0
0.0
0.0
0.0
0.0
0.0
0.0
0.0
0.0
0.0
0.0
0.0
0.0
0.0
0.0
0.0
0.0
0.0
0.0
0.0
0.0
0.0
0.0
0.0
0.0
0.0
0.0
0.0
0.0
0.0
0.0
0.0
0.0
0.0
0.0
0.0
0.0
0.0
0.0
0.0
0.0
0.0
0.0
0.0
0.0
0.0
0.0
0.0
0.0
0.0
0.0
0.0
0.0
0.0
0.0
0.0
0.0
0.0
0.0
0.0
0.0
0.0
0.0
0.0
0.0
0.0
0.0
0.0
0.0
0.0
0.0
0.0
0.0
0.0
0.0
0.0
0.0
0.0
0.0
0.0
0.0
0.0
0.0
0.0
0.0
0.0
0.0
0.0
0.0
0.0
0.0
0.0
0.0
0.0
0.0
0.0
0.0
0.0
0.0
0.0
0.0
0.0
0.0
0.0
0.0
0.0
0.0
0.0
0.0
0.0
0.0
0.0
0.0
0.0
0.0
0.0
0.0
0.0
0.0
0.0
0.0
0.0
0.0
0.0
0.0
0.0
0.0
0.0
0.0
0.0
0.0
0.0
0.0
0.0
0.0
0.0
0.0
0.0
0.0
0.0
0.0
0.0
0.0
0.0
0.0
0.0
0.0
0.0
0.0
0.0
0.0
0.0
0.0
0.0
0.0
0.0
0.0
0.0
0.0
0.0
0.0
0.0
0.0
0.0
0.0
0.0
0.0
0.0
0.0
0.0
0.0
0.0
0.0
0.0
0.0
0.0
0.0
0.0
0.0
0.0
0.0
0.0
0.0
0.0
0.0
0.0
0.0
0.0
0.0
0.0
0.0
0.0
0.0
0.0
0.0
0.0
0.0
0.0
0.0
0.0
0.0
0.0
0.0
0.0
0.0
0.0
0.0
0.0
0.0
0.0
0.0
0.0
0.0
0.0
0.0
0.0
0.0
0.0
0.0
0.0
0.0
0.0
0.0
0.0
0.0
0.0
0.0
0.0
0.0
0.0
0.0
0.0
0.0
0.0
0.0
0.0
0.0
0.0
0.0
0.0
0.0
0.0
0.0
0.0
0.0
0.0
0.0
0.0
0.0
0.0
0.0
0.0
0.0
0.0
0.0
0.0
0.0
0.0
0.0
0.0
0.0
0.0
0.0
0.0
0.0
0.0
0.0
0.0
0.0
0.0
0.0
0.0
0.0
0.0
0.0
0.0
0.0
0.0
0.0
0.0
0.0
0.0
0.0
0.0
0.0
0.0
0.0
0.0
0.0
0.0
0.0
0.0
0.0
0.0
0.0
0.0
0.0
0.0
0.0
0.0
0.0
0.0
0.0
0.0
0.0
0.0
0.0
0.0
0.0
0.0
0.0
0.0
0.0
0.0
0.0
0.0
0.0
0.0
0.0
0.0
0.0
0.0
0.0
0.0
0.0
0.0
0.0
0.0
0.0
0.0
0.0
0.0
0.0
0.0
0.0
0.0
0.0
0.0
0.0
0.0
0.0
0.0
0.0
0.0
0.0
0.0
0.0
0.0
0.0
0.0
0.0
0.0
0.0
0.0
0.0
0.0
0.0
0.0
0.0
0.0
0.0
0.0
0.0
0.0
0.0
0.0
0.0
0.0
0.0
0.0
0.0
0.0
0.0
0.0
0.0
0.0
0.0
0.0
0.0
0.0
0.0
0.0
0.0
0.0
0.0
0.0
0.0
0.0
0.0
0.0
0.0
0.0
0.0
0.0
0.0
0.0
0.0
0.0
0.0
0.0
0.0
0.0
0.0
0.0
0.0
0.0
0.0
0.0
0.0
0.0
0.0
0.0
0.0
0.0
0.0
0.0
0.0
0.0
0.0
0.0
0.0
0.0
0.0
0.0
0.0
0.0
0.0
0.0
0.0
0.0
0.0
0.0
0.0
0.0
0.0
0.0
0.0
0.0
0.0
0.0
0.0
0.0
0.0
0.0
0.0
0.0
0.0
0.0
0.0
0.0
0.0
0.0
0.0
0.0
0.0
0.0
0.0
0.0
0.0
0.0
0.0
0.0
0.0
0.0
0.0
0.0
0.0
0.0
0.0
0.0
0.0
0.0
0.0
0.0
0.0
0.0
0.0
0.0
0.0
0.0
0.0
0.0
0.0
0.0
0.0
0.0
0.0
0.0
0.0
0.0
0.0
0.0
0.0
0.0
0.0
0.0
0.0
0.0
0.0
0.0
0.0
0.0
0.0
0.0
0.0
0.0
0.0
0.0
0.0
0.0
0.0
0.0
0.0
0.0
0.0
0.0
0.0
0.0
0.0
0.0
0.0
0.0
0.0
0.0
0.0
0.0
0.0
0.0
0.0
0.0
0.0
0.0
0.0
0.0
0.0
0.0
0.0
0.0
0.0
0.0
0.0
0.0
0.0
0.0
0.0
0.0
0.0
0.0
0.0
0.0
0.0
0.0
0.0
0.0
0.0
0.0
0.0
0.0
0.0
0.0
0.0
0.0
0.0
0.0
0.0
0.0
0.0
0.0
0.0
0.0
0.0
0.0
0.0
0.0
0.0
0.0
0.0
0.0
0.0
0.0
0.0
0.0
0.0
0.0
0.0
0.0
0.0
0.0
0.0
0.0
0.0
0.0
0.0
0.0
0.0
0.0
0.0
0.0
0.0
0.0
0.0
0.0
0.0
0.0
0.0
0.0
0.0
0.0
0.0
0.0
0.0
0.0
0.0
0.0
0.0
0.0
0.0
0.0
0.0
0.0
0.0
0.0
0.0
0.0
0.0
0.0
0.0
0.0
0.0
0.0
0.0
0.0
0.0
0.0
0.0
0.0
0.0
0.0
0.0
0.0
0.0
0.0
0.0
0.0
0.0
0.0
0.0
0.0
0.0
0.0
0.0
0.0
0.0
0.0
0.0
0.0
0.0
0.0
0.0
0.0
0.0
0.0
0.0
0.0
0.0
0.0
0.0
0.0
0.0
0.0
0.0
0.0
0.0
0.0
0.0
0.0
0.0
0.0
0.0
0.0
0.0
0.0
0.0
0.0
0.0
0.0
0.0
0.0
0.0
0.0
0.0
0.0
0.0
0.0
0.0
0.0
0.0
0.0
0.0
0.0
0.0
0.0
0.0
0.0
0.0
0.0
0.0
0.0
0.0
0.0
0.0
0.0
0.0
0.0
0.0
0.0
0.0
0.0
0.0
0.0
0.0
0.0
0.0
0.0
0.0
0.0
0.0
0.0
0.0
0.0
0.0
0.0
0.0
0.0
0.0
0.0
0.0
0.0
0.0
0.0
0.0
0.0
0.0
0.0
0.0
0.0
0.0
0.0
0.0
0.0
0.0
0.0
0.0
0.0
0.0
0.0
0.0
0.0
0.0
0.0
0.0
0.0
0.0
0.0
0.0
0.0
0.0
0.0
0.0
0.0
0.0
0.0
0.0
0.0
0.0
0.0
0.0
0.0
0.0
0.0
0.0
0.0
0.0
0.0
0.0
0.0
0.0
0.0
0.0
0.0
0.0
0.0
0.0
0.0
0.0
0.0
0.0
0.0
0.0
0.0
0.0
0.0
0.0
0.0
0.0
0.0
0.0
0.0
0.0
0.0
0.0
0.0
0.0
0.0
0.0
0.0
0.0
0.0
0.0
0.0
0.0
0.0
0.0
0.0
0.0
0.0
0.0
0.0
0.0
0.0
0.0
0.0
0.0
0.0
0.0
0.0
0.0
0.0
0.0
0.0
0.0
0.0
0.0
0.0
0.0
0.0
0.0
0.0
0.0
0.0
0.0
0.0
0.0
0.0
0.0
0.0
0.0
0.0
0.0
0.0
0.0
0.0
0.0
0.0
0.0
0.0
0.0
0.0
0.0
0.0
0.0
0.0
0.0
0.0
0.0
0.0
0.0
0.0
0.0
0.0
0.0
0.0
0.0
0.0
0.0
0.0
0.0
0.0
0.0
0.0
0.0
0.0
0.0
0.0
0.0
0.0
0.0
0.0
0.0
0.0
0.0
0.0
0.0
0.0
0.0
0.0
0.0
0.0
0.0
0.0
0.0
0.0
0.0
0.0
0.0
0.0
0.0
0.0
0.0
0.0
0.0
0.0
0.0
0.0
0.0
0.0
0.0
0.0
0.0
0.0
0.0
0.0
0.0
0.0
0.0
0.0
0.0
0.0
0.0
0.0
0.0
0.0
0.0
0.0
0.0
0.0
0.0
0.0
0.0
0.0
0.0
0.0
0.0
0.0
0.0
0.0
0.0
0.0
0.0
0.0
0.0
0.0
0.0
0.0
0.0
0.0
0.0
0.0
0.0
0.0
0.0
0.0
0.0
0.0
0.0
0.0
0.0
0.0
0.0
0.0
0.0
0.0
0.0
0.0
0.0
0.0
0.0
0.0
0.0
0.0
0.0
0.0
0.0
0.0
0.0
0.0
0.0
0.0
0.0
0.0
0.0
0.0
0.0
0.0
0.0
0.0
0.0
0.0
0.0
0.0
0.0
0.0
0.0
0.0
0.0
0.0
0.0
0.0
0.0
0.0
0.0
0.0
0.0
0.0
0.0
0.0
0.0
0.0
0.0
0.0
0.0
0.0
0.0
0.0
0.0
0.0
0.0
0.0
0.0
0.0
0.0
0.0
0.0
0.0
0.0
0.0
0.0
0.0
0.0
0.0
0.0
0.0
0.0
0.0
0.0
0.0
0.0
0.0
0.0
0.0
0.0
0.0
0.0
0.0
0.0
0.0
0.0
0.0
0.0
0.0
0.0
0.0
0.0
0.0
0.0
0.0
0.0
0.0
0.0
0.0
0.0
0.0
0.0
0.0
0.0
0.0
0.0
0.0
0.0
0.0
0.0
0.0
0.0
0.0
0.0
0.0
0.0
0.0
0.0
0.0
0.0
0.0
0.0
0.0
0.0
0.0
0.0
0.0
0.0
0.0
0.0
0.0
0.0
0.0
0.0
0.0
0.0
0.0
0.0
0.0
0.0
0.0
0.0
0.0
0.0
0.0
0.0
0.0
0.0
0.0
0.0
0.0
0.0
0.0
0.0
0.0
0.0
0.0
0.0
0.0
0.0
0.0
0.0
0.0
0.0
0.0
0.0
0.0
0.0
0.0
0.0
0.0
0.0
0.0
0.0
0.0
0.0
0.0
0.0
0.0
0.0
0.0
0.0
0.0
0.0
0.0
0.0
0.0
0.0
0.0
0.0
0.0
0.0
0.0
0.0
0.0
0.0
0.0
0.0
0.0
0.0
0.0
0.0
0.0
0.0
0.0
0.0
0.0
0.0
0.0
0.0
0.0
0.0
0.0
0.0
0.0
0.0
0.0
0.0
0.0
0.0
0.0
0.0
0.0
0.0
0.0
0.0
0.0
0.0
0.0
0.0
0.0
0.0
0.0
0.0
0.0
0.0
0.0
0.0
0.0
0.0
0.0
0.0
0.0
0.0
0.0
0.0
0.0
0.0
0.0
0.0
0.0
0.0
0.0
0.0
0.0
0.0
0.0
0.0
0.0
0.0
0.0
0.0
0.0
0.0
0.0
0.0
0.0
0.0
0.0
0.0
0.0
0.0
0.0
0.0
0.0
0.0
0.0
0.0
0.0
0.0
0.0
0.0
0.0
0.0
0.0
0.0
0.0
0.0
0.0
0.0
0.0
0.0
0.0
0.0
0.0
0.0
0.0
0.0
0.0
0.0
0.0
0.0
0.0
0.0
0.0
0.0
0.0
0.0
0.0
0.0
0.0
0.0
0.0
0.0
0.0
0.0
0.0
0.0
0.0
0.0
0.0
0.0
0.0
0.0
0.0
0.0
0.0
0.0
0.0
0.0
0.0
0.0
0.0
0.0
0.0
0.0
0.0
0.0
0.0
0.0
0.0
0.0
0.0
0.0
0.0
0.0
0.0
0.0
0.0
0.0
0.0
0.0
0.0
0.0
0.0
0.0
0.0
0.0
0.0
0.0
0.0
0.0
0.0
0.0
0.0
0.0
0.0
0.0
0.0
0.0
0.0
0.0
0.0
0.0
0.0
0.0
0.0
0.0
0.0
0.0
0.0
0.0
0.0
0.0
0.0
0.0
0.0
0.0
0.0
0.0
0.0
0.0
0.0
0.0
0.0
0.0
0.0
0.0
0.0
0.0
0.0
0.0
0.0
0.0
0.0
0.0
0.0
0.0
0.0
0.0
0.0
0.0
0.0
0.0
0.0
0.0
0.0
0.0
0.0
0.0
0.0
0.0
0.0
0.0
0.0
0.0
0.0
0.0
0.0
0.0
0.0
0.0
0.0
0.0
0.0
0.0
0.0
0.0
0.0
0.0
0.0
0.0
0.0
0.0
0.0
0.0
0.0
0.0
0.0
0.0
0.0
0.0
0.0
0.0
0.0
0.0
0.0
0.0
0.0
0.0
0.0
0.0
0.0
0.0
0.0
0.0
0.0
0.0
0.0
0.0
0.0
0.0
0.0
0.0
0.0
0.0
0.0
0.0
0.0
0.0
0.0
0.0
0.0
0.0
0.0
0.0
0.0
0.0
0.0
0.0
0.0
0.0
0.0
0.0
0.0
0.0
0.0
0.0
0.0
0.0
0.0
0.0
0.0
0.0
0.0
0.0
0.0
0.0
0.0
0.0
0.0
0.0
0.0
0.0
0.0
0.0
0.0
0.0
0.0
0.0
0.0
0.0
0.0
0.0
0.0
0.0
0.0
0.0
0.0
0.0
0.0
0.0
0.0
0.0
0.0
0.0
0.0
0.0
0.0
0.0
0.0
0.0
0.0
0.0
0.0
0.0
0.0
0.0
0.0
0.0
0.0
0.0
0.0
0.0
0.0
0.0
0.0
0.0
0.0
0.0
0.0
0.0
0.0
0.0
0.0
0.0
0.0
0.0
0.0
0.0
0.0
0.0
0.0
0.0
0.0
0.0
0.0
0.0
0.0
0.0
0.0
0.0
0.0
0.0
0.0
0.0
0.0
0.0
0.0
0.0
0.0
0.0
0.0
0.0
0.0
0.0
0.0
0.0
0.0
0.0
0.0
0.0
0.0
0.0
0.0
0.0
0.0
0.0
0.0
0.0
0.0
0.0
0.0
0.0
0.0
0.0
0.0
0.0
0.0
0.0
0.0
0.0
0.0
0.0
0.0
0.0
0.0
0.0
0.0
0.0
0.0
0.0
0.0
0.0
0.0
0.0
0.0
0.0
0.0
0.0
0.0
0.0
0.0
0.0
0.0
0.0
0.0
0.0
0.0
0.0
0.0
0.0
0.0
0.0
0.0
0.0
0.0
0.0
0.0
0.0
0.0
0.0
0.0
0.0
0.0
0.0
0.0
0.0
0.0
0.0
0.0
0.0
0.0
0.0
0.0
0.0
0.0
0.0
0.0
0.0
0.0
0.0
0.0
0.0
0.0
0.0
0.0
0.0
0.0
0.0
0.0
0.0
0.0
0.0
0.0
0.0
0.0
0.0
0.0
0.0
0.0
0.0
0.0
0.0
0.0
0.0
0.0
0.0
0.0
0.0
0.0
0.0
0.0
0.0
0.0
0.0
0.0
0.0
0.0
0.0
0.0
0.0
0.0
0.0
0.0
0.0
0.0
0.0
0.0
0.0
0.0
0.0
0.0
0.0
0.0
0.0
0.0
0.0
0.0
0.0
0.0
0.0
0.0
0.0
0.0
0.0
0.0
0.0
0.0
0.0
0.0
0.0
0.0
0.0
0.0
0.0
0.0
0.0
0.0
0.0
0.0
0.0
0.0
0.0
0.0
0.0
0.0
0.0
0.0
0.0
0.0
0.0
0.0
0.0
0.0
0.0
0.0
0.0
0.0
0.0
0.0
0.0
0.0
0.0
0.0
0.0
0.0
0.0
0.0
0.0
0.0
0.0
0.0
0.0
0.0
0.0
0.0
0.0
0.0
0.0
0.0
0.0
0.0
0.0
0.0
0.0
0.0
0.0
0.0
0.0
0.0
0.0
0.0
0.0
0.0
0.0
0.0
0.0
0.0
0.0
0.0
0.0
0.0
0.0
0.0
0.0
0.0
0.0
0.0
0.0
0.0
0.0
0.0
0.0
0.0
0.0
0.0
0.0
0.0
0.0
0.0
0.0
0.0
0.0
0.0
0.0
0.0
0.0
0.0
0.0
0.0
0.0
0.0
0.0
0.0
0.0
0.0
0.0
0.0
0.0
0.0
0.0
0.0
0.0
0.0
0.0
0.0
0.0
0.0
0.0
0.0
0.0
0.0
0.0
0.0
0.0
0.0
0.0
0.0
0.0
0.0
0.0
0.0
0.0
0.0
0.0
0.0
0.0
0.0
0.0
0.0
0.0
0.0
0.0
0.0
0.0
0.0
0.0
0.0
0.0
0.0
0.0
0.0
0.0
0.0
0.0
0.0
0.0
0.0
0.0
0.0
0.0
0.0
0.0
0.0
0.0
0.0
0.0
0.0
0.0
0.0
0.0
0.0
0.0
0.0
0.0
0.0
0.0
0.0
0.0
0.0
0.0
0.0
0.0
0.0
0.0
0.0
0.0
0.0
0.0
0.0
0.0
0.0
0.0
0.0
0.0
0.0
0.0
0.0
0.0
0.0
0.0
0.0
0.0
0.0
0.0
0.0
0.0
0.0
0.0
0.0
0.0
0.0
0.0
0.0
0.0
0.0
0.0
0.0
0.0
0.0
0.0
0.0
0.0
0.0
0.0
0.0
0.0
0.0
0.0
0.0
0.0
0.0
0.0
0.0
0.0
0.0
0.0
0.0
0.0
0.0
0.0
0.0
0.0
0.0
0.0
0.0
0.0
0.0
0.0
0.0
0.0
0.0
0.0
0.0
0.0
0.0
0.0
0.0
0.0
0.0
0.0
0.0
0.0
0.0
0.0
0.0
0.0
0.0
0.0
0.0
0.0
0.0
0.0
0.0
0.0
0.0
0.0
0.0
0.0
0.0
0.0
0.0
0.0
0.0
0.0
0.0
0.0
0.0
0.0
0.0
0.0
0.0
0.0
0.0
0.0
0.0
0.0
0.0
0.0
0.0
0.0
0.0
0.0
0.0
0.0
0.0
0.0
0.0
0.0
0.0
0.0
0.0
0.0
0.0
0.0
0.0
0.0
0.0
0.0
0.0
0.0
0.0
0.0
0.0
0.0
0.0
0.0
0.0
0.0
0.0
0.0
0.0
0.0
0.0
0.0
0.0
0.0
0.0
0.0
0.0
0.0
0.0
0.0
0.0
0.0
0.0
0.0
0.0
0.0
0.0
0.0
0.0
0.0
0.0
0.0
0.0
0.0
0.0
0.0
0.0
0.0
0.0
0.0
0.0
0.0
0.0
0.0
0.0
0.0
0.0
0.0
0.0
0.0
0.0
0.0
0.0
0.0
0.0
0.0
0.0
0.0
0.0
0.0
0.0
0.0
0.0
0.0
0.0
0.0
0.0
0.0
0.0
0.0
0.0
0.0
0.0
0.0
0.0
0.0
0.0
0.0
0.0
0.0
0.0
0.0
0.0
0.0
0.0
0.0
0.0
0.0
0.0
0.0
0.0
0.0
0.0
0.0
0.0
0.0
0.0
0.0
0.0
0.0
0.0
0.0
0.0
0.0
0.0
0.0
0.0
0.0
0.0
0.0
0.0
0.0
0.0
0.0
0.0
0.0
0.0
0.0
0.0
0.0
0.0
0.0
0.0
0.0
0.0
0.0
0.0
0.0
0.0
0.0
0.0
0.0
0.0
0.0
0.0
0.0
0.0
0.0
0.0
0.0
0.0
0.0
0.0
0.0
0.0
0.0
0.0
0.0
0.0
0.0
0.0
0.0
0.0
0.0
0.0
0.0
0.0
0.0
0.0
0.0
0.0
0.0
0.0
0.0
0.0
0.0
0.0
0.0
0.0
0.0
0.0
0.0
0.0
0.0
0.0
0.0
0.0
0.0
0.0
0.0
0.0
0.0
0.0
0.0
0.0
0.0
0.0
0.0
0.0
0.0
0.0
0.0
0.0
0.0
0.0
0.0
0.0
0.0
0.0
0.0
0.0
0.0
0.0
0.0
0.0
0.0
0.0
0.0
0.0
0.0
0.0
0.0
0.0
0.0
0.0
0.0
0.0
0.0
0.0
0.0
0.0
0.0
0.0
0.0
0.0
0.0
0.0
0.0
0.0
0.0
0.0
0.0
0.0
0.0
0.0
0.0
0.0
0.0
0.0
0.0
0.0
0.0
0.0
0.0
0.0
0.0
0.0
0.0
0.0
0.0
0.0
0.0
0.0
0.0
0.0
0.0
0.0
0.0
0.0
0.0
0.0
0.0
0.0
0.0
0.0
0.0
0.0
0.0
0.0
0.0
0.0
0.0
0.0
0.0
0.0
0.0
0.0
0.0
0.0
0.0
0.0
0.0
0.0
0.0
0.0
0.0
0.0
0.0
0.0
0.0
0.0
0.0
0.0
0.0
0.0
0.0
0.0
0.0
0.0
0.0
0.0
0.0
0.0
0.0
0.0
0.0
0.0
0.0
0.0
0.0
0.0
0.0
0.0
0.0
0.0
0.0
0.0
0.0
0.0
0.0
0.0
0.0
0.0
0.0
0.0
0.0
0.0
0.0
0.0
0.0
0.0
0.0
0.0
0.0
0.0
